
Start_ns, stop_ns,  spent_ns
693627430, 695323772, 1696342
695459657, 696683885, 1224228
696803770, 697916799, 1113029
698191199, 699301142, 1109943
699423657, 700536571, 1112914
700659542, 701768228, 1108686
701887656, 702985942, 1098286
703245714, 704628799, 1383085
704757714, 705878171, 1120457
705997599, 707273485, 1275886
707396685, 708512914, 1116229
708636114, 709737142, 1101028
709857142, 710965142, 1108000
711226628, 712360799, 1134171
712483657, 713595428, 1111771
713714628, 714803999, 1089371
714920914, 716182057, 1261143
716304342, 717428914, 1124572
717551428, 718652228, 1100800
718769714, 719866971, 1097257
719984571, 721226628, 1242057
721349942, 722475428, 1125486
722598057, 723689828, 1091771
723807314, 724915085, 1107771
725186971, 726299771, 1112800
726421599, 727542171, 1120572
727665599, 728772456, 1106857
728892685, 729996114, 1103429
730254171, 731378514, 1124343
731501599, 732592914, 1091315
732710285, 733799428, 1089143
733916685, 735163428, 1246743
735287771, 736413371, 1125600
736535999, 737651999, 1116000
737769142, 738875999, 1106857
738995085, 740231885, 1236800
740354399, 741479542, 1125143
741602971, 742704342, 1101371
742823656, 743914056, 1090400
744180799, 745311999, 1131200
745434057, 746554171, 1120114
746672228, 747758742, 1086514
747876114, 749138171, 1262057
749262857, 750390857, 1128000
750513485, 751627656, 1114171
751746056, 752850742, 1104686
752969942, 754219542, 1249600
754342171, 755469942, 1127771
755593256, 756708571, 1115315
756828114, 757909828, 1081714
758176571, 759293714, 1117143
759417599, 760529714, 1112115
760652685, 761777942, 1125257
761897371, 762998628, 1101257
763258171, 764379999, 1121828
764502628, 765608571, 1105943
765725942, 766837485, 1111543
766956571, 768180114, 1223543
768303657, 769437142, 1133485
769559542, 770662399, 1102857
770780114, 771886056, 1105942
772005256, 773277714, 1272458
773400571, 774520342, 1119771
774644114, 775727885, 1083771
775845714, 776949142, 1103428
777210285, 778357942, 1147657
778480571, 779599885, 1119314
779717599, 780806971, 1089372
780923999, 782163771, 1239772
782287771, 783410742, 1122971
783533142, 784643999, 1110857
784761828, 785855885, 1094057
785972571, 787210971, 1238400
787333485, 788448914, 1115429
788572799, 789670171, 1097372
789788456, 790892342, 1103886
791011085, 792261257, 1250172
792383542, 793503199, 1119657
793625485, 794716571, 1091086
794836342, 795934171, 1097829
796202857, 797320571, 1117714
797443542, 798549714, 1106172
798667085, 799764114, 1097029
799884228, 800763085, 878857
800881256, 806319200, 5437944
806446285, 807564229, 1117944
807683200, 808786172, 1102972
808903200, 810022743, 1119543
810280229, 811401943, 1121714
811524915, 812618286, 1093371
812735772, 813840914, 1105142
813959086, 815180915, 1221829
815304800, 816427429, 1122629
816550400, 817645714, 1095314
817762857, 818863200, 1100343
818981486, 820231429, 1249943
820354286, 821470972, 1116686
821594057, 822686857, 1092800
822803886, 823887771, 1083885
824005371, 825268000, 1262629
825390743, 826507314, 1116571
826629486, 827716686, 1087200
827834286, 828944114, 1109828
829208572, 830332800, 1124228
830456457, 831569143, 1112686
831686400, 832785029, 1098629
832902857, 834165600, 1262743
834290172, 835437600, 1147428
835560114, 836653372, 1093258
836771314, 837881943, 1110629
838001029, 839275200, 1274171
839398515, 840529600, 1131085
840650172, 841755886, 1105714
841875200, 842985829, 1110629
843247200, 844374515, 1127315
844497486, 845596686, 1099200
845714629, 846829029, 1114400
846946971, 848191658, 1244687
848314286, 849414172, 1099886
849537143, 850636000, 1098857
850753714, 851847200, 1093486
851965600, 853218858, 1253258
853342400, 854453600, 1111200
854577257, 855677486, 1100229
855796114, 856900343, 1104229
857172800, 858289600, 1116800
858412915, 859533829, 1120914
859657714, 860787657, 1129943
860908114, 862170629, 1262515
862294743, 863397486, 1102743
863521372, 864610743, 1089371
864729029, 865845714, 1116685
865965143, 867205372, 1240229
867329600, 868449029, 1119429
868573029, 869672000, 1098971
869790171, 870892800, 1102629
871738172, 872954057, 1215885
873219543, 874349372, 1129829
874473029, 875586286, 1113257
875704686, 876816229, 1111543
876935771, 878184572, 1248801
878308000, 879442400, 1134400
879565486, 880659543, 1094057
880778286, 881881029, 1102743
882000686, 883241029, 1240343
883363886, 884485486, 1121600
884608000, 885695200, 1087200
885812229, 886927086, 1114857
887197943, 888314400, 1116457
888436915, 889556457, 1119542
889674172, 890798400, 1124228
890916800, 892025829, 1109029
892285715, 893414629, 1128914
893538057, 894642972, 1104915
894760914, 895852914, 1092000
895971429, 897213029, 1241600
897335200, 898453600, 1118400
898576457, 899676572, 1100115
899794629, 900896457, 1101828
901015314, 902270400, 1255086
902393257, 903503543, 1110286
903625829, 904859314, 1233485
904980571, 906230629, 1250058
906353029, 907485372, 1132343
907608686, 908692572, 1083886
908810286, 909899771, 1089485
910167658, 911278515, 1110857
911400115, 912529486, 1129371
912652686, 913741600, 1088914
913859771, 914967314, 1107543
915227543, 916354743, 1127200
916478400, 917589714, 1111314
917707086, 918801943, 1094857
918919429, 920166972, 1247543
920290515, 921437600, 1147085
921560229, 922641486, 1081257
922758743, 923860800, 1102057
923980229, 925224572, 1244343
925347543, 926475315, 1127772
926598629, 927697829, 1099200
927814971, 928900000, 1085029
929163315, 930279543, 1116228
930402172, 931528114, 1125942
931649143, 932751429, 1102286
932870514, 933977829, 1107315
934496114, 935678057, 1181943
935794857, 936898400, 1103543
937162858, 938283315, 1120457
938406743, 939518400, 1111657
939641257, 940744457, 1103200
940863886, 941965829, 1101943
942225829, 943359200, 1133371
943481829, 944590057, 1108228
944708572, 945798400, 1089828
945915314, 947158629, 1243315
947283086, 948413486, 1130400
948536800, 949647314, 1110514
949765829, 950868686, 1102857
950987200, 952238400, 1251200
952361029, 953479200, 1118171
953602057, 954687772, 1085715
954805257, 955906286, 1101029
956167429, 957281143, 1113714
957404457, 958523314, 1118857
958645829, 959737714, 1091885
959855200, 960962286, 1107086
961223658, 962346629, 1122971
962469372, 963578972, 1109600
963696686, 964796229, 1099543
964913371, 966173943, 1260572
966297029, 967422172, 1125143
967545600, 968642057, 1096457
968760114, 969862514, 1102400
969981943, 971229258, 1247315
971351886, 972490400, 1138514
972613372, 973720457, 1107085
973839314, 974921600, 1082286
975194286, 976329829, 1135543
976453143, 977567886, 1114743
977685257, 978810286, 1125029
978929029, 980160343, 1231314
980284000, 981420343, 1136343
981542857, 982651314, 1108457
982769829, 983871200, 1101371
983989714, 985236800, 1247086
985359086, 986469715, 1110629
986592000, 987685714, 1093714
987804000, 988903657, 1099657
989166972, 990288572, 1121600
990411772, 991537600, 1125828
991660572, 993339086, 1678514
993467086, 994610972, 1143886
994730972, 995829486, 1098514
995946857, 997193486, 1246629
997316000, 998442857, 1126857
998565943, 999668457, 1102514
999786857, 902514, -998884343
1172915, 2304115, 1131200
2425143, 3545943, 1120800
3662400, 4769600, 1107200
4887543, 5993257, 1105714
6249600, 7377486, 1127886
7498972, 8590400, 1091428
8707429, 9797029, 1089600
9912000, 11162058, 1250058
11285029, 12413143, 1128114
12535086, 13628114, 1093028
13745029, 14835200, 1090171
14952686, 16191543, 1238857
16313829, 17437486, 1123657
17559886, 18663657, 1103771
18780914, 19882286, 1101372
20000114, 21264343, 1264229
21386057, 22494286, 1108229
22615657, 23704114, 1088457
23821257, 24906743, 1085486
25169600, 26282515, 1112915
26404686, 27532114, 1127428
27654400, 28745257, 1090857
28862057, 29970971, 1108914
30229943, 31362286, 1132343
31485257, 32596800, 1111543
32715086, 33814857, 1099771
33934629, 35170972, 1236343
35294515, 36434172, 1139657
36557486, 37656343, 1098857
37775200, 38877143, 1101943
38997143, 40241829, 1244686
40364915, 41491657, 1126742
41615200, 42690972, 1075772
42808571, 43900800, 1092229
44171200, 45291200, 1120000
45413715, 46520914, 1107199
46644800, 47731543, 1086743
48535886, 49806514, 1270628
49928457, 51166629, 1238172
51791771, 53152229, 1360458
53277257, 54408229, 1130972
54530629, 55628914, 1098285
55745486, 56846057, 1100571
56963543, 58204686, 1241143
58326286, 59441029, 1114743
59563543, 60696457, 1132914
60814857, 61901486, 1086629
62163086, 63285372, 1122286
63406857, 64503543, 1096686
64625714, 65707543, 1081829
65824914, 66911771, 1086857
67178743, 68313257, 1134514
68435543, 69540343, 1104800
69662400, 70758057, 1095657
70875086, 71977029, 1101943
72234286, 73381029, 1146743
73502972, 74619657, 1116685
74736800, 75823771, 1086971
75940571, 77166172, 1225601
77290172, 78415657, 1125485
78538514, 79643657, 1105143
79760457, 80867543, 1107086
80985257, 82226400, 1241143
82348343, 83490515, 1142172
83612686, 84695543, 1082857
84811771, 85929257, 1117486
86199429, 87313143, 1113714
87434286, 88532914, 1098628
88651772, 89760686, 1108914
89877714, 91134743, 1257029
91258515, 92381372, 1122857
92503086, 93609143, 1106057
93726743, 94810171, 1083428
94925943, 96173600, 1247657
96295543, 97405257, 1109714
97527886, 98635772, 1107886
98752914, 99842286, 1089372
99958286, 101199200, 1240914
101321029, 102445943, 1124914
102568457, 103683886, 1115429
103803086, 104900686, 1097600
105164229, 106294172, 1129943
106417143, 107522972, 1105829
107645829, 108730286, 1084457
108847886, 109951429, 1103543
110212229, 111335200, 1122971
111458400, 112556343, 1097943
112674743, 113771429, 1096686
113888914, 115013143, 1124229
115273943, 116403429, 1129486
116527086, 117625257, 1098171
117742172, 118847314, 1105142
118966743, 120210058, 1243315
120332915, 121446400, 1113485
121569714, 122686514, 1116800
122804229, 123909829, 1105600
124173829, 125298286, 1124457
125421029, 126541714, 1120685
126660000, 127770857, 1110857
127889829, 128993257, 1103428
129252686, 130375315, 1122629
130497943, 131616800, 1118857
131735200, 132835771, 1100571
132954629, 134189829, 1235200
134313029, 135427315, 1114286
135550057, 136660000, 1109943
136777371, 137875543, 1098172
137994171, 139233029, 1238858
139355657, 140475315, 1119658
140599200, 141690400, 1091200
141808686, 142912000, 1103314
143184343, 144302172, 1117829
144424686, 145533486, 1108800
145654514, 146744800, 1090286
146863200, 147965371, 1102171
148222858, 149370286, 1147428
149493257, 150604114, 1110857
150721029, 151827314, 1106285
151946514, 153182743, 1236229
153305372, 154430286, 1124914
154553829, 155654057, 1100228
155771200, 156878971, 1107771
156998286, 158238515, 1240229
158361372, 159495200, 1133828
159618400, 160741829, 1123429
160859543, 161971543, 1112000
162230286, 163360800, 1130514
163484115, 164604343, 1120228
164722857, 165813143, 1090286
165930400, 167150858, 1220458
167274629, 168402286, 1127657
168525486, 169637943, 1112457
169755886, 170859657, 1103771
170979543, 172225029, 1245486
172348686, 173468915, 1120229
173591886, 174694400, 1102514
174814171, 175913371, 1099200
176177143, 177292915, 1115772
177414857, 178531543, 1116686
178652000, 179750514, 1098514
179869714, 180963657, 1093943
181222858, 182357715, 1134857
182480800, 183583886, 1103086
183701372, 184795429, 1094057
184912800, 186167658, 1254858
186290743, 187413600, 1122857
187536229, 188410057, 873828
188532000, 189847543, 1315543
189965943, 191215543, 1249600
191338172, 192461029, 1122857
192583657, 193671543, 1087886
193788800, 194889829, 1101029
195009486, 196271086, 1261600
196394057, 197508800, 1114743
197631657, 198719086, 1087429
198838514, 199921029, 1082515
200192800, 201328800, 1136000
201452229, 202566057, 1113828
202684343, 203779200, 1094857
203896000, 205152686, 1256686
205276800, 206395543, 1118743
206519314, 207614286, 1094972
207731429, 208810629, 1079200
208928686, 210160000, 1231314
210284572, 211419200, 1134628
211543200, 212637372, 1094172
212756457, 213855429, 1098972
213974400, 215208800, 1234400
215332343, 216447429, 1115086
216571429, 217668229, 1096800
217787429, 218879657, 1092228
218998857, 220246743, 1247886
220370857, 221488915, 1118058
221613600, 222703886, 1090286
222823543, 223929486, 1105943
224198172, 225322743, 1124571
225446515, 226563772, 1117257
226682629, 227791771, 1109142
228589372, 229823543, 1234171
229943657, 231177829, 1234172
231300115, 232415200, 1115085
232536800, 233630629, 1093829
233748000, 234849600, 1101600
234967543, 236211886, 1244343
236334972, 237469143, 1134171
237591886, 238691543, 1099657
238809829, 239911657, 1101828
240179772, 241297486, 1117714
241420000, 242534857, 1114857
242658286, 243778629, 1120343
243898857, 245013028, 1114171
245270286, 246413143, 1142857
246536000, 247625486, 1089486
247742286, 248848571, 1106285
248967657, 250225143, 1257486
250347886, 251468915, 1121029
251591886, 252697143, 1105257
252816343, 253923657, 1107314
254195086, 255321600, 1126514
255444000, 256555429, 1111429
256672457, 257772343, 1099886
257889943, 259000457, 1110514
259262515, 260385372, 1122857
260508000, 261620800, 1112800
261738629, 262841257, 1102628
262959771, 264198286, 1238515
264320686, 265430286, 1109600
265553257, 266686286, 1133029
266804457, 267905143, 1100686
268175200, 269301600, 1126400
269424343, 270527086, 1102743
270650286, 271754743, 1104457
271872571, 272972457, 1099886
273229715, 274379315, 1149600
274502972, 275616572, 1113600
275734400, 276837486, 1103086
276957371, 278197143, 1239772
278319315, 279428457, 1109142
279550972, 280647429, 1096457
280764800, 281869257, 1104457
281988800, 283239886, 1251086
283363086, 284482972, 1119886
284606057, 285697372, 1091315
285816457, 286923657, 1107200
287195658, 288346057, 1150399
288468686, 289585829, 1117143
289703772, 290788800, 1085028
290907314, 292160686, 1253372
292284343, 293403200, 1118857
293525600, 294623200, 1097600
294740572, 295844343, 1103771
295963086, 297187429, 1224343
297310629, 298446286, 1135657
298570057, 299680229, 1110172
299798857, 300899086, 1100229
301176915, 302292686, 1115771
302415200, 303530400, 1115200
303652229, 304745486, 1093257
304862971, 305982629, 1119658
306245829, 307374172, 1128343
307497143, 308606286, 1109143
308723886, 309828800, 1104914
309948686, 311170629, 1221943
311294286, 312421257, 1126971
312544114, 313640686, 1096572
313757486, 314864686, 1107200
314983657, 316227429, 1243772
316349715, 317478743, 1129028
317602286, 318703657, 1101371
318822971, 319928343, 1105372
320196000, 321329029, 1133029
321452000, 322565714, 1113714
322683886, 323807314, 1123428
323926400, 325180915, 1254515
325303886, 326421486, 1117600
326545372, 327683200, 1137828
327801829, 328902057, 1100228
329170400, 330320800, 1150400
330444229, 331553943, 1109714
331670857, 332797600, 1126743
332916686, 334171315, 1254629
334294743, 335422172, 1127429
335545943, 336640572, 1094629
336757714, 337863086, 1105372
337982286, 339225143, 1242857
339347886, 340468800, 1120914
340591543, 341707429, 1115886
341826514, 342699200, 872686
342817943, 350300571, 7482628
350426971, 351554972, 1128001
351673714, 352770286, 1096572
352888229, 354150058, 1261829
354273715, 355405600, 1131885
355529143, 356624000, 1094857
356740686, 357851200, 1110514
357970857, 359213715, 1242858
359336229, 360472000, 1135771
360595086, 361683886, 1088800
361801257, 362895429, 1094172
363164800, 364268915, 1104115
364391086, 365512572, 1121486
365635543, 366721600, 1086057
366838629, 367942857, 1104228
368203429, 369327429, 1124000
369450057, 370557714, 1107657
370675314, 371764229, 1088915
371881714, 373002514, 1120800
373260800, 374392915, 1132115
374515657, 375635200, 1119543
375753257, 376853029, 1099772
376971314, 378217258, 1245944
378339543, 379458629, 1119086
379581714, 380680686, 1098972
380799657, 381901029, 1101372
382163772, 383297943, 1134171
383421029, 384534400, 1113371
384652000, 385738514, 1086514
385856000, 386948800, 1092800
387208229, 388342400, 1134171
388465372, 389574514, 1109142
389693714, 390792686, 1098972
390911543, 392158172, 1246629
392284572, 393410400, 1125828
393534972, 394622172, 1087200
394740457, 395825943, 1085486
395945143, 397175086, 1229943
397300229, 398419657, 1119428
398544572, 399638629, 1094057
399756914, 400900571, 1143657
401183658, 402305372, 1121714
402429143, 403558400, 1129257
403677714, 404784571, 1106857
404903086, 406021829, 1118743
406280115, 407426972, 1146857
407551429, 408679772, 1128343
409524915, 410751657, 1226742
410871657, 411978514, 1106857
412238286, 413373257, 1134971
413495543, 414608572, 1113029
414726400, 415817829, 1091429
415935429, 417176800, 1241371
417299315, 418410972, 1111657
418533600, 419632686, 1099086
419750057, 420845029, 1094972
420962971, 422210400, 1247429
422333372, 423448457, 1115085
423571314, 424688000, 1116686
424807200, 425906743, 1099543
426168800, 427286400, 1117600
427409715, 428528000, 1118285
428650629, 429759657, 1109028
429879657, 430986286, 1106629
431244458, 432370400, 1125942
432492915, 433592457, 1099542
433720000, 434809714, 1089714
434926743, 436186515, 1259772
436309029, 437424457, 1115428
437547543, 438660000, 1112457
438779886, 439872571, 1092685
439991314, 441237715, 1246401
441360343, 442477715, 1117372
442600572, 443690514, 1089942
443808686, 444896000, 1087314
445164572, 446276343, 1111771
446397829, 447515886, 1118057
447638286, 448770629, 1132343
448890629, 450009371, 1118742
450270972, 451399429, 1128457
451522857, 452615772, 1092915
452733943, 453837943, 1104000
453956800, 455197258, 1240458
455319429, 456434629, 1115200
456556914, 457670629, 1113715
457788571, 458890057, 1101486
459009486, 460262743, 1253257
460385372, 461500000, 1114628
461623200, 462712572, 1089372
462831657, 463936686, 1105029
464204458, 465331772, 1127314
465454400, 466568114, 1113714
466686057, 467795086, 1109029
467913371, 469160229, 1246858
469283315, 470416343, 1133028
470539086, 471638857, 1099771
471756000, 472855086, 1099086
472972571, 474214515, 1241944
474337829, 475451200, 1113371
475572914, 476672229, 1099315
476789714, 477890857, 1101143
478009486, 479259086, 1249600
479381600, 480492229, 1110629
480615086, 481705829, 1090743
481823771, 482910286, 1086515
483172229, 484280572, 1108343
484403429, 485510857, 1107428
485633257, 486752000, 1118743
486871886, 487979086, 1107200
488238286, 489374743, 1136457
489498172, 490612229, 1114057
490729943, 491835543, 1105600
491954857, 493211429, 1256572
493334400, 494458515, 1124115
494580686, 495678972, 1098286
495796686, 496905257, 1108571
497178972, 498292343, 1113371
498414629, 499521486, 1106857
499644914, 500737714, 1092800
500854629, 501953714, 1099085
502214286, 503335657, 1121371
503458743, 504567543, 1108800
504685257, 505801714, 1116457
505920686, 507178743, 1258057
507301372, 508412000, 1110628
508534400, 509635200, 1100800
509752572, 510853029, 1100457
510971771, 512218972, 1247201
512341143, 513458972, 1117829
513582400, 514678057, 1095657
514795543, 515896457, 1100914
516160343, 517274515, 1114172
517397943, 518507086, 1109143
518629943, 519715886, 1085943
519834286, 520929371, 1095085
521199086, 522328686, 1129600
522451315, 523557714, 1106399
523676000, 524538514, 862514
524653600, 529983085, 5329485
530258742, 531397828, 1139086
531520914, 532619314, 1098400
532736571, 533827542, 1090971
533943999, 535164571, 1220572
535288114, 536422971, 1134857
536545257, 537660571, 1115314
537779885, 538881256, 1101371
539000228, 540247999, 1247771
540370171, 541487999, 1117828
541610285, 542703314, 1093029
542821942, 543932799, 1110857
544200114, 545318057, 1117943
545440457, 546548228, 1107771
546665142, 547775199, 1110057
547893485, 549139771, 1246286
549263771, 550395885, 1132114
550518857, 551625485, 1106628
551743085, 552831999, 1088914
552949485, 554173257, 1223772
554297714, 555427199, 1129485
555550399, 556647428, 1097029
556765028, 557872228, 1107200
557991428, 559239428, 1248000
559362971, 560487542, 1124571
560610285, 561694628, 1084343
561811885, 562915656, 1103771
563188342, 564314742, 1126400
564437942, 565558514, 1120572
565684914, 566781371, 1096457
566899199, 568150514, 1251315
568275885, 569402628, 1126743
569526514, 570625485, 1098971
570744114, 571847428, 1103314
571967199, 573213828, 1246629
573337599, 574459428, 1121829
574583771, 575672799, 1089028
575791428, 576902056, 1110628
577167999, 578295885, 1127886
578420571, 579533828, 1113257
579653257, 580739085, 1085828
580858628, 581976456, 1117828
582241942, 583371657, 1129715
583495999, 584609142, 1113143
584728914, 585822171, 1093257
586598285, 587830628, 1232343
587952914, 589179542, 1226628
589304342, 590435428, 1131086
590558514, 591654742, 1096228
591771771, 592864571, 1092800
592991199, 594246742, 1255543
594369599, 595496114, 1126515
595619771, 596733942, 1114171
596853828, 597954399, 1100571
598214514, 599368114, 1153600
599490514, 600598056, 1107542
600715542, 601817942, 1102400
601937485, 603190285, 1252800
603313028, 604439199, 1126171
604562399, 605686971, 1124572
605807085, 606909942, 1102857
607180228, 608310399, 1130171
608432457, 609559885, 1127428
609680457, 610767771, 1087314
610884571, 611992456, 1107885
612253828, 613370514, 1116686
613493028, 614637028, 1144000
614755656, 615846742, 1091086
615963656, 617211314, 1247658
617334171, 618452342, 1118171
618575199, 619671885, 1096686
619789942, 620882285, 1092343
621000456, 622244799, 1244343
622366971, 623490857, 1123886
623613485, 624698514, 1085029
624816456, 625925599, 1109143
626194742, 627318857, 1124115
627441142, 628545142, 1104000
628662514, 629766742, 1104228
629885142, 631134628, 1249486
631259085, 632399999, 1140914
632523314, 633624685, 1101371
633741714, 634849828, 1108114
634968685, 636217714, 1249029
636340114, 637460228, 1120114
637582857, 638694971, 1112114
638813714, 639916456, 1102742
640190057, 641307199, 1117142
641430628, 642535428, 1104800
642657828, 643734628, 1076800
643851999, 644960228, 1108229
645223657, 646359885, 1136228
646482628, 647597142, 1114514
647715885, 648819428, 1103543
648938399, 650186628, 1248229
650308799, 651433828, 1125029
651556685, 652666399, 1109714
652783999, 653884571, 1100572
654002742, 655267428, 1264686
655390628, 656514171, 1123543
656636799, 657726056, 1089257
657844114, 658940342, 1096228
659206057, 660338742, 1132685
660461485, 661571314, 1109829
661689599, 662791885, 1102286
662911771, 664160571, 1248800
664285028, 665407314, 1122286
665530057, 666631542, 1101485
666748685, 667855428, 1106743
667973828, 669212457, 1238629
669334628, 670451542, 1116914
670575085, 671673714, 1098629
671792571, 672901828, 1109257
673183085, 674313028, 1129943
674434971, 675556914, 1121943
675674742, 676765028, 1090286
676882514, 678001028, 1118514
678261485, 679384799, 1123314
679507314, 680621942, 1114628
680739999, 681831199, 1091200
681947656, 683169142, 1221486
683292914, 684453142, 1160228
684576228, 685691428, 1115200
685811314, 686911428, 1100114
687184342, 688316571, 1132229
688438399, 689558628, 1120229
689675885, 690771542, 1095657
690889256, 691996914, 1107658
692255428, 693384914, 1129486
693507542, 694629599, 1122057
694747199, 695851428, 1104229
695968914, 697206628, 1237714
697329028, 698462742, 1133714
698585828, 699678857, 1093029
699797371, 700902056, 1104685
701172457, 702295199, 1122742
702417485, 703529142, 1111657
703651657, 704512342, 860685
704632685, 707706056, 3073371
707827885, 708933714, 1105829
709201714, 710319885, 1118171
710441942, 711560571, 1118629
711678514, 712786056, 1107542
712905942, 714149257, 1243315
714272342, 715413828, 1141486
715536342, 716634285, 1097943
716751542, 717848685, 1097143
717967199, 719230857, 1263658
719354399, 720470742, 1116343
720593256, 721686971, 1093715
721805485, 722906285, 1100800
723173714, 724298057, 1124343
724421028, 725535771, 1114743
725658628, 726747085, 1088457
726864685, 727967656, 1102971
728225485, 729358514, 1133029
729481371, 730582857, 1101486
730699656, 731797028, 1097372
731914171, 733152914, 1238743
733277485, 734418742, 1141257
734540914, 735667085, 1126171
735786056, 736892914, 1106858
737012685, 738259085, 1246400
738381257, 739512799, 1131542
739636342, 740726971, 1090629
740846171, 741936456, 1090285
742205714, 743355771, 1150057
743478399, 744586514, 1108115
744705714, 745801485, 1095771
745920685, 747176342, 1255657
747300914, 748427542, 1126628
748552799, 749670399, 1117600
749790742, 750894171, 1103429
751015085, 752278514, 1263429
752402857, 753529142, 1126285
753654514, 754754742, 1100228
754873485, 755987428, 1113943
756250857, 757381599, 1130742
757505485, 758605028, 1099543
758724799, 759828799, 1104000
759947771, 761185599, 1237828
761310857, 762438971, 1128114
763247428, 764457714, 1210286
764582514, 765710628, 1128114
765827428, 766929142, 1101714
767201371, 768342971, 1141600
768465485, 769579199, 1113714
769698056, 770782856, 1084800
770899771, 772152342, 1252571
772281371, 773419771, 1138400
773542742, 774657942, 1115200
774776456, 775878514, 1102058
775997828, 777240114, 1242286
777362399, 778494742, 1132343
778617599, 779708685, 1091086
779825828, 780915428, 1089600
781180799, 782309828, 1129029
782432571, 783543885, 1111314
783662057, 784768342, 1106285
784887999, 785995199, 1107200
786259085, 787396914, 1137829
787525714, 788624342, 1098628
788741942, 789838285, 1096343
789955656, 791183885, 1228229
791306171, 792422057, 1115886
792544571, 793637028, 1092457
793754628, 794868114, 1113486
794987999, 796236571, 1248572
796359085, 797495085, 1136000
797617714, 798704571, 1086857
798821942, 799927085, 1105143
800194628, 801305828, 1111200
801427314, 802539542, 1112228
802661942, 803764799, 1102857
803882056, 804988799, 1106743
805252114, 806389371, 1137257
806513599, 807617828, 1104229
807735199, 808828914, 1093715
808948571, 810186285, 1237714
810309257, 811414857, 1105600
811537942, 812669942, 1132000
812788456, 813895428, 1106972
814159542, 815284114, 1124572
815406857, 816521371, 1114514
816643771, 817726399, 1082628
817843199, 818943885, 1100686
819206514, 820354857, 1148343
820477142, 821582514, 1105372
821699885, 822787999, 1088114
822904571, 824016685, 1112114
824271314, 825406399, 1135085
825529942, 826632799, 1102857
826750171, 827856456, 1106285
827974628, 829237028, 1262400
829359657, 830477257, 1117600
830600456, 831686399, 1085943
831804114, 832917599, 1113485
833192799, 834309942, 1117143
834431999, 835544114, 1112115
835662171, 836754285, 1092114
836872914, 837991314, 1118400
838247999, 839386399, 1138400
839509028, 840598514, 1089486
840715885, 841811771, 1095886
841928914, 843023085, 1094171
843277485, 844390628, 1113143
844513028, 845612799, 1099771
845729828, 846838742, 1108914
846958171, 848206171, 1248000
848329257, 849449714, 1120457
849572228, 850693371, 1121143
850811542, 851915542, 1104000
852189142, 853314971, 1125829
853437599, 854551314, 1113715
854670056, 855764799, 1094743
855881828, 856993142, 1111314
857253942, 858392457, 1138515
858514742, 859620914, 1106172
859738856, 860837028, 1098172
860955085, 862221028, 1265943
862343885, 863466742, 1122857
863589142, 864706628, 1117486
864825371, 865929371, 1104000
866198057, 867314399, 1116342
867438057, 868555999, 1117942
868675885, 869795999, 1120114
869915314, 871155314, 1240000
871279657, 872419999, 1140342
872541942, 873653942, 1112000
873770742, 874869828, 1099086
874989028, 876234057, 1245029
876356799, 877482057, 1125258
877605485, 878693256, 1087771
878810056, 879922628, 1112572
880195542, 881308114, 1112572
881430514, 882540457, 1109943
882658171, 883749485, 1091314
883866285, 884983314, 1117029
885247999, 886385714, 1137715
886509371, 887617714, 1108343
887734971, 888842399, 1107428
888960114, 890215085, 1254971
890337599, 891451085, 1113486
891574171, 892679314, 1105143
892798514, 893899656, 1101142
894170399, 895292571, 1122172
895414857, 896517371, 1102514
896639999, 897749142, 1109143
897868456, 898974171, 1105715
899235657, 900368228, 1132571
900491085, 901598171, 1107086
901715656, 902824685, 1109029
902944456, 904175314, 1230858
904298285, 905410628, 1112343
905533142, 906958628, 1425486
907232114, 908380342, 1148228
908503314, 909617828, 1114514
909736342, 910841828, 1105486
910959771, 912227999, 1268228
912351199, 913467428, 1116229
913589942, 914684914, 1094972
914802742, 915891542, 1088800
916155199, 917273599, 1118400
917395542, 918513828, 1118286
918638171, 919748342, 1110171
919869714, 920967428, 1097714
921230171, 922354628, 1124457
922478742, 923584571, 1105829
923703885, 924793485, 1089600
924912342, 926149485, 1237143
926276114, 927419428, 1143314
927543542, 928677599, 1134057
928798056, 929905599, 1107543
930178971, 931306971, 1128000
931430628, 932547199, 1116571
932666056, 933775885, 1109829
933896114, 935145828, 1249714
935271542, 936665599, 1394057
936796228, 937901714, 1105486
938709485, 939936456, 1226971
940208571, 941337942, 1129371
941460228, 942560571, 1100343
942678856, 943769828, 1090972
943887999, 945006056, 1118057
945267542, 946393828, 1126286
946515999, 947626628, 1110629
947743999, 948827314, 1083315
948945142, 950202057, 1256915
950325257, 951446971, 1121714
951570057, 952666971, 1096914
952784228, 953889599, 1105371
954008914, 955253028, 1244114
955375199, 956503999, 1128800
956627542, 957713942, 1086400
957831199, 958947199, 1116000
959208685, 960351314, 1142629
960473942, 961577599, 1103657
961696114, 962790514, 1094400
962907542, 964141714, 1234172
964265485, 965384114, 1118629
965506628, 966607428, 1100800
966725485, 967805599, 1080114
967922285, 969178857, 1256572
969302399, 970422742, 1120343
970546628, 971641942, 1095314
971759314, 972859314, 1100000
972977599, 974224914, 1247315
974347428, 975465942, 1118514
975588914, 976717942, 1129028
976835542, 977934171, 1098629
978200914, 979332457, 1131543
979454742, 980563085, 1108343
980680456, 981775199, 1094743
981893028, 983008571, 1115543
983264228, 984383085, 1118857
984505828, 985603542, 1097714
985721028, 986823999, 1102971
986942742, 988179885, 1237143
988303085, 989424914, 1121829
989547199, 990650742, 1103543
990768456, 991873028, 1104572
991993142, 993571999, 1578857
993704228, 994901828, 1197600
995175542, 996288457, 1112915
996410514, 997528799, 1118285
997651885, 998743771, 1091886
998861828, 999969599, 1107771
238514, 1374742, 1136228
1496114, 2606171, 1110057
2722285, 3816571, 1094286
3931656, 5158742, 1227086
5281142, 6404571, 1123429
6525257, 7624457, 1099200
7740342, 8821371, 1081029
8936685, 10185714, 1249029
10307999, 11442857, 1134858
11564114, 12658856, 1094742
12776342, 13877599, 1101257
13995656, 15233142, 1237486
15354628, 16473028, 1118400
16595314, 17695085, 1099771
17814285, 18916228, 1101943
19176457, 20306171, 1129714
20429028, 21540571, 1111543
21657714, 22759885, 1102171
22876914, 23990856, 1113942
24251314, 25387657, 1136343
25509371, 26616456, 1107085
26733485, 27845371, 1111886
27964228, 29217028, 1252800
29339085, 30461828, 1122743
30584342, 31703428, 1119086
31820914, 32924914, 1104000
33194285, 34320342, 1126057
34441942, 35552571, 1110629
35669485, 36753714, 1084229
36870171, 37982399, 1112228
38242514, 39372799, 1130285
39495199, 40606856, 1111657
40724456, 41811428, 1086972
41928571, 43153142, 1224571
43275771, 44399314, 1123543
44521714, 45658628, 1136914
45776342, 46873485, 1097143
46991428, 48840114, 1848686
48975999, 50279199, 1303200
50401485, 51526628, 1125143
51650057, 52759656, 1109599
52877714, 54001828, 1124114
54263885, 55395199, 1131314
55517599, 56617256, 1099657
56735199, 57839885, 1104686
57956799, 59210399, 1253600
59332342, 60452914, 1120572
60574399, 61682171, 1107772
61800114, 62898399, 1098285
63163885, 64293828, 1129943
64415199, 65530628, 1115429
65652571, 66747314, 1094743
66866514, 67963428, 1096914
68234857, 69373942, 1139085
69496114, 70607314, 1111200
70724799, 71815999, 1091200
71932114, 73177142, 1245028
73298971, 74421942, 1122971
74544571, 75640457, 1095886
75767428, 76874056, 1106628
76992914, 78236799, 1243885
78358285, 79486399, 1128114
79608571, 80703199, 1094628
80819656, 81927771, 1108115
82199771, 83361142, 1161371
83483542, 84596114, 1112572
84713371, 85832914, 1119543
85951085, 87203314, 1252229
87324799, 88449371, 1124572
88571314, 89680457, 1109143
89799199, 90889142, 1089943
91007314, 92248228, 1240914
92370628, 93482971, 1112343
93604914, 94712228, 1107314
94831314, 95920914, 1089600
96185485, 97304914, 1119429
97426857, 98537828, 1110971
98654856, 99750628, 1095772
99867771, 100985485, 1117714
101247999, 102375542, 1127543
102499657, 103597371, 1097714
103715542, 104819199, 1103657
104937599, 106166742, 1229143
106292799, 107424342, 1131543
107547999, 108661485, 1113486
108781371, 109882285, 1100914
110002171, 111230742, 1228571
111354399, 112476342, 1121943
112601142, 113688685, 1087543
113807199, 114901256, 1094057
115173485, 116290514, 1117029
116413714, 117533714, 1120000
117658285, 118748342, 1090057
118867085, 119979199, 1112114
120756914, 121981256, 1224342
122244228, 123373714, 1129486
123496914, 124597599, 1100685
124714971, 125804342, 1089371
125921942, 127158171, 1236229
127282285, 128414057, 1131772
128537257, 129629942, 1092685
129747314, 130858399, 1111085
130977599, 132231314, 1253715
132354171, 133491885, 1137714
133615999, 134707085, 1091086
134824228, 135923771, 1099543
136193028, 137326628, 1133600
137449371, 138554285, 1104914
138671428, 139762399, 1090971
139879314, 140995085, 1115771
141251085, 142377485, 1126400
142501028, 143622628, 1121600
143740342, 144832685, 1092343
144949485, 146179657, 1230172
146302971, 147429371, 1126400
147551999, 148639199, 1087200
148756456, 149857028, 1100572
149975542, 151229257, 1253715
151351542, 152465371, 1113829
152588685, 153710742, 1122057
153828571, 154932228, 1103657
155201485, 156339085, 1137600
156462399, 157331314, 868915
157453371, 159180114, 1726743
159307657, 160433485, 1125828
160556228, 161686171, 1129943
161803771, 162908571, 1104800
163181371, 164294742, 1113371
164417028, 165529942, 1112914
165653599, 166740799, 1087200
166858171, 167972114, 1113943
168233485, 169353599, 1120114
169476342, 170591999, 1115657
170711314, 171801371, 1090057
171919885, 173149142, 1229257
173272685, 174382742, 1110057
174505371, 175601371, 1096000
175719199, 176809371, 1090172
176925828, 178155999, 1230171
178278971, 179406971, 1128000
179530057, 180623885, 1093828
180741256, 181832114, 1090858
181948914, 183212228, 1263314
183334628, 184455085, 1120457
184577257, 185673714, 1096457
185791428, 186890628, 1099200
187009142, 188257828, 1248686
188380571, 189493028, 1112457
189615428, 190698514, 1083086
190816342, 191926285, 1109943
192202742, 193315999, 1113257
193438628, 194553371, 1114743
194671428, 195773828, 1102400
195891314, 197140342, 1249028
197263542, 198396914, 1133372
198520114, 199661942, 1141828
199779085, 200876456, 1097371
200995085, 202225028, 1229943
202347657, 203467199, 1119542
203589371, 204679999, 1090628
204797942, 205900228, 1102286
206168571, 207282628, 1114057
207404799, 208523885, 1119086
208647314, 209762171, 1114857
209881485, 210995085, 1113600
211254628, 212389599, 1134971
212511771, 213614057, 1102286
213731885, 214814171, 1082286
214931199, 216149485, 1218286
216274057, 217417599, 1143542
217540342, 218655085, 1114743
218774056, 219876571, 1102515
219996114, 221228457, 1232343
221351199, 222483199, 1132000
222606056, 223700685, 1094629
223818056, 224909028, 1090972
225174514, 226287657, 1113143
226410285, 227517028, 1106743
227640228, 228741485, 1101257
228860456, 229982742, 1122286
230242399, 231370628, 1128229
231493142, 232591656, 1098514
232709828, 233813142, 1103314
233931428, 235185371, 1253943
235308228, 236423657, 1115429
236546171, 237642971, 1096800
237760914, 238864228, 1103314
238983428, 240230514, 1247086
240353028, 241472114, 1119086
241594399, 242687885, 1093486
242811314, 243922285, 1110971
244190857, 245327428, 1136571
245450742, 246314399, 863657
246436342, 250242972, 3806630
250368229, 251504457, 1136228
251627657, 252717829, 1090172
252835543, 253942857, 1107314
254205600, 255332000, 1126400
255455200, 256553829, 1098629
256671200, 257769029, 1097829
257892343, 259154058, 1261715
259277829, 260413143, 1135314
260536914, 261634400, 1097486
261751657, 262850971, 1099314
262968800, 264209372, 1240572
264332229, 265446743, 1114514
265569029, 266669943, 1100914
266788457, 267886971, 1098514
268005714, 269253372, 1247658
269375657, 270511543, 1135886
270634629, 271743886, 1109257
271863657, 272977257, 1113600
273237829, 274368343, 1130514
274490857, 275605257, 1114400
275722857, 276814400, 1091543
276931771, 278168572, 1236801
278293943, 279420572, 1126629
279544572, 280672572, 1128000
280792229, 281896686, 1104457
282177715, 283319429, 1141714
283442286, 284543772, 1101486
284662629, 285774629, 1112000
285894743, 287010057, 1115314
287272457, 288389143, 1116686
288512800, 289623772, 1110972
289743200, 290832914, 1089714
290950629, 292196229, 1245600
292320115, 293431429, 1111314
293555772, 294664229, 1108457
294782972, 295881486, 1098514
296001143, 297247200, 1246057
297871771, 299222743, 1350972
299347886, 300475086, 1127200
300599314, 301714286, 1114972
301831543, 302932800, 1101257
303204915, 304332229, 1127314
304454857, 305551886, 1097029
305669486, 306776000, 1106514
306894971, 308003657, 1108686
308263086, 309400000, 1136914
309522972, 310621600, 1098628
310738972, 311830057, 1091085
311947429, 313188115, 1240686
313310515, 314449029, 1138514
314572000, 315671886, 1099886
315789714, 316888457, 1098743
317007200, 318262286, 1255086
318385143, 319509486, 1124343
319632114, 320753600, 1121486
320872343, 321989943, 1117600
322253486, 323386172, 1132686
323509600, 324634057, 1124457
324751772, 325840686, 1088914
325957371, 327216800, 1259429
327338857, 328460915, 1122058
328583772, 329709257, 1125485
329827657, 330906743, 1079086
331024686, 332295886, 1271200
332418857, 333522857, 1104000
333645372, 334734514, 1089142
334852229, 335952000, 1099771
336210286, 337334515, 1124229
337456686, 338565143, 1108457
338682743, 339786971, 1104228
339906857, 341006743, 1099886
341259543, 342398400, 1138857
342520800, 343644457, 1123657
343765029, 344872800, 1107771
344991886, 346229372, 1237486
346352115, 347474743, 1122628
347597829, 348690629, 1092800
348808686, 349910057, 1101371
350177486, 351283200, 1105714
351405829, 352501372, 1095543
352623657, 353714286, 1090629
353831771, 354935543, 1103772
355205600, 356356915, 1151315
356480000, 357587772, 1107772
357704914, 358798514, 1093600
358915657, 360018857, 1103200
360275429, 361401600, 1126171
361524914, 362621943, 1097029
362739314, 363840343, 1101029
363958171, 365213829, 1255658
365336000, 366445600, 1109600
366568457, 367681600, 1113143
367800914, 368891086, 1090172
369158629, 370281600, 1122971
370403543, 371509029, 1105486
371631314, 372742172, 1110858
372860914, 373964571, 1103657
374228458, 375363200, 1134742
375485486, 376598400, 1112914
376716572, 377814857, 1098285
377932914, 379030971, 1098057
379284000, 380421029, 1137029
380545372, 381636800, 1091428
381753257, 382863200, 1109943
382982514, 384217715, 1235201
384339772, 385454972, 1115200
385578514, 386681257, 1102743
386797943, 387897714, 1099771
388162058, 389277600, 1115542
389400343, 390517486, 1117143
390639429, 391768457, 1129028
391887314, 392993486, 1106172
393254400, 394380343, 1125943
394503086, 395598629, 1095543
395716343, 396801486, 1085143
396918286, 398163772, 1245486
398287657, 399410629, 1122972
399532914, 400631429, 1098515
400748800, 401850514, 1101714
401968229, 403231086, 1262857
403354057, 404479886, 1125829
404603200, 405725943, 1122743
405845600, 406947086, 1101486
407209486, 408352686, 1143200
408475543, 409573943, 1098400
409692343, 410806629, 1114286
410927314, 412161258, 1233944
412286057, 413435657, 1149600
413558400, 414651886, 1093486
414769943, 415867314, 1097371
415986629, 417249257, 1262628
417372229, 418499429, 1127200
418622172, 419709600, 1087428
419826971, 420939200, 1112229
421212000, 422326972, 1114972
422450400, 423566286, 1115886
423684114, 424773029, 1088915
424890057, 426145715, 1255658
426268915, 426990857, 721942
427240458, 428881943, 1641485
429002971, 430267200, 1264229
430389715, 431506514, 1116799
431629486, 432726972, 1097486
432845943, 433954057, 1108114
434220572, 435364000, 1143428
435487315, 436598972, 1111657
436715543, 437822743, 1107200
437940457, 439197143, 1256686
439319429, 440435429, 1116000
440558057, 441647086, 1089029
441764571, 442868229, 1103658
442987771, 444233372, 1245601
444356457, 445484457, 1128000
445607543, 446687772, 1080229
446804800, 447893943, 1089143
448157943, 449279886, 1121943
449403200, 450519429, 1116229
450642286, 451729600, 1087314
451846514, 452944686, 1098172
453208229, 454354629, 1146400
454478629, 455592114, 1113485
455711886, 456798286, 1086400
456916000, 458011886, 1095886
458270857, 459403886, 1133029
459527772, 460636343, 1108571
460755657, 461853600, 1097943
461973371, 463214172, 1240801
463338857, 464455772, 1116915
464579429, 465668914, 1089485
465787657, 466889371, 1101714
467009029, 468253829, 1244800
468377143, 469489486, 1112343
469613029, 470758972, 1145943
471551314, 472789029, 1237715
472910286, 474174629, 1264343
474296915, 475408686, 1111771
475531657, 476631429, 1099772
476748914, 477859086, 1110172
477977600, 479221372, 1243772
479343657, 480463315, 1119658
480586057, 481695657, 1109600
481815314, 482920914, 1105600
483192458, 484321486, 1129028
484444115, 485548914, 1104799
485665943, 486762972, 1097029
486881371, 487989371, 1108000
488248800, 489382972, 1134172
489506400, 490609829, 1103429
490726857, 491836457, 1109600
491954971, 493209943, 1254972
493333143, 494449829, 1116686
494573600, 495661372, 1087772
495790629, 496891200, 1100571
497010286, 498252000, 1241714
498374743, 499519429, 1144686
499641943, 500735657, 1093714
500853371, 501960800, 1107429
502222629, 503357486, 1134857
503480572, 504595886, 1115314
504714172, 505836571, 1122399
505956114, 507199200, 1243086
507321943, 508445715, 1123772
508567886, 509680114, 1112228
509799314, 510900000, 1100686
511178972, 512315886, 1136914
512437943, 513547886, 1109943
513665143, 514776914, 1111771
514895314, 516010057, 1114743
516270857, 517416686, 1145829
517539429, 518663429, 1124000
518782400, 519883429, 1101029
520001714, 521246400, 1244686
521368800, 522489486, 1120686
522612343, 523742514, 1130171
523862857, 524967543, 1104686
525231772, 526365029, 1133257
526487886, 527596914, 1109028
527714514, 528813714, 1099200
528930514, 530166858, 1236344
530291429, 531416115, 1124686
531538972, 532637829, 1098857
532755200, 533866971, 1111771
533986286, 535238286, 1252000
535361257, 536485715, 1124458
536608457, 537713943, 1105486
537833371, 538926971, 1093600
539197029, 540362629, 1165600
540486743, 541598857, 1112114
541716914, 542817829, 1100915
542934857, 544174858, 1240001
544298400, 545427886, 1129486
545552343, 546656800, 1104457
546774400, 547875086, 1100686
547994057, 549227772, 1233715
549350629, 550466857, 1116228
550591086, 551707429, 1116343
551825829, 552931429, 1105600
553203200, 554317143, 1113943
554438972, 555563429, 1124457
555681486, 556770057, 1088571
556887886, 558004114, 1116228
558264115, 559386172, 1122057
559508686, 560608457, 1099771
560726172, 561824229, 1098057
561941143, 563175543, 1234400
563299886, 564424686, 1124800
564546400, 565642057, 1095657
565760114, 566860686, 1100572
566979086, 568219086, 1240000
568342286, 569457943, 1115657
569579772, 570705143, 1125371
570823086, 571905943, 1082857
572024457, 573280686, 1256229
573404229, 574524686, 1120457
574647429, 575744457, 1097028
575862171, 576968229, 1106058
577232343, 578378400, 1146057
578502400, 579609143, 1106743
579726857, 580826286, 1099429
580944686, 582200115, 1255429
582322400, 583458057, 1135657
583581257, 584695314, 1114057
584812914, 585919429, 1106515
586182858, 587302286, 1119428
587424457, 588538514, 1114057
588659543, 589759543, 1100000
589879314, 590996800, 1117486
591259315, 592382629, 1123314
592505143, 593612686, 1107543
593730286, 594824914, 1094628
594941486, 596200458, 1258972
596323086, 597440457, 1117371
597563086, 598661143, 1098057
598778514, 599882057, 1103543
600000571, 601245372, 1244801
601368572, 602496915, 1128343
602620114, 603710514, 1090400
603828229, 604926286, 1098057
605198743, 606313600, 1114857
606436457, 607556457, 1120000
607677029, 608787429, 1110400
608906857, 610015771, 1108914
610274743, 611401257, 1126514
611524457, 612614857, 1090400
612731657, 613821257, 1089600
613938057, 615166858, 1228801
615290515, 616424572, 1134057
616548229, 617649829, 1101600
617767543, 618871086, 1103543
618989943, 620238629, 1248686
620361029, 621475886, 1114857
621599086, 622685372, 1086286
622802743, 623895543, 1092800
624167086, 625273029, 1105943
625395543, 626529029, 1133486
626654172, 627741372, 1087200
627859657, 628974400, 1114743
629239200, 630372800, 1133600
630495657, 631626286, 1130629
631747429, 632844457, 1097028
632962857, 634198629, 1235772
634322857, 635437486, 1114629
635560572, 636656114, 1095542
636773943, 637875886, 1101943
637995886, 639259543, 1263657
639383657, 640506972, 1123315
640630172, 641724114, 1093942
641842400, 642961943, 1119543
643225486, 644366515, 1141029
644491543, 645593600, 1102057
646422172, 647638286, 1216114
647757486, 648858400, 1100914
648977486, 650235543, 1258057
650358172, 651485715, 1127543
651608114, 652696800, 1088686
652814171, 653929029, 1114858
654201943, 655330172, 1128229
655453257, 656568114, 1114857
656685257, 657785143, 1099886
657903200, 659137372, 1234172
659261143, 660382172, 1121029
660505715, 661603657, 1097942
661721257, 662812457, 1091200
662929486, 664189372, 1259886
664310743, 665433372, 1122629
665556686, 666657486, 1100800
666775086, 667876457, 1101371
667995771, 669251657, 1255886
669374515, 670501486, 1126971
670624686, 671746971, 1122285
671866171, 672979200, 1113029
673237486, 674377600, 1140114
674500457, 675615429, 1114972
675733029, 676840000, 1106971
676958857, 678209600, 1250743
678332229, 679464572, 1132343
679588000, 680697600, 1109600
680816914, 681923886, 1106972
682203772, 683350286, 1146514
683472686, 684583772, 1111086
684701486, 685786629, 1085143
685903771, 687151086, 1247315
687276000, 688403429, 1127429
688526400, 689621372, 1094972
689738743, 690822743, 1084000
690940000, 692184229, 1244229
692307429, 693422743, 1115314
693545143, 694669943, 1124800
694789257, 695886857, 1097600
696005486, 697257943, 1252457
697381257, 698507543, 1126286
698630286, 699715772, 1085486
699833143, 700917829, 1084686
701186286, 702301486, 1115200
702424572, 703527200, 1102628
703646514, 704732000, 1085486
704849714, 705965486, 1115772
706232115, 707369372, 1137257
707494057, 708611429, 1117372
708729143, 709838857, 1109714
709957714, 711198058, 1240344
711320000, 712433257, 1113257
712556914, 713644572, 1087658
713761371, 714866057, 1104686
714984800, 716240229, 1255429
716362172, 717486172, 1124000
717608800, 718705372, 1096572
718825029, 719934400, 1109371
720200000, 721342515, 1142515
721464229, 722586629, 1122400
722704343, 723789600, 1085257
723906857, 725148800, 1241943
725273715, 726389257, 1115542
726511086, 727630743, 1119657
727748914, 728836114, 1087200
728952686, 730201258, 1248572
730324457, 731445372, 1120915
731567772, 732677029, 1109257
732794400, 733888114, 1093714
734007086, 735252572, 1245486
735376115, 736483772, 1107657
736606286, 737730286, 1124000
737849943, 738952800, 1102857
739214743, 740347543, 1132800
740470743, 741580800, 1110057
741698972, 742797600, 1098628
742915429, 744158629, 1243200
744281829, 745411429, 1129600
745534629, 746674514, 1139885
746792914, 747898286, 1105372
748179086, 749296686, 1117600
749418172, 750534400, 1116228
750652343, 751751086, 1098743
751870400, 752974857, 1104457
753237029, 754397600, 1160571
754521029, 755626172, 1105143
755743429, 756831314, 1087885
756948114, 758197715, 1249601
758324800, 759453943, 1129143
759577600, 760676914, 1099314
760795314, 761904000, 1108686
762185143, 763304229, 1119086
763425715, 764533829, 1108114
764655200, 765749829, 1094629
765866743, 766982514, 1115771
767241372, 768377372, 1136000
768500457, 769611657, 1111200
769730172, 770838743, 1108571
770957829, 772202858, 1245029
772326172, 773454857, 1128685
773582857, 774678743, 1095886
774796000, 775903543, 1107543
776176229, 777289486, 1113257
777411086, 778521943, 1110857
778645029, 779739657, 1094628
779859543, 780962857, 1103314
781222972, 782340343, 1117371
782462515, 783580343, 1117828
783699429, 784796457, 1097028
784913257, 786151658, 1238401
786276343, 787408915, 1132572
787531314, 788640114, 1108800
788767314, 789634629, 867315
789749943, 791445029, 1695086
791572343, 792660686, 1088343
792777486, 793881600, 1104114
794000800, 795248915, 1248115
795370972, 796489257, 1118285
796613257, 797694057, 1080800
797811429, 798901829, 1090400
799164229, 800282172, 1117943
800404229, 801517943, 1113714
801642629, 802758514, 1115885
802878629, 803984914, 1106285
804246515, 805378515, 1132000
805501943, 806605486, 1103543
806724572, 807822057, 1097485
807941486, 809191086, 1249600
809315200, 810445257, 1130057
810569143, 811699086, 1129943
811818857, 812901371, 1082514
813165715, 814279772, 1114057
814404115, 815523200, 1119085
815644686, 816732000, 1087314
816850857, 817969829, 1118972
818236915, 819365029, 1128114
819490286, 820594514, 1104228
821437029, 822651886, 1214857
822770743, 823869600, 1098857
823988686, 825275429, 1286743
825398515, 826506172, 1107657
826628229, 827713029, 1084800
827830514, 828936800, 1106286
829204000, 830333143, 1129143
830456000, 831563657, 1107657
831681143, 832798057, 1116914
832917829, 834162743, 1244914
834286286, 835412915, 1126629
835536572, 836630629, 1094057
836747429, 837852571, 1105142
837970857, 839208572, 1237715
839330286, 840458857, 1128571
840582286, 841668000, 1085714
841786057, 842891086, 1105029
843010286, 844261486, 1251200
844383200, 845507543, 1124343
845630743, 846716686, 1085943
846833600, 847940343, 1106743
848208343, 849320686, 1112343
849442515, 850545714, 1103199
850664229, 851778629, 1114400
851898400, 853009829, 1111429
853269600, 854383429, 1113829
854505600, 855607086, 1101486
855724343, 856841029, 1116686
856960000, 858199886, 1239886
858323200, 859440229, 1117029
859562743, 860685257, 1122514
860803771, 861902514, 1098743
862174972, 863298286, 1123314
863421143, 864550972, 1129829
864670057, 865784229, 1114172
865903771, 867148458, 1244687
867272572, 868418400, 1145828
868541257, 869646743, 1105486
869764457, 870860114, 1095657
870979086, 872227658, 1248572
872352000, 873472000, 1120000
873593943, 874690172, 1096229
874807543, 875887771, 1080228
876152686, 877252343, 1099657
877375772, 878492000, 1116228
878614857, 879721714, 1106857
879840800, 880923657, 1082857
881195429, 882330857, 1135428
882452915, 883569143, 1116228
883685943, 884805486, 1119543
884924686, 886190629, 1265943
886312686, 887440915, 1128229
887563772, 888666286, 1102514
888784572, 889884000, 1099428
890002514, 891249715, 1247201
891371886, 892502629, 1130743
892626857, 893705029, 1078172
893822857, 894914971, 1092114
895184800, 896297943, 1113143
896419886, 897543543, 1123657
897661714, 898774629, 1112915
898893943, 900001028, 1107085
900261943, 901412343, 1150400
901534857, 902648000, 1113143
902765714, 903861257, 1095543
903978857, 905222400, 1243543
905345486, 906452343, 1106857
906574400, 907692800, 1118400
907810400, 909227086, 1416686
909351086, 910489715, 1138629
910613257, 911703200, 1089943
911820457, 912930629, 1110172
913197829, 914324457, 1126628
914446743, 915556914, 1110171
915674400, 916783543, 1109143
916902057, 918005371, 1103314
918266400, 919383772, 1117372
919505714, 920609486, 1103772
920727543, 921819200, 1091657
921938057, 923170743, 1232686
923295200, 924416343, 1121143
924539200, 925632343, 1093143
925749714, 926861371, 1111657
926980457, 928228800, 1248343
928352229, 929478743, 1126514
929601486, 930722400, 1120914
930841943, 931924686, 1082743
932195658, 933329486, 1133828
933453029, 934566514, 1113485
934683543, 935781029, 1097486
935898514, 937004571, 1106057
937268686, 938677372, 1408686
938806057, 939912000, 1105943
940177715, 941292457, 1114742
941415886, 942522972, 1107086
942645943, 943728800, 1082857
943846857, 944957829, 1110972
945226172, 946366400, 1140228
946489715, 947597714, 1107999
947715200, 948807200, 1092000
948924343, 950194629, 1270286
950316915, 951440343, 1123428
951563543, 952664229, 1100686
952781714, 953884686, 1102972
954003657, 955238172, 1234515
955360572, 956482057, 1121485
956604686, 957692457, 1087771
957810286, 958914514, 1104228
959186286, 960304229, 1117943
960425943, 961549029, 1123086
961667086, 962788229, 1121143
962907771, 964153258, 1245487
964277372, 965390743, 1113371
965513257, 966613486, 1100229
966731314, 967820114, 1088800
967937029, 969167200, 1230171
969291543, 970149600, 858057
970269029, 971594514, 1325485
971712343, 972823314, 1110971
972942057, 974165258, 1223201
974288457, 975428800, 1140343
975551772, 976638972, 1087200
976757829, 977871429, 1113600
977991657, 979249600, 1257943
979372915, 980511429, 1138514
980635657, 981742286, 1106629
981863200, 982974857, 1111657
983240686, 984369143, 1128457
984492343, 985599657, 1107314
985718629, 986803429, 1084800
986921943, 988186972, 1265029
988311086, 989423657, 1112571
989546972, 990651886, 1104914
990770743, 991869143, 1098400
991988114, 993234172, 1246058
993357829, 994849600, 1491771
995681829, 996917714, 1235885
997194400, 998310057, 1115657
998432229, 999536343, 1104114
999659200, 786172, -998873028
906971, 2151429, 1244458
2273943, 3404686, 1130743
3525257, 4628686, 1103429
4744572, 5827543, 1082971
5943314, 7174286, 1230972
7297257, 8410057, 1112800
8530972, 9649486, 1118514
9765829, 10872457, 1106628
10990514, 12225943, 1235429
12348115, 13471200, 1123085
13593257, 14683200, 1089943
14801029, 15900686, 1099657
16176115, 17288457, 1112342
17410172, 18521486, 1111314
18642743, 19751886, 1109143
19870400, 20969829, 1099429
21227543, 22366400, 1138857
22489143, 23608572, 1119429
23725600, 24807886, 1082286
24924800, 26159886, 1235086
26283200, 27412572, 1129372
27536229, 28625714, 1089485
28741829, 29852686, 1110857
29971200, 31205600, 1234400
31327429, 32457372, 1129943
32579543, 33682514, 1102971
33799200, 34899200, 1100000
35166629, 36285943, 1119314
36407543, 37520800, 1113257
37643429, 38758743, 1115314
38877486, 39974171, 1096685
40233486, 41369715, 1136229
41491886, 42606286, 1114400
42723314, 43818857, 1095543
43934857, 45178972, 1244115
45301029, 46430857, 1129828
46555886, 47660343, 1104457
47776914, 49674400, 1897486
49795886, 50905829, 1109943
51184572, 52291772, 1107200
52413600, 53513257, 1099657
53634743, 54753372, 1118629
54871771, 55979543, 1107772
56236686, 57370172, 1133486
57492572, 58592572, 1100000
58709714, 59801486, 1091772
59918286, 61173143, 1254857
61294857, 62421600, 1126743
62544572, 63643657, 1099085
63760571, 64864343, 1103772
64981714, 66231658, 1249944
66353372, 67472686, 1119314
67595086, 68711657, 1116571
68830400, 69912914, 1082514
70030514, 71273829, 1243315
71394972, 72506515, 1111543
72628914, 73711086, 1082172
73827771, 74939886, 1112115
75203086, 76323086, 1120000
76444229, 77564686, 1120457
77682514, 78772457, 1089943
78890057, 80010057, 1120000
80266743, 81395543, 1128800
81517257, 82620343, 1103086
82737257, 83839200, 1101943
83957143, 85205029, 1247886
85326972, 86448572, 1121600
86570286, 87675314, 1105028
87793600, 88893029, 1099429
89011314, 90249715, 1238401
90371772, 91490400, 1118628
91612343, 92704800, 1092457
92821600, 93905257, 1083657
94166515, 95302515, 1136000
95425486, 96522057, 1096571
96643772, 97734286, 1090514
97853600, 98949829, 1096229
99213258, 100340000, 1126742
100462743, 101581600, 1118857
101707314, 102807771, 1100457
102925486, 104165029, 1239543
104289372, 105403315, 1113943
105525600, 106638514, 1112914
106756229, 107864229, 1108000
107983886, 109219200, 1235314
109341943, 110463543, 1121600
110586172, 111680686, 1094514
111798286, 112896343, 1098057
113163315, 114302743, 1139428
114425143, 115522972, 1097829
115646514, 116748114, 1101600
116867771, 117964343, 1096572
118221143, 119346286, 1125143
119469600, 120566400, 1096800
120683543, 121773143, 1089600
121891200, 123004914, 1113714
123261257, 124388800, 1127543
124512343, 125612114, 1099771
125729029, 126826171, 1097142
126942971, 128179200, 1236229
128302172, 129425372, 1123200
129548114, 130638972, 1090858
130755886, 131856114, 1100228
131975086, 133215543, 1240457
133337600, 134464343, 1126743
134588114, 135674514, 1086400
135791657, 136899200, 1107543
137177486, 138289943, 1112457
138411772, 139538172, 1126400
139659886, 140754172, 1094286
140872114, 141988457, 1116343
142247429, 143381715, 1134286
143503772, 144615314, 1111542
144733714, 145833714, 1100000
145952914, 147195772, 1242858
147318972, 148423200, 1104228
148546286, 149646857, 1100571
149764343, 150855314, 1090971
150974057, 152224915, 1250858
152348000, 153473943, 1125943
153597029, 154725029, 1128000
154842514, 155954971, 1112457
156225029, 157365829, 1140800
157488915, 158599429, 1110514
158717600, 159829143, 1111543
159949714, 161188800, 1239086
161312800, 162437829, 1125029
162562286, 163660914, 1098628
163779886, 164883886, 1104000
165004571, 166246400, 1241829
166370286, 167484800, 1114514
167610057, 168695772, 1085715
168814286, 169909829, 1095543
170183658, 171324115, 1140457
171447772, 172569600, 1121828
172689143, 173777029, 1087886
173901600, 175153143, 1251543
175278629, 176410286, 1131657
176534972, 177629257, 1094285
178474743, 179672343, 1197600
179791314, 180885371, 1094057
181005029, 182251658, 1246629
182374286, 183504229, 1129943
183626629, 184707200, 1080571
184824914, 185934286, 1109372
186203886, 187326743, 1122857
187449943, 188564114, 1114171
188681372, 189784914, 1103542
189902286, 191143086, 1240800
191266172, 192388229, 1122057
192511200, 193608229, 1097029
193725714, 194823086, 1097372
194942171, 196193258, 1251087
196314743, 197436343, 1121600
197559314, 198678286, 1118972
198796229, 199894857, 1098628
200157258, 201273257, 1115999
201395200, 202520686, 1125486
202644229, 203741143, 1096914
203860914, 204963200, 1102286
205223886, 206364686, 1140800
206487772, 207604343, 1116571
207723429, 208817829, 1094400
208935086, 210177372, 1242286
210300229, 211416457, 1116228
211538057, 212650857, 1112800
212768457, 213851657, 1083200
213968686, 215208800, 1240114
215331315, 216446515, 1115200
216568914, 217694972, 1126058
217812914, 218914971, 1102057
219182629, 220305829, 1123200
220429143, 221533943, 1104800
221651657, 222764343, 1112686
222884686, 223989029, 1104343
224249372, 225370972, 1121600
225494172, 226593714, 1099542
226710857, 227812571, 1101714
227929486, 229190058, 1260572
229312457, 230433029, 1120572
230556572, 231672914, 1116342
231789943, 232894057, 1104114
233169600, 234311429, 1141829
234433143, 235541829, 1108686
235659772, 236762400, 1102628
236879886, 237991886, 1112000
238249715, 239376800, 1127085
239498629, 240606172, 1107543
240723314, 241812343, 1089029
241929371, 243174858, 1245487
243299657, 244425486, 1125829
244547772, 245635086, 1087314
245752457, 246860000, 1107543
246978400, 248222286, 1243886
248345372, 249465486, 1120114
249587543, 250713943, 1126400
250833943, 251914057, 1080114
252185600, 253307657, 1122057
253430972, 254538514, 1107542
254660457, 255756114, 1095657
255873486, 256976114, 1102628
257234400, 258363086, 1128686
258486629, 259596914, 1110285
259714629, 260806743, 1092114
260924343, 262154172, 1229829
262277486, 263408572, 1131086
263531657, 264624457, 1092800
264741600, 265843543, 1101943
265962171, 267209258, 1247087
267331200, 268450629, 1119429
268573486, 269667314, 1093828
269785371, 270892914, 1107543
271012571, 272262629, 1250058
272385257, 273508000, 1122743
273631657, 274710057, 1078400
274827429, 275942514, 1115085
276212115, 277330743, 1118628
277452343, 278574286, 1121943
278693714, 279783086, 1089372
279900000, 281136915, 1236915
281262743, 282384229, 1121486
282507315, 283606286, 1098971
283724229, 284809486, 1085257
284926400, 286026057, 1099657
286282515, 287406515, 1124000
287528686, 288629943, 1101257
288747429, 289858286, 1110857
289977486, 291223315, 1245829
291345715, 292457029, 1111314
292579200, 293700229, 1121029
293820571, 294920229, 1099658
295182629, 296302286, 1119657
296426172, 297527886, 1101714
297650514, 298731429, 1080915
298848914, 299964457, 1115543
300225143, 301357715, 1132572
301480800, 302597372, 1116572
302715543, 303811657, 1096114
303929143, 305176343, 1247200
305299429, 306429372, 1129943
306552114, 307637257, 1085143
307754514, 308857714, 1103200
308976800, 310215315, 1238515
310337829, 311460915, 1123086
311584686, 312698857, 1114171
312817600, 313902629, 1085029
314164915, 315280343, 1115428
315402629, 316518515, 1115886
316640914, 317725943, 1085029
317843086, 318960686, 1117600
319229029, 320363772, 1134743
320486286, 321596343, 1110057
321713829, 322808914, 1095085
322926400, 324183429, 1257029
324305943, 325424343, 1118400
325547429, 326644800, 1097371
326762286, 327864000, 1101714
327983543, 329231543, 1248000
329354400, 330475886, 1121486
330598172, 331677143, 1078971
331804229, 332900457, 1096228
333175886, 334300229, 1124343
334423086, 335554286, 1131200
335674172, 336766514, 1092342
336886171, 338138743, 1252572
338264686, 339385029, 1120343
339509143, 340630857, 1121714
340750743, 341855429, 1104686
341976343, 343229600, 1253257
343354057, 344465257, 1111200
344588229, 345701486, 1113257
345821143, 346925029, 1103886
347188915, 348304457, 1115542
348430172, 349525372, 1095200
349649029, 350733143, 1084114
351510057, 352736000, 1225943
352857943, 353958743, 1100800
354220915, 355353029, 1132114
355475543, 356583314, 1107771
356701486, 357829486, 1128000
357948229, 359201486, 1253257
359324572, 360428915, 1104343
360551314, 361677714, 1126400
361796686, 362896571, 1099885
363164572, 364281715, 1117143
364404343, 365511200, 1106857
365633714, 366732000, 1098286
366851314, 367949371, 1098057
368216800, 369358857, 1142057
369482629, 370587429, 1104800
370705714, 371798286, 1092572
371915200, 373167886, 1252686
373290629, 374407657, 1117028
374531429, 375633257, 1101828
375750171, 376851543, 1101372
376970514, 378212229, 1241715
378334400, 379464229, 1129829
379587657, 380701029, 1113372
380819657, 381927086, 1107429
382200800, 383312457, 1111657
383434286, 384544686, 1110400
384668114, 385781029, 1112915
385901600, 387010743, 1109143
387268572, 388395543, 1126971
388518743, 389608800, 1090057
389726057, 390820000, 1093943
390937257, 392190058, 1252801
392313143, 393442057, 1128914
393565486, 394658972, 1093486
394776114, 395880114, 1104000
395999543, 397241943, 1242400
397363772, 398484686, 1120914
398607429, 399703543, 1096114
399821143, 400907886, 1086743
401169715, 402288229, 1118514
402410743, 403525943, 1115200
403648914, 404763429, 1114515
404882629, 405988800, 1106171
406250743, 407394400, 1143657
407517486, 408626514, 1109028
408744686, 409851543, 1106857
409969943, 411220115, 1250172
411342972, 412453600, 1110628
412576457, 413690857, 1114400
413810171, 414910743, 1100572
415181715, 416301829, 1120114
416424457, 417526743, 1102286
417649029, 418766514, 1117485
418885714, 419988571, 1102857
420245029, 421385029, 1140000
421507886, 422606743, 1098857
422724686, 423817257, 1092571
423935429, 425192458, 1257029
425314743, 426435315, 1120572
426558172, 427652000, 1093828
427768800, 428874971, 1106171
428994629, 430241715, 1247086
430364115, 431500229, 1136114
431623200, 432706629, 1083429
432823886, 433936914, 1113028
434202858, 435345600, 1142742
435468800, 436582057, 1113257
436700229, 437800914, 1100685
437919886, 439152115, 1232229
439276572, 440406857, 1130285
440529943, 441613714, 1083771
441730972, 442824114, 1093142
442941486, 444170972, 1229486
444296115, 445416686, 1120571
445539429, 446628114, 1088685
446745600, 447846057, 1100457
447965714, 449201829, 1236115
449324915, 450445600, 1120685
450568343, 451662172, 1093829
451779429, 452880571, 1101142
452999086, 454232229, 1233143
454354972, 455476800, 1121828
455599886, 456693714, 1093828
456810857, 457920343, 1109486
458184458, 459310172, 1125714
459432343, 460552000, 1119657
460669714, 461760229, 1090515
461877829, 462993257, 1115428
463251315, 464383543, 1132228
464506400, 465622972, 1116572
465741372, 466835314, 1093942
466952457, 468176572, 1224115
468300457, 469437029, 1136572
469559772, 470648000, 1088228
470765257, 471861600, 1096343
471980343, 473228343, 1248000
473351315, 474478057, 1126742
474600914, 475696457, 1095543
475814514, 476917371, 1102857
477189715, 478331772, 1142057
478454743, 479559429, 1104686
479677257, 480769943, 1092686
480886971, 482001028, 1114057
482260115, 483386515, 1126400
483509714, 484610972, 1101258
484728229, 485818971, 1090742
485935886, 487169829, 1233943
487293257, 488410629, 1117372
488533143, 489645143, 1112000
489763429, 490863886, 1100457
490982743, 492225029, 1242286
492347657, 493464572, 1116915
493587543, 494683314, 1095771
494801371, 495897029, 1095658
496174400, 497289143, 1114743
497411200, 498530057, 1118857
498650514, 499765257, 1114743
499885600, 500994400, 1108800
501255772, 502382743, 1126971
502505943, 503600000, 1094057
503717257, 504819314, 1102057
504938971, 506167200, 1228229
506291086, 507413943, 1122857
507538286, 508631543, 1093257
508750286, 509862514, 1112228
509983429, 511245715, 1262286
511370286, 512487886, 1117600
512612000, 513722172, 1110172
513843429, 514931657, 1088228
515198743, 516331315, 1132572
516455086, 517560000, 1104914
517678286, 518774743, 1096457
518893943, 520143200, 1249257
520268686, 521418743, 1150057
521542629, 522630743, 1088114
522758743, 523865029, 1106286
523985486, 525245258, 1259772
525876000, 527243886, 1367886
527368457, 528486515, 1118058
528608572, 529696114, 1087542
529813600, 530917143, 1103543
531176915, 532294515, 1117600
532417600, 533532000, 1114400
533654743, 534745714, 1090971
534862743, 535985943, 1123200
536247772, 537390857, 1143085
537513943, 538612686, 1098743
538730286, 539842286, 1112000
539959771, 541190172, 1230401
541312686, 542430972, 1118286
542553257, 543647657, 1094400
543765029, 544870971, 1105942
544989943, 546407543, 1417600
546536114, 547695657, 1159543
547813029, 548923086, 1110057
549191543, 550319315, 1127772
550441486, 551555772, 1114286
551673714, 552782400, 1108686
552900800, 554004571, 1103771
554263772, 555388915, 1125143
555511543, 556614514, 1102971
556732800, 557839543, 1106743
557957829, 559198972, 1241143
559321372, 560436915, 1115543
560559543, 561656343, 1096800
561774057, 562871657, 1097600
562989486, 564237600, 1248114
564360343, 565495200, 1134857
565619086, 566733600, 1114514
566853371, 567950286, 1096915
568209715, 569347086, 1137371
569470172, 570585029, 1114857
570702514, 571800000, 1097486
571917829, 573164915, 1247086
573289600, 574425143, 1135543
574548800, 575653600, 1104800
575770971, 576873486, 1102515
577144115, 578260800, 1116685
578383315, 579509143, 1125828
579631886, 580756229, 1124343
580874514, 581978057, 1103543
582237143, 583362400, 1125257
583484915, 584587200, 1102285
584705714, 585799086, 1093372
585916343, 587168800, 1252457
587293372, 588419200, 1125828
588541600, 589639429, 1097829
589757714, 590865600, 1107886
590984457, 592254972, 1270515
592377372, 593494172, 1116800
593616686, 594734286, 1117600
594853600, 595949600, 1096000
596215429, 597352343, 1136914
597474857, 598580914, 1106057
598698286, 599788800, 1090514
599906971, 601017943, 1110972
601277943, 602401257, 1123314
602525372, 603623772, 1098400
603740800, 604846857, 1106057
604966629, 606213258, 1246629
606336457, 607467200, 1130743
607591086, 608683200, 1092114
608800229, 609900571, 1100342
610193029, 611344457, 1151428
611466743, 612579200, 1112457
612698057, 613798286, 1100229
613915200, 615174515, 1259315
615297372, 616423315, 1125943
616546400, 617644343, 1097943
617761143, 618864686, 1103543
618983200, 620234172, 1250972
620356915, 621483772, 1126857
621606400, 622694972, 1088572
622813143, 623898743, 1085600
624161143, 625276915, 1115772
625400000, 626516000, 1116000
626638629, 627724229, 1085600
627842514, 628942286, 1099772
629206058, 630344686, 1138628
630467772, 631573714, 1105942
631690857, 632783657, 1092800
632900914, 634158286, 1257372
634282286, 635400572, 1118286
635524000, 636625486, 1101486
636742972, 637851429, 1108457
637970857, 639225258, 1254401
639348343, 640483886, 1135543
640607543, 641696000, 1088457
641813257, 642929943, 1116686
643204915, 644327429, 1122514
644450400, 645550057, 1099657
645667086, 646771772, 1104686
646889029, 647993028, 1103999
648254058, 648981829, 727771
649473600, 650627314, 1153714
650747086, 651839657, 1092571
651958857, 653209943, 1251086
653337486, 654466286, 1128800
654588800, 655708686, 1119886
655827429, 656905829, 1078400
657023886, 658267429, 1243543
658389829, 659503429, 1113600
659625829, 660735772, 1109943
660855657, 661950971, 1095314
662221143, 663346857, 1125714
663469257, 664590057, 1120800
664707886, 665813943, 1106057
665933600, 667183886, 1250286
667308000, 668444457, 1136457
668568229, 669677372, 1109143
669794629, 670895886, 1101257
671014857, 672278286, 1263429
672400915, 673521600, 1120685
673644572, 674754857, 1110285
674874629, 675982057, 1107428
676243658, 677386743, 1143085
677510057, 678619314, 1109257
678737257, 679824800, 1087543
679942057, 681203543, 1261486
681326743, 682435315, 1108572
682558743, 683692343, 1133600
683811200, 684900457, 1089257
685169258, 686300343, 1131085
686424457, 687546400, 1121943
687671543, 688765143, 1093600
688883086, 689989600, 1106514
690254743, 691372800, 1118057
691496800, 692589257, 1092457
692708686, 693570972, 862286
693685143, 694920000, 1234857
695187658, 696315200, 1127542
696438515, 697551886, 1113371
697670172, 698796457, 1126285
698915886, 700024228, 1108342
700812343, 702183886, 1371543
702309715, 703422972, 1113257
703546629, 704654400, 1107771
704772800, 705876114, 1103314
705994514, 706873257, 878743
706991086, 710189599, 3198513
710315085, 711447314, 1132229
711569714, 712665942, 1096228
712784456, 713884571, 1100115
714003771, 715253485, 1249714
715376342, 716486742, 1110400
716609028, 717714971, 1105943
717835542, 718929713, 1094171
719196342, 720322514, 1126172
720445714, 721553142, 1107428
721671656, 722777714, 1106058
722897028, 723992456, 1095428
724252342, 725376685, 1124343
725499656, 726356914, 857258
726478285, 727955428, 1477143
728235199, 729372342, 1137143
729495885, 730607656, 1111771
730726171, 731827542, 1101371
731947085, 733203199, 1256114
733325599, 734442971, 1117372
734565599, 735646742, 1081143
735763542, 736861828, 1098286
736980799, 738219657, 1238858
738342057, 739464685, 1122628
739587314, 740668571, 1081257
740785599, 741888913, 1103314
742008113, 743269142, 1261029
743391542, 744506171, 1114629
744628342, 745710742, 1082400
745827771, 746917371, 1089600
747180457, 748307314, 1126857
748430514, 749539999, 1109485
749657714, 750758399, 1100685
750875656, 751983199, 1107543
752241142, 753381828, 1140686
753505142, 754604228, 1099086
754723085, 755809714, 1086629
755926285, 757026285, 1100000
757281485, 758404228, 1122743
758526742, 759638742, 1112000
759755999, 760838856, 1082857
760956113, 762175085, 1218972
762297714, 763425714, 1128000
763548228, 764644799, 1096571
764763085, 765855885, 1092800
765974513, 767219199, 1244686
767341828, 768451428, 1109600
768574514, 769660799, 1086285
769778285, 770884914, 1106629
771003542, 772243542, 1240000
772366742, 773478856, 1112114
773600914, 774723314, 1122400
774840914, 775937028, 1096114
776201942, 777337828, 1135886
777460456, 778859314, 1398858
778979999, 780244914, 1264915
780366628, 781486056, 1119428
781609371, 782708228, 1098857
782828342, 783928342, 1100000
784195542, 785321142, 1125600
785443885, 786546971, 1103086
786663656, 787751771, 1088115
787869485, 788970056, 1100571
789225142, 790343428, 1118286
790465485, 791573371, 1107886
791691428, 792788114, 1096686
792905599, 794154514, 1248915
794278628, 795413142, 1134514
795536685, 796629028, 1092343
796746171, 797842399, 1096228
797960456, 799212228, 1251772
799334514, 800443885, 1109371
800566514, 801679885, 1113371
801799428, 802902856, 1103428
803180685, 804300342, 1119657
804422514, 805531885, 1109371
805649599, 806745942, 1096343
806864799, 807974742, 1109943
808235542, 809369714, 1134172
809492571, 810597714, 1105143
810715999, 811806056, 1090057
811922742, 813172342, 1249600
813296571, 814425485, 1128914
814548114, 815643085, 1094971
815760571, 816861942, 1101371
816980685, 818221828, 1241143
818345028, 819460228, 1115200
819583428, 820701371, 1117943
820821371, 821918171, 1096800
822176685, 823285028, 1108343
823408228, 824528914, 1120686
824651885, 825737142, 1085257
825854742, 826960228, 1105486
827220799, 828341257, 1120458
828464342, 829574514, 1110172
829691999, 830785371, 1093372
830903199, 832007428, 1104229
832262971, 833395428, 1132457
833518742, 834615085, 1096343
834732114, 835830856, 1098742
835949942, 837179885, 1229943
837302285, 838421028, 1118743
838543199, 839642514, 1099315
839759542, 840856228, 1096686
840976228, 842210514, 1234286
842332685, 843451885, 1119200
843574056, 844664571, 1090515
844781371, 845882056, 1100685
846001485, 847255314, 1253829
847378399, 848508342, 1129943
848631085, 849753028, 1121943
849872799, 850961142, 1088343
851218628, 852355085, 1136457
852478628, 853578171, 1099543
853695428, 854791771, 1096343
854909599, 856162514, 1252915
856285714, 857386514, 1100800
857510971, 858595428, 1084457
858726285, 859823885, 1097600
859941599, 861175428, 1233829
861298857, 862403542, 1104685
862527314, 863624342, 1097028
863742399, 864840914, 1098515
864960228, 866196457, 1236229
866320571, 867436114, 1115543
867559771, 868676571, 1116800
868797828, 869896799, 1098971
870157828, 871273485, 1115657
871397942, 872500571, 1102629
872623314, 873724571, 1101257
873844228, 874718856, 874628
875827199, 877166285, 1339086
877294285, 878421028, 1126743
878545028, 879644571, 1099543
879761942, 880861485, 1099543
880980228, 882219085, 1238857
882341257, 883454971, 1113714
883577942, 884698971, 1121029
884819656, 885911885, 1092229
886194742, 887314057, 1119315
887437256, 888536799, 1099543
888654514, 889754856, 1100342
889872799, 890989599, 1116800
891249942, 892378171, 1128229
892501371, 893602628, 1101257
893720114, 894810399, 1090285
894927885, 896182399, 1254514
896305028, 897410971, 1105943
897533485, 898636571, 1103086
898754399, 899854856, 1100457
899974399, 901222857, 1248458
901345485, 902464456, 1118971
902586171, 903697942, 1111771
903816571, 904898171, 1081600
905161028, 906277714, 1116686
906400457, 907504914, 1104457
907627199, 908732456, 1105257
908851771, 909955771, 1104000
910478056, 911640456, 1162400
911757942, 912842171, 1084229
912959199, 914197257, 1238058
914319771, 915442971, 1123200
915566742, 916692342, 1125600
916811199, 917911885, 1100686
918179885, 919301371, 1121486
919423885, 920542742, 1118857
920665828, 921766056, 1100228
921885256, 923003771, 1118515
923263999, 924382171, 1118172
924506514, 925611542, 1105028
925730628, 926816914, 1086286
926933599, 928159999, 1226400
928283428, 929416228, 1132800
929539085, 930627885, 1088800
930745371, 931833256, 1087885
931951656, 933179999, 1228343
933302514, 934414057, 1111543
934537256, 935628342, 1091086
935745599, 936844685, 1099086
936963313, 938212685, 1249372
938334057, 939449256, 1115199
939571314, 940961942, 1390628
941224228, 942360914, 1136686
942483999, 943589828, 1105829
943707085, 944792228, 1085143
944908799, 946157142, 1248343
946280685, 947394399, 1113714
947517714, 948621371, 1103657
948739656, 949843428, 1103772
949962399, 951203314, 1240915
951325828, 952430857, 1105029
952553142, 953675656, 1122514
953795085, 954895085, 1100000
955161714, 956298742, 1137028
956422285, 957541485, 1119200
957658971, 958770971, 1112000
958891199, 960004913, 1113714
960265371, 961386514, 1121143
961508685, 962595771, 1087086
962713028, 963810856, 1097828
963929942, 965179199, 1249257
965302171, 966426399, 1124228
966550285, 967639656, 1089371
967756456, 968853599, 1097143
968972571, 970209714, 1237143
970331542, 971446514, 1114972
971568799, 972675656, 1106857
972794399, 973897599, 1103200
974158514, 975267428, 1108914
975390057, 976493028, 1102971
976615771, 977704228, 1088457
977821028, 978909028, 1088000
979174399, 980298857, 1124458
980421257, 981518399, 1097142
981638171, 982710399, 1072228
982827314, 983915656, 1088342
984181828, 985306285, 1124457
985429485, 986543314, 1113829
986661714, 987778856, 1117142
987897828, 989001371, 1103543
989259885, 990404228, 1144343
990531314, 991625028, 1093714
991741714, 992830399, 1088685
992947885, 994166628, 1218743
994290057, 995770628, 1480571
995904799, 997177828, 1273029
997300914, 998423542, 1122628
998545142, 999637599, 1092457
999754514, 865028, -998889486
985028, 2220114, 1235086
2339885, 3454056, 1114171
3574628, 4668799, 1094171
4784571, 5887313, 1102742
6006056, 7269828, 1263772
7391771, 8502742, 1110971
8623656, 9740342, 1116686
9858513, 10954856, 1096343
11216799, 12341028, 1124229
12463085, 13572342, 1109257
13690399, 14781828, 1091429
14897599, 16136685, 1239086
16261257, 17379428, 1118171
17501599, 18597142, 1095543
18713942, 19799199, 1085257
19915428, 21168342, 1252914
21290514, 22408914, 1118400
22530971, 23624228, 1093257
23741028, 24841485, 1100457
24958856, 26200228, 1241372
26320799, 27429714, 1108915
27551885, 28645028, 1093143
28762399, 29860685, 1098286
29978285, 31214971, 1236686
31336457, 32464228, 1127771
32586514, 33677828, 1091314
33795314, 34893714, 1098400
35012571, 36263314, 1250743
36386399, 37493714, 1107315
37617256, 38700799, 1083543
38820114, 39904913, 1084799
40165599, 41272914, 1107315
41396914, 42495542, 1098628
42619314, 43719542, 1100228
43839199, 44933142, 1093943
45197599, 46318742, 1121143
46442971, 47558628, 1115657
47677256, 49583885, 1906629
49705485, 50791656, 1086171
50909142, 52147428, 1238286
52272228, 53393485, 1121257
53517485, 54616342, 1098857
55444571, 56647428, 1202857
56766514, 57866856, 1100342
57985713, 59230285, 1244572
59352114, 60481485, 1129371
60603542, 61706171, 1102629
61824799, 62904914, 1080115
63022513, 64274057, 1251544
64395771, 65499656, 1103885
65621714, 66707999, 1086285
66824114, 67927313, 1103199
68183085, 69299314, 1116229
69420685, 70528114, 1107429
70649828, 71747999, 1098171
71864228, 72972113, 1107885
73228685, 74355657, 1126972
74477599, 75580571, 1102972
75698171, 76792914, 1094743
76911199, 78159885, 1248686
78283657, 79421485, 1137828
79544228, 80662399, 1118171
80778971, 81881371, 1102400
81999085, 83258628, 1259543
83380914, 84505028, 1124114
84626856, 85710399, 1083543
85828914, 86929371, 1100457
87195428, 88306399, 1110971
88428228, 89530285, 1102057
89652342, 90751771, 1099429
90870056, 91992799, 1122743
92250171, 93384914, 1134743
93506742, 94593256, 1086514
94710628, 95786971, 1076343
95902856, 97159771, 1256915
97283085, 98406285, 1123200
98529599, 99621485, 1091886
99738285, 100822628, 1084343
100939085, 102158399, 1219314
102282628, 103400685, 1118057
103523771, 104614742, 1090971
104732799, 105836913, 1104114
105954513, 107174971, 1220458
107298171, 108432457, 1134286
108554399, 109657028, 1102629
109775428, 110869256, 1093828
110987885, 112230171, 1242286
112352914, 113469714, 1116800
113592571, 114679885, 1087314
114797942, 115894742, 1096800
116153257, 117262171, 1108914
117385142, 118497942, 1112800
118619428, 119703314, 1083886
119820571, 120907085, 1086514
121172571, 122287542, 1114971
122410399, 123504456, 1094057
123626628, 124720799, 1094171
124840342, 125934056, 1093714
126200228, 127313028, 1112800
127436456, 128540228, 1103772
128657828, 129763999, 1106171
129883771, 130998628, 1114857
131255085, 132375085, 1120000
132497142, 133578399, 1081257
133695542, 134785142, 1089600
134904685, 136018285, 1113600
136272685, 137402057, 1129372
137525256, 138616914, 1091658
138734171, 139818742, 1084571
139936342, 141164228, 1227886
141288457, 142412457, 1124000
142535656, 143633942, 1098286
143751542, 144857714, 1106172
144977371, 146206399, 1229028
146328914, 147471999, 1143085
147595199, 148693142, 1097943
148812114, 149914285, 1102171
150183314, 151303771, 1120457
151425942, 152527085, 1101143
152649485, 153748114, 1098629
153865256, 154971999, 1106743
155226628, 156348685, 1122057
156471428, 157573028, 1101600
157691656, 158781256, 1089600
158899085, 160008571, 1109486
160265485, 161406057, 1140572
161529142, 162646971, 1117829
162765485, 163866971, 1101486
163985371, 165226399, 1241028
165349257, 166472571, 1123314
166595199, 167715542, 1120343
167834056, 168926971, 1092915
169190971, 170310399, 1119428
170433257, 171544799, 1111542
171667199, 172779656, 1112457
172899542, 174010056, 1110514
174266399, 175373028, 1106629
175496228, 176579542, 1083314
176696685, 177784228, 1087543
177902399, 179017371, 1114972
179272571, 180393257, 1120686
180517942, 181610285, 1092343
181727428, 182808799, 1081371
182926171, 184021028, 1094857
184272342, 185384114, 1111772
185506399, 186599771, 1093372
186716799, 187795999, 1079200
187913371, 189159428, 1246057
189282742, 190397714, 1114972
190520114, 191613142, 1093028
191729942, 192826171, 1096229
192944913, 194190514, 1245601
194312228, 195435542, 1123314
195557599, 196672799, 1115200
196792228, 197892456, 1100228
198012342, 199252457, 1240115
199374742, 200487199, 1112457
200609371, 201695542, 1086171
201814399, 202917142, 1102743
203188685, 204316685, 1128000
204440228, 205551771, 1111543
205670742, 206778285, 1107543
206897256, 208011085, 1113829
208268914, 209392114, 1123200
209515771, 210611999, 1096228
210730056, 211815199, 1085143
211931771, 213153257, 1221486
213278399, 214393828, 1115429
214518056, 215613028, 1094972
215731542, 216818285, 1086743
216936228, 218160114, 1223886
218285142, 219406971, 1121829
219531314, 220623999, 1092685
220742514, 221831085, 1088571
221949256, 223163085, 1213829
223287199, 224412114, 1124915
224536571, 225634971, 1098400
225753371, 226858856, 1105485
226978628, 228225599, 1246971
228349142, 229466628, 1117486
229590514, 230693828, 1103314
231492685, 232695542, 1202857
232817142, 233915542, 1098400
234182742, 235297599, 1114857
235419999, 236280571, 860572
236401828, 238414628, 2012800
238541028, 239643542, 1102514
239760456, 240859199, 1098743
240978856, 242219199, 1240343
242342057, 243471085, 1129028
243597028, 244725485, 1128457
244843542, 245938399, 1094857
246196799, 247323428, 1126629
247445714, 248551542, 1105828
248669485, 249758514, 1089029
249876571, 250969942, 1093371
251224799, 252355657, 1130858
252478399, 253589714, 1111315
253707656, 254813028, 1105372
254932342, 256181371, 1249029
256304228, 257434056, 1129828
257557028, 258649256, 1092228
258767199, 259870056, 1102857
259989371, 261245142, 1255771
261368799, 262477371, 1108572
262600685, 263681485, 1080800
263798399, 264902171, 1103772
265177599, 266278399, 1100800
266400342, 267508342, 1108000
267631771, 268739999, 1108228
268859199, 269956685, 1097486
270216799, 271364685, 1147886
271487542, 272594971, 1107429
272722285, 273836113, 1113828
273956113, 275191428, 1235315
275314399, 276425142, 1110743
276547771, 277673942, 1126171
277792685, 278890399, 1097714
279009713, 280244799, 1235086
280366857, 281479771, 1112914
281602628, 282716914, 1114286
282835199, 283921485, 1086286
284189371, 285303999, 1114628
285426285, 286533714, 1107429
286655999, 287775999, 1120000
287894856, 289002056, 1107200
289263428, 290384342, 1120914
290507085, 291628114, 1121029
291746856, 292840228, 1093372
292958171, 294199657, 1241486
294322171, 295435428, 1113257
295558171, 296649256, 1091085
296767199, 297862513, 1095314
297981256, 299217714, 1236458
299340114, 300458628, 1118514
300582056, 301664571, 1082515
301781828, 302876456, 1094628
302994856, 304235771, 1240915
304357599, 305479314, 1121715
305601828, 306697028, 1095200
306814399, 307911542, 1097143
308171885, 309285142, 1113257
309406857, 310515999, 1109142
310639085, 311745942, 1106857
311865485, 312954399, 1088914
313213599, 314355657, 1142058
314479199, 315573142, 1093943
315690628, 316772114, 1081486
316889828, 318133371, 1243543
318256685, 319412342, 1155657
319536456, 320653142, 1116686
320772571, 321873485, 1100914
321993256, 323243199, 1249943
323365942, 324491314, 1125372
324614056, 325726171, 1112115
325845828, 326958742, 1112914
327224228, 328357599, 1133371
328480456, 329596456, 1116000
329715314, 330794171, 1078857
330911085, 332157942, 1246857
332282514, 333404799, 1122285
333528228, 334618399, 1090171
334735999, 335828914, 1092915
335947542, 337180799, 1233257
337303199, 338395657, 1092458
338518514, 339609714, 1091200
339727542, 340810971, 1083429
340927771, 342150742, 1222971
342275771, 343395085, 1119314
343519771, 344611771, 1092000
344729142, 345815771, 1086629
345932342, 347174514, 1242172
347297028, 348401142, 1104114
348523428, 349624571, 1101143
349742514, 350821371, 1078857
350938171, 352161828, 1223657
352285142, 353413828, 1128686
353536685, 354633485, 1096800
354750742, 355847428, 1096686
355966056, 357199999, 1233943
357322971, 358446171, 1123200
358569371, 359684914, 1115543
359805142, 360898056, 1092914
361165828, 362283657, 1117829
362405257, 363519314, 1114057
363642628, 364736571, 1093943
364854514, 365963199, 1108685
366222742, 367348342, 1125600
367470971, 368565142, 1094171
368682171, 369773371, 1091200
369889828, 371004685, 1114857
371261257, 372386971, 1125714
372509828, 373615656, 1105828
373734285, 374830514, 1096229
374948799, 376198171, 1249372
376319885, 377433714, 1113829
377556685, 378664342, 1107657
378783428, 379877256, 1093828
379995428, 381238628, 1243200
381360685, 382466285, 1105600
382588456, 383706056, 1117600
383823771, 384924913, 1101142
385190057, 386306171, 1116114
386428114, 387544456, 1116342
387663085, 388758628, 1095543
388877942, 389997485, 1119543
390257142, 391382057, 1124915
391506856, 392594399, 1087543
392713371, 393803999, 1090628
393922971, 395160571, 1237600
395287085, 396421257, 1134172
396545485, 397662856, 1117371
397782742, 398880342, 1097600
399001142, 400240114, 1238972
400363657, 401485256, 1121599
401609371, 402692114, 1082743
402811199, 403923656, 1112457
404186514, 405291314, 1104800
405928342, 407265485, 1337143
407389828, 408501485, 1111657
408623771, 409731542, 1107771
409851656, 410944456, 1092800
411205028, 412344914, 1139886
412467656, 413569828, 1102172
413686856, 414769485, 1082629
414887542, 415999199, 1111657
416257028, 417389257, 1132229
417512342, 418605142, 1092800
418722171, 419809942, 1087771
419927428, 421176685, 1249257
421300799, 422418514, 1117715
422541371, 423633942, 1092571
423751542, 424842856, 1091314
424961371, 426206971, 1245600
426328914, 427439999, 1111085
427562971, 428683199, 1120228
428801371, 429899542, 1098171
430168228, 431293371, 1125143
431415199, 432516685, 1101486
432638628, 433744228, 1105600
433862399, 434975199, 1112800
435235542, 436382514, 1146972
436506171, 437605142, 1098971
437722285, 438823428, 1101143
438942399, 440034056, 1091657
440288114, 441403999, 1115885
441527085, 442610971, 1083886
442727885, 443816571, 1088686
443933942, 445164571, 1230629
445286857, 446423314, 1136457
446546514, 447663085, 1116571
447782171, 448884114, 1101943
449003542, 450244457, 1240915
450366285, 451473142, 1106857
451595885, 452689142, 1093257
452807314, 453910971, 1103657
454176457, 455300799, 1124342
455423428, 456538171, 1114743
456660685, 457773028, 1112343
457891885, 458997599, 1105714
459255428, 460359657, 1104229
460482514, 461574742, 1092228
461691885, 462780914, 1089029
462898856, 464140685, 1241829
464263771, 465387657, 1123886
465510628, 466608571, 1097943
466725942, 467845828, 1119886
467964685, 469218857, 1254172
469342171, 470456114, 1113943
470579085, 471668685, 1089600
471785828, 472886971, 1101143
473005942, 474236114, 1230172
474358171, 475469485, 1111314
475592456, 476680571, 1088115
476798742, 477898971, 1100229
478164914, 479276799, 1111885
479398514, 480502285, 1103771
480624685, 481729828, 1105143
481848456, 482957828, 1109372
483223657, 484330514, 1106857
484458285, 485606285, 1148000
485725599, 486815542, 1089943
486932913, 488185257, 1252344
488307771, 489427085, 1119314
489550399, 490645714, 1095315
490763314, 491856571, 1093257
491975199, 493225028, 1249829
493347542, 494460228, 1112686
494582514, 495699885, 1117371
495817714, 496896228, 1078514
497155771, 498266628, 1110857
498389942, 499510628, 1120686
499633942, 500720799, 1086857
500838742, 501925942, 1087200
502189371, 503309942, 1120571
503431771, 504538514, 1106743
504655656, 505755771, 1100115
505875313, 506995428, 1120115
507253828, 508373485, 1119657
508495999, 509584571, 1088572
509703314, 510783771, 1080457
510901142, 512015313, 1114171
512272114, 513382399, 1110285
513504228, 514594971, 1090743
514711542, 515797942, 1086400
515914285, 517168228, 1253943
517291199, 518398057, 1106858
518521028, 519609828, 1088800
519727656, 520826056, 1098400
520945371, 522183771, 1238400
522305942, 523423885, 1117943
523546514, 524659656, 1113142
524779085, 525878856, 1099771
525997942, 527236799, 1238857
527359314, 528489371, 1130057
528613371, 529705256, 1091885
529823771, 530918056, 1094285
531184114, 532286285, 1102171
532408457, 533507999, 1099542
533630628, 534753714, 1123086
534873371, 535965142, 1091771
536222399, 537341599, 1119200
537464114, 538564571, 1100457
538681599, 539779771, 1098172
539899428, 541007085, 1107657
541265485, 542385028, 1119543
542508114, 543599542, 1091428
543716914, 544801028, 1084114
544918399, 546158857, 1240458
546282742, 547423199, 1140457
547545828, 548668914, 1123086
548787999, 549890285, 1102286
550009828, 551250285, 1240457
551372685, 552486056, 1113371
552608114, 553715542, 1107428
553834171, 554915542, 1081371
555177942, 556296342, 1118400
556419542, 557522399, 1102857
557644571, 558749371, 1104800
558866171, 559981599, 1115428
560244457, 561372914, 1128457
561498399, 562619999, 1121600
562738971, 563841371, 1102400
563960799, 565202971, 1242172
565327885, 566446514, 1118629
566571771, 567668914, 1097143
567790171, 568888114, 1097943
569008456, 570247085, 1238629
570370628, 571483656, 1113028
571607656, 572691771, 1084115
572810856, 573896913, 1086057
574158514, 575291314, 1132800
575415771, 576537142, 1121371
576661142, 577766171, 1105029
577887428, 578995999, 1108571
579758742, 580970513, 1211771
581241828, 582368799, 1126971
582491656, 583593371, 1101715
583711199, 584818971, 1107772
584937485, 586163885, 1226400
586288228, 587411314, 1123086
587535542, 588628342, 1092800
588746171, 589846171, 1100000
589964913, 591217714, 1252801
591340457, 592457371, 1116914
592580114, 593694742, 1114628
593811885, 594912914, 1101029
595184342, 596291771, 1107429
596413828, 597524228, 1110400
597647428, 598765256, 1117828
598884685, 599990056, 1105371
600245257, 601369142, 1123885
601491428, 602586628, 1095200
602704342, 603783999, 1079657
603901028, 605002742, 1101714
605257257, 606391885, 1134628
606514171, 607612456, 1098285
607729828, 608814056, 1084228
608932228, 610153485, 1221257
610277142, 611396685, 1119543
611519885, 612613371, 1093486
612730056, 613823999, 1093943
613940913, 615175199, 1234286
615297599, 616408685, 1111086
616531771, 617629256, 1097485
617746971, 618841828, 1094857
618961028, 620217828, 1256800
620340114, 621458285, 1118171
621581256, 622663771, 1082515
622781256, 623879656, 1098400
623998742, 625248114, 1249372
625370857, 626487542, 1116685
626609599, 627691085, 1081486
627807999, 628914628, 1106629
629181485, 630295085, 1113600
630417714, 631536914, 1119200
631657828, 632761485, 1103657
632880114, 633996456, 1116342
634256457, 635397599, 1141142
635520456, 636616114, 1095658
636733599, 637830399, 1096800
637948571, 639172457, 1223886
639296228, 640410171, 1113943
640532685, 641647428, 1114743
641764914, 642846971, 1082057
642965142, 644212685, 1247543
644334857, 645449942, 1115085
645572799, 646656799, 1084000
646774742, 647874971, 1100229
647993942, 649249942, 1256000
649373142, 650474856, 1101714
650597371, 651686285, 1088914
651803999, 652899999, 1096000
653160914, 654252914, 1092000
654375085, 655480114, 1105029
655602514, 656713142, 1110628
656831428, 657910171, 1078743
658169714, 659286971, 1117257
659409828, 660511885, 1102057
660634171, 661745371, 1111200
661865942, 662961142, 1095200
663220457, 664342857, 1122400
664465256, 665577599, 1112343
665695999, 666788228, 1092229
666905485, 668007313, 1101828
668263428, 669380228, 1116800
669502056, 670598285, 1096229
670715999, 671798399, 1082400
671915085, 673163771, 1248686
673286971, 674393714, 1106743
674515428, 675613256, 1097828
675731199, 676831428, 1100229
676950285, 678177599, 1227314
678301142, 679420342, 1119200
679542971, 680639199, 1096228
680757142, 681857028, 1099886
681976571, 683222742, 1246171
683345714, 684467542, 1121828
684589714, 685689142, 1099428
685806971, 686898856, 1091885
687158628, 688287885, 1129257
688411314, 689525371, 1114057
689648342, 690763199, 1114857
690883314, 691976913, 1093599
692233257, 693364571, 1131314
693487428, 694610856, 1123428
694729599, 695837142, 1107543
695956456, 697197142, 1240686
697319542, 698442742, 1123200
698565485, 699672571, 1107086
699791656, 700893256, 1101600
701012456, 702255885, 1243429
702377828, 703501714, 1123886
703624685, 704708228, 1083543
704825714, 705911885, 1086171
706171657, 707283771, 1112114
707406742, 708515314, 1108572
708638514, 709777485, 1138971
709896456, 711003313, 1106857
711264685, 712380114, 1115429
712502514, 713598971, 1096457
713716914, 714815885, 1098971
714935199, 716164914, 1229715
716289371, 717412457, 1123086
717535314, 718658171, 1122857
718775428, 719837942, 1062514
719963313, 721219314, 1256001
721341714, 722466971, 1125257
722589828, 723671428, 1081600
723788685, 724887314, 1098629
725150857, 726266285, 1115428
726388914, 727504799, 1115885
727629028, 728707771, 1078743
728825371, 729923085, 1097714
730193371, 731297599, 1104228
731419314, 732519085, 1099771
732641485, 733745485, 1104000
733865485, 734968571, 1103086
735227199, 736354399, 1127200
736478171, 737574971, 1096800
737694399, 738773828, 1079429
738892914, 740003771, 1110857
740262514, 741386971, 1124457
741510628, 742600114, 1089486
742719999, 743803771, 1083772
743923313, 745160799, 1237486
745287657, 746414742, 1127085
746538514, 747633371, 1094857
747752114, 748846056, 1093942
748966171, 750211199, 1245028
750335428, 751445942, 1110514
752241485, 753436914, 1195429
753564342, 754653142, 1088800
754770285, 755874399, 1104114
755993599, 757231199, 1237600
757352685, 758482742, 1130057
758605485, 759695656, 1090171
759813599, 760903999, 1090400
761165942, 762279428, 1113486
762402057, 763521028, 1118971
763644571, 764731085, 1086514
764848342, 765942971, 1094629
766205142, 767327428, 1122286
767450171, 768555542, 1105371
768673142, 769760914, 1087772
769877942, 770989828, 1111886
771248114, 772376457, 1128343
772498399, 773593942, 1095543
773711542, 774794971, 1083429
774911885, 776015428, 1103543
776268685, 777398514, 1129829
777521371, 778635199, 1113828
778753828, 779858056, 1104228
779977599, 780847771, 870172
780964228, 785380457, 4416229
785506857, 786623886, 1117029
786740686, 787848114, 1107428
787967429, 789240915, 1273486
789363429, 790493943, 1130514
790617600, 791704229, 1086629
791821600, 792932343, 1110743
793193715, 794321029, 1127314
794442743, 795566972, 1124229
795685143, 796791086, 1105943
796910057, 798157372, 1247315
798281829, 799403543, 1121714
799526057, 800667772, 1141715
800786172, 801890629, 1104457
802009600, 803249829, 1240229
803373143, 804498515, 1125372
804621029, 805716686, 1095657
805834857, 806925829, 1090972
807194972, 808333029, 1138057
808456229, 809573372, 1117143
809691543, 810779772, 1088229
810897600, 812001486, 1103886
812260229, 813404115, 1143886
813528343, 814652686, 1124343
814770629, 815876229, 1105600
815994628, 817231200, 1236572
817353715, 818470972, 1117257
818593600, 819704114, 1110514
819823314, 820931086, 1107772
821202515, 822332915, 1130400
822455086, 823558629, 1103543
823677829, 824771886, 1094057
824888914, 826002057, 1113143
826259886, 827380915, 1121029
827503314, 828603086, 1099772
828721029, 829808000, 1086971
829924800, 831156686, 1231886
831281943, 832401143, 1119200
832524915, 833627086, 1102171
833744914, 834827886, 1082972
834944914, 836186743, 1241829
836310172, 837449715, 1139543
837571657, 838676000, 1104343
838794171, 839891200, 1097029
840009828, 841262286, 1252458
841385257, 842502857, 1117600
842625600, 843722286, 1096686
843840686, 844947657, 1106971
845206515, 846326057, 1119542
846447886, 847551429, 1103543
847669372, 848757257, 1087885
848874629, 849981257, 1106628
850246172, 851376800, 1130628
851499657, 852605714, 1106057
852723772, 853818629, 1094857
853935771, 855181829, 1246058
855305486, 856422286, 1116800
856545372, 857644457, 1099085
857762857, 858863657, 1100800
858981943, 860225600, 1243657
860348800, 861460915, 1112115
861583086, 862708000, 1124914
862826057, 863926400, 1100343
864198743, 865325715, 1126972
865448229, 866552800, 1104571
866672457, 867789371, 1116914
867908571, 869150515, 1241944
869273715, 870413715, 1140000
870536686, 871630629, 1093943
871748114, 872852343, 1104229
872971086, 874245258, 1274172
874367429, 875499314, 1131885
875622172, 876740686, 1118514
876860114, 877976571, 1116457
878239429, 879367657, 1128228
879489943, 880589714, 1099771
880707200, 881795314, 1088114
881912229, 883164458, 1252229
883288800, 884418743, 1129943
884541943, 885645143, 1103200
885762629, 886859657, 1097028
886977371, 888226629, 1249258
888349829, 889480572, 1130743
889603200, 890685257, 1082057
890802971, 891890286, 1087315
892158743, 893262743, 1104000
893384915, 894495429, 1110514
894617714, 895712343, 1094629
895830286, 896927543, 1097257
897190172, 898303886, 1113714
898426172, 899530629, 1104457
899652914, 900747086, 1094172
900864343, 901984571, 1120228
902246058, 903377943, 1131885
903501143, 904612000, 1110857
904730057, 905836457, 1106400
905955086, 907211429, 1256343
907333829, 908459886, 1126057
908583429, 909675086, 1091657
909792229, 910895657, 1103428
911161943, 912406857, 1244914
912537372, 913704000, 1166628
913823543, 914925257, 1101714
915199086, 916328800, 1129714
916453257, 917554629, 1101372
917673257, 918784000, 1110743
918904800, 919997714, 1092914
920257600, 921391429, 1133829
921516343, 922657372, 1141029
922776686, 923886514, 1109828
924006514, 925248457, 1241943
925371886, 926498972, 1127086
926624114, 927752114, 1128000
927872914, 928982400, 1109486
929754400, 930980914, 1226514
931244800, 932373943, 1129143
932496800, 933604229, 1107429
933721943, 934816686, 1094743
934934514, 936176000, 1241486
936298857, 937431886, 1133029
937554972, 938649029, 1094057
938766514, 939874629, 1108115
939993714, 941233372, 1239658
941355543, 942762286, 1406743
942890286, 943998057, 1107771
944259200, 945397600, 1138400
945521143, 946624000, 1102857
946741600, 947852229, 1110629
947971314, 949220686, 1249372
949342515, 950479086, 1136571
950602514, 951686057, 1083543
951803086, 952896114, 1093028
953165715, 954275429, 1109714
954396800, 955517257, 1120457
955640686, 956757029, 1116343
956876343, 957991086, 1114743
958253372, 959383315, 1129943
959505943, 960617600, 1111657
960735543, 961602972, 867429
961719086, 969997142, 8278056
970270285, 971396457, 1126172
971519200, 972616343, 1097143
972733257, 973840457, 1107200
973958400, 975199086, 1240686
975321372, 976436457, 1115085
976559543, 977667543, 1108000
977784000, 978888686, 1104686
979008114, 980244915, 1236801
980366629, 981497143, 1130514
981620800, 982703314, 1082514
982821029, 983926057, 1105028
984191543, 985306057, 1114514
985427886, 986545486, 1117600
986666743, 987771543, 1104800
987891200, 989003657, 1112457
989266857, 990393600, 1126743
990516115, 991623657, 1107542
991740686, 992828914, 1088228
992946057, 994224915, 1278858
994348343, 995469486, 1121143
995591657, 997265257, 1673600
997391886, 998534972, 1143086
998659086, 999778171, 1119085
999898743, 1145829, -998752914
1271086, 2386172, 1115086
2507315, 3607200, 1099885
3723086, 4814171, 1091085
4929943, 6164915, 1234972
6285600, 7415886, 1130286
7537486, 8629714, 1092228
8744914, 9847886, 1102972
9965371, 11210172, 1244801
11331200, 12457486, 1126286
12580457, 13664114, 1083657
13780571, 14886857, 1106286
15004571, 16246400, 1241829
16367315, 17496000, 1128685
17618743, 18715543, 1096800
18833829, 19939429, 1105600
20208458, 21344915, 1136457
21466857, 22575543, 1108686
22693257, 23777600, 1084343
23893943, 25007771, 1113828
25267315, 26410286, 1142971
26531543, 27646972, 1115429
27764914, 28846400, 1081486
28962629, 30210858, 1248229
30333029, 31444343, 1111314
31565486, 32666514, 1101028
32783543, 33884457, 1100914
34003428, 35248800, 1245372
35371429, 36484686, 1113257
36606629, 37697372, 1090743
37814057, 38915429, 1101372
39183543, 40315429, 1131886
40437257, 41544800, 1107543
41660914, 42778172, 1117258
42896914, 44003314, 1106400
44263543, 45387086, 1123543
45509714, 46623314, 1113600
46740572, 48508115, 1767543
48642857, 49876114, 1233257
49993028, 51252572, 1259544
51374972, 52486743, 1111771
52607886, 53701372, 1093486
53818286, 54903543, 1085257
55164458, 56274857, 1110399
56397029, 57520343, 1123314
57642057, 58764914, 1122857
58883314, 59984343, 1101029
60242172, 61374857, 1132685
61497829, 62608572, 1110743
62725829, 63818057, 1092228
63935200, 65204343, 1269143
65326629, 66448800, 1122171
66571886, 67665372, 1093486
67781486, 68886057, 1104571
69004343, 70247429, 1243086
70368686, 71499886, 1131200
71622514, 72708572, 1086058
72825029, 73933486, 1108457
74198286, 75323429, 1125143
75445600, 76553829, 1108229
76671200, 77762971, 1091771
77879657, 78992914, 1113257
79253372, 80383315, 1129943
80504915, 81608343, 1103428
81725486, 82815314, 1089828
82931429, 84174515, 1243086
84296800, 85439086, 1142286
85560800, 86661714, 1100914
86778286, 87873600, 1095314
87990628, 89235315, 1244687
89357600, 90464115, 1106515
90586057, 91705829, 1119772
91822743, 92919543, 1096800
93190972, 94323200, 1132228
94445486, 95543200, 1097714
95659429, 96784114, 1124685
96902514, 98010743, 1108229
98262972, 99385143, 1122171
99508000, 100615314, 1107314
100733486, 101828114, 1094628
101946400, 103194515, 1248115
103319086, 104438057, 1118971
104562286, 105664914, 1102628
105784229, 106889943, 1105714
107010286, 108259658, 1249372
108384343, 109501600, 1117257
109625943, 110734857, 1108914
110856457, 111965143, 1108686
112228800, 113368000, 1139200
113492915, 114600572, 1107657
114719200, 115844800, 1125600
115965600, 117214743, 1249143
117338629, 118461829, 1123200
119287200, 120502629, 1215429
120627429, 121746743, 1119314
121866057, 122972000, 1105943
123232572, 124376457, 1143885
124499429, 125595314, 1095885
125713486, 126816343, 1102857
126934971, 128179658, 1244687
128301829, 129433143, 1131314
129556800, 130657714, 1100914
130775086, 131880457, 1105371
131999543, 133239315, 1239772
133361372, 134479543, 1118171
134603086, 135706286, 1103200
135825600, 136910743, 1085143
137176572, 138313829, 1137257
138437257, 139547772, 1110515
139665486, 140752114, 1086628
140869486, 141749371, 879885
141868229, 146460114, 4591885
146587314, 147691314, 1104000
147808456, 148897142, 1088686
149160685, 150280799, 1120114
150403999, 151530971, 1126972
151655542, 152736456, 1080914
152853714, 153951656, 1097942
154212914, 155344799, 1131885
155466971, 156573714, 1106743
156691314, 157781714, 1090400
157898856, 159016228, 1117372
159274057, 160407314, 1133257
160529828, 161656228, 1126400
161775999, 162874856, 1098857
162993942, 164238399, 1244457
164361257, 165477257, 1116000
165598856, 166681942, 1083086
166799656, 167902971, 1103315
168180114, 169295428, 1115314
169418057, 170546742, 1128685
170663999, 171781714, 1117715
171900799, 173000571, 1099772
173260228, 174385142, 1124914
174508342, 175630399, 1122057
175747771, 176846971, 1099200
176966399, 178206285, 1239886
178334171, 179453371, 1119200
179576571, 180694056, 1117485
180813028, 181907999, 1094971
182179999, 183324342, 1144343
183447542, 184563771, 1116229
184680799, 185776914, 1096115
185895885, 186995542, 1099657
187253828, 188386171, 1132343
188509371, 189616685, 1107314
189734742, 190847085, 1112343
190965256, 192210285, 1245029
192332571, 193461142, 1128571
193584342, 194693942, 1109600
194813599, 195919199, 1105600
196192342, 197329828, 1137486
197451999, 198560457, 1108458
198678971, 199762056, 1083085
199879771, 200993142, 1113371
201252342, 202392914, 1140572
202515542, 203617714, 1102172
203735199, 204819885, 1084686
204936799, 206199085, 1262286
206321942, 207439771, 1117829
207561828, 208659999, 1098171
208777256, 209878056, 1100800
209996914, 211236457, 1239543
211359314, 212479999, 1120685
212602057, 213718742, 1116685
213839656, 214948342, 1108686
215213257, 216345142, 1131885
216467314, 217580799, 1113485
217698856, 218788456, 1089600
218905599, 220019999, 1114400
220277142, 221397028, 1119886
221518971, 222640914, 1121943
222760228, 223861028, 1100800
223979656, 225225599, 1245943
225348685, 226470514, 1121829
226593028, 227679999, 1086971
227797599, 228887085, 1089486
229148799, 230248685, 1099886
230371542, 231498514, 1126972
231621028, 232711085, 1090057
232828914, 233927542, 1098628
234189142, 235315542, 1126400
235437828, 236537028, 1099200
236657371, 237777599, 1120228
237897142, 238997942, 1100800
239259542, 240403542, 1144000
240527199, 241627314, 1100115
241744456, 242842514, 1098058
242961256, 244206857, 1245601
244330057, 245433828, 1103771
245555999, 246639199, 1083200
246756114, 247856456, 1100342
247975085, 249219999, 1244914
249342971, 250465599, 1122628
250587999, 251711771, 1123772
251830285, 252934856, 1104571
253200799, 254330057, 1129258
254453371, 255547428, 1094057
255663999, 256747885, 1083886
256865599, 257977828, 1112229
258238171, 259367542, 1129371
259490399, 260587771, 1097372
260705371, 261799428, 1094057
261916799, 263162857, 1246058
263286057, 264413942, 1127885
264536799, 265657485, 1120686
265776114, 266882628, 1106514
267001714, 268242514, 1240800
268364799, 269491428, 1126629
269614742, 270709828, 1095086
270827656, 271938285, 1110629
272206742, 273336799, 1130057
273459542, 274567771, 1108229
274686628, 275784914, 1098286
275902971, 277014171, 1111200
277271999, 278411314, 1139315
278535428, 279633485, 1098057
279752571, 280854171, 1101600
280974285, 282224228, 1249943
282348685, 283462285, 1113600
283585942, 284714171, 1128229
284833142, 285918171, 1085029
286182628, 287325371, 1142743
287450285, 288552799, 1102514
288671314, 289765485, 1094171
289884685, 290996571, 1111886
291254971, 292388228, 1133257
292513485, 293618628, 1105143
293737714, 294847885, 1110171
294967314, 296210171, 1242857
296835771, 298186285, 1350514
298310742, 299428228, 1117486
299550171, 300655314, 1105143
300774399, 301866399, 1092000
301984799, 303230399, 1245600
303353257, 304473371, 1120114
304596914, 305690971, 1094057
305808342, 306897485, 1089143
307167885, 308288571, 1120686
308410857, 309532114, 1121257
309654399, 310743428, 1089029
310861028, 311974742, 1113714
312235428, 313367657, 1132229
313490971, 314585942, 1094971
314703885, 315818171, 1114286
315937142, 317197599, 1260457
317320228, 318440342, 1120114
318563085, 319652799, 1089714
319770399, 320875085, 1104686
320994285, 322234399, 1240114
322356114, 323478857, 1122743
323602171, 324688799, 1086628
324806056, 325913942, 1107886
326185485, 327308114, 1122629
327429599, 328547085, 1117486
328664799, 329785599, 1120800
329903885, 331010514, 1106629
331272571, 332415428, 1142857
332538171, 333630171, 1092000
333748685, 334843542, 1094857
334962171, 336208685, 1246514
336331085, 337451199, 1120114
337573828, 338655542, 1081714
338772685, 339868799, 1096114
339987999, 341242971, 1254972
341366285, 342481142, 1114857
342603085, 343687656, 1084571
343805028, 344909371, 1104343
345171885, 346285142, 1113257
346408114, 347517942, 1109828
347639428, 348724456, 1085028
348841714, 349956571, 1114857
350220114, 351357599, 1137485
351480914, 352575885, 1094971
352693599, 353808799, 1115200
353928114, 355168571, 1240457
355292228, 356422628, 1130400
356546399, 357629942, 1083543
357747656, 358854742, 1107086
358973714, 360235085, 1261371
360357371, 361475199, 1117828
361598056, 362685942, 1087886
362804799, 363912914, 1108115
364186971, 365302742, 1115771
365425599, 366530514, 1104915
366653828, 367735314, 1081486
367852914, 368962285, 1109371
369221714, 370337142, 1115428
370459428, 371562628, 1103200
371680571, 372768799, 1088228
372886056, 374002171, 1116115
374263314, 375389942, 1126628
375512457, 376613371, 1100914
376730742, 377819085, 1088343
377936228, 379200799, 1264571
379323428, 380438514, 1115086
380560685, 381659885, 1099200
381778056, 382879428, 1101372
382998628, 384241485, 1242857
384364571, 385498285, 1133714
385620228, 386709599, 1089371
386827085, 387913256, 1086171
388177257, 389309371, 1132114
389431657, 390527885, 1096228
390647542, 391736114, 1088572
391853599, 392968456, 1114857
393235771, 394365828, 1130057
394490399, 395591656, 1101257
395709485, 396818056, 1108571
396935085, 398166742, 1231657
398289942, 399419199, 1129257
399542628, 400636114, 1093486
400753142, 401866971, 1113829
401986171, 403238514, 1252343
403360571, 404487542, 1126971
404611085, 405700571, 1089486
405818056, 406923999, 1105943
407188799, 408302742, 1113943
408424228, 409554285, 1130057
409672456, 410781828, 1109372
410900456, 412002742, 1102286
412259999, 413380914, 1120915
413503199, 414624228, 1121029
414741942, 415844228, 1102286
415962171, 417211999, 1249828
417334742, 418454285, 1119543
418576914, 419675314, 1098400
419794628, 420889142, 1094514
421155542, 422270285, 1114743
422393257, 423504228, 1110971
423626056, 424717028, 1090972
424833828, 425930056, 1096228
426196571, 427314057, 1117486
427437257, 428539999, 1102742
428662057, 429756114, 1094057
429873714, 430977485, 1103771
431235657, 432369942, 1134285
432494285, 433591428, 1097143
433708685, 434827771, 1119086
434946285, 436205599, 1259314
436327657, 437452799, 1125142
437575885, 438670171, 1094286
438787999, 439894399, 1106400
440013485, 441258628, 1245143
441380457, 442505371, 1124914
442628228, 443739085, 1110857
443858514, 444962399, 1103885
445224685, 446355085, 1130400
446477828, 447595428, 1117600
447713942, 448809371, 1095429
448926628, 450164799, 1238171
450289142, 451414399, 1125257
451538399, 452632228, 1093829
452751085, 453857485, 1106400
453978056, 455229599, 1251543
455354285, 456474742, 1120457
456598171, 457705142, 1106971
457826285, 458931085, 1104800
459198742, 460317371, 1118629
460442171, 461561142, 1118971
461680342, 462780228, 1099886
462901256, 464003428, 1102172
464259085, 465405714, 1146629
465530514, 466630057, 1099543
466748571, 467854856, 1106285
467975314, 469223314, 1248000
469347085, 470484571, 1137486
471378285, 472598171, 1219886
472717028, 473808571, 1091543
473925599, 475164685, 1239086
475288114, 476417599, 1129485
476542171, 477625828, 1083657
477743199, 478829714, 1086515
478946628, 480184571, 1237943
480306171, 481425028, 1118857
481548228, 482626171, 1077943
482743199, 483855428, 1112229
483974971, 485222514, 1247543
485344571, 486473599, 1129028
486597371, 487677371, 1080000
487794628, 488896228, 1101600
489164914, 490293714, 1128800
490415199, 491522971, 1107772
491646171, 492751428, 1105257
492870399, 493969028, 1098629
494229028, 495357485, 1128457
495480685, 496583885, 1103200
496701942, 497802285, 1100343
497920228, 499146628, 1226400
499270514, 500389599, 1119085
500511771, 501627085, 1115314
501744685, 502825599, 1080914
502942971, 503814285, 871314
503930971, 509653372, 5722401
509774629, 510882743, 1108114
511001257, 512262743, 1261486
512385600, 513501715, 1116115
513623886, 514750629, 1126743
514869714, 515972686, 1102972
516235200, 517367429, 1132229
517490629, 518609029, 1118400
518726172, 519813371, 1087199
519930400, 521154858, 1224458
521278400, 522438515, 1160115
522562514, 523656000, 1093486
523775543, 524884571, 1109028
525003086, 526248229, 1245143
526370172, 527503657, 1133485
527626972, 528713829, 1086857
528831429, 529942857, 1111428
530209943, 531341943, 1132000
531464572, 532584114, 1119542
532702286, 533796800, 1094514
533914400, 535165715, 1251315
535290057, 536407315, 1117258
536529486, 537619543, 1090057
537737372, 538827886, 1090514
538944571, 540187086, 1242515
540310857, 541442629, 1131772
541564572, 542691772, 1127200
542809486, 543912800, 1103314
544176686, 545295429, 1118743
545418515, 546528000, 1109485
546649943, 547733029, 1083086
547851543, 548958286, 1106743
549221715, 550352800, 1131085
550475886, 551573600, 1097714
551691543, 552787314, 1095771
552904343, 554145600, 1241257
554269600, 555400800, 1131200
555523772, 556639314, 1115542
556756686, 557858400, 1101714
557976571, 559235658, 1259087
559359429, 560468915, 1109486
560591543, 561689143, 1097600
561806971, 562907200, 1100229
563178972, 564295886, 1116914
564419086, 565526400, 1107314
565649257, 566739772, 1090515
566857371, 567970971, 1113600
568232115, 569374057, 1141942
569496915, 570600114, 1103199
570718057, 571812571, 1094514
571930286, 573187543, 1257257
573309715, 574437715, 1128000
574561714, 575659314, 1097600
575776914, 576880229, 1103315
576998171, 578242172, 1244001
578364343, 579492915, 1128572
579616000, 580706057, 1090057
580823657, 581912343, 1088686
582182400, 583296915, 1114515
583419543, 584541257, 1121714
584659886, 585778629, 1118743
585897257, 587001943, 1104686
587262857, 588378857, 1116000
588500914, 589623657, 1122743
589741486, 590844457, 1102971
590963657, 592204229, 1240572
592326629, 593446972, 1120343
593570057, 594665257, 1095200
594782857, 595881257, 1098400
596000343, 597251772, 1251429
597374857, 598486515, 1111658
598608343, 599698057, 1089714
599815886, 600917829, 1101943
601188115, 602318286, 1130171
602441029, 603553372, 1112343
603670400, 604763314, 1092914
604881257, 605999429, 1118172
606254172, 607388457, 1134285
607511543, 608613486, 1101943
608730857, 609838057, 1107200
609957143, 611188915, 1231772
611311772, 612464229, 1152457
612589257, 613685257, 1096000
613802971, 614906286, 1103315
615177943, 616291086, 1113143
616413143, 617526743, 1113600
617649829, 618730972, 1081143
618848457, 619966743, 1118286
620229943, 621366629, 1136686
621489143, 622632343, 1143200
622750971, 623839657, 1088686
623956686, 625205372, 1248686
625328343, 626449715, 1121372
626571772, 627673486, 1101714
627791886, 628890286, 1098400
629009257, 630267429, 1258172
630392000, 631507772, 1115772
631631200, 632742857, 1111657
632864114, 633963086, 1098972
634223315, 635364229, 1140914
635489029, 636598400, 1109371
636717486, 637838286, 1120800
637959200, 639211315, 1252115
639334629, 640466972, 1132343
640591657, 641710172, 1118515
641830971, 642926629, 1095658
643201600, 644317715, 1116115
644442972, 645550972, 1108000
645670057, 646754400, 1084343
646873029, 648133372, 1260343
648750857, 649972571, 1221714
650238743, 651384915, 1146172
651509372, 652608686, 1099314
652725600, 653837143, 1111543
653956686, 655211543, 1254857
655333715, 656460800, 1127085
656584114, 657699772, 1115658
657818629, 658921714, 1103085
659196000, 660311200, 1115200
660432800, 661563657, 1130857
661690743, 662790286, 1099543
662907543, 664159543, 1252000
664283315, 665410629, 1127314
665535314, 666650286, 1114972
666767771, 667862171, 1094400
667981029, 669218058, 1237029
669340115, 670471200, 1131085
670594857, 671714514, 1119657
671832000, 672704000, 872000
672822629, 677959999, 5137370
678239657, 679379885, 1140228
679501828, 680617485, 1115657
680735656, 681840456, 1104800
681959314, 683214057, 1254743
683337485, 684455314, 1117829
684577257, 685675771, 1098514
685793371, 686890856, 1097485
687009256, 688264228, 1254972
688387657, 689520799, 1133142
689643657, 690761485, 1117828
690881714, 691980914, 1099200
692246171, 693383314, 1137143
693506514, 694630399, 1123885
694748114, 695838856, 1090742
695955999, 697187542, 1231543
697309714, 698441142, 1131428
698564457, 699658057, 1093600
699775314, 700882856, 1107542
701001828, 702256685, 1254857
702379542, 703514514, 1134972
703637828, 704723656, 1085828
704841371, 705948799, 1107428
706215542, 707337599, 1122057
707460914, 708581257, 1120343
708698514, 709812456, 1113942
709931656, 711184799, 1253143
711306857, 712418057, 1111200
712541028, 713650857, 1109829
713768685, 714876456, 1107771
714995656, 716247314, 1251658
716369714, 717497942, 1128228
717621371, 718735542, 1114171
718854399, 719947542, 1093143
720210285, 721330971, 1120686
721453485, 722564114, 1110629
722682285, 723783999, 1101714
723902628, 725015199, 1112571
725268685, 726418399, 1149714
726542171, 727621714, 1079543
727738171, 728821028, 1082857
728938285, 730167314, 1229029
730291085, 731420799, 1129714
731543657, 732636914, 1093257
732753599, 733854628, 1101029
733973942, 735218399, 1244457
735340571, 736453714, 1113143
736576914, 737680799, 1103885
737799314, 738900799, 1101485
739173257, 740288457, 1115200
740411199, 741513714, 1102515
741636228, 742741942, 1105714
742861714, 743959999, 1098285
744222285, 745349828, 1127543
745472571, 746567657, 1095086
746684456, 747794971, 1110515
747912799, 749147885, 1235086
749272799, 750409485, 1136686
750534399, 751622399, 1088000
751739542, 752843314, 1103772
752961485, 754202171, 1240686
754323999, 755439428, 1115429
755562171, 756643428, 1081257
756760114, 757865028, 1104914
757984114, 759226628, 1242514
759348457, 760464228, 1115771
760586628, 761678057, 1091429
761796456, 762905371, 1108915
763169371, 764306171, 1136800
764428228, 765537028, 1108800
765659999, 766755199, 1095200
766874856, 767981828, 1106972
768244342, 769373942, 1129600
769497371, 770604114, 1106743
770721828, 771823085, 1101257
771941256, 773183771, 1242515
773306857, 774423085, 1116228
774545828, 775639542, 1093714
775757028, 776856571, 1099543
776975314, 778218628, 1243314
778340799, 779462857, 1122058
779585599, 780706971, 1121372
780826171, 781914742, 1088571
782179085, 783296571, 1117486
783419314, 784543542, 1124228
784662399, 785746628, 1084229
785863885, 786968571, 1104686
787230971, 788368114, 1137143
788490399, 789623085, 1132686
789742514, 790838399, 1095885
790955542, 792196914, 1241372
792320342, 793434514, 1114172
793556914, 794649714, 1092800
794766971, 795870171, 1103200
795988685, 797234057, 1245372
797356799, 798475885, 1119086
798597371, 799694514, 1097143
799812114, 800894628, 1082514
801157714, 802295771, 1138057
802419085, 803522285, 1103200
803645714, 804747999, 1102285
804867656, 805969371, 1101715
806226742, 807365714, 1138972
807488799, 808588114, 1099315
808706399, 809823656, 1117257
809944571, 811176457, 1231886
811300457, 812417371, 1116914
812541599, 813638057, 1096458
813756914, 814861028, 1104114
814982056, 816227542, 1245486
816351657, 817470285, 1118628
817594514, 818718628, 1124114
818839771, 819945828, 1106057
820214742, 821345257, 1130515
821468799, 822574857, 1106058
822694628, 823809714, 1115086
823929828, 825162514, 1232686
825288914, 826445028, 1156114
827292114, 828511657, 1219543
828636114, 829717942, 1081828
829836456, 830927999, 1091543
831198857, 832318971, 1120114
832442171, 833552228, 1110057
833670742, 834774856, 1104114
834894285, 836002056, 1107771
836262514, 837398857, 1136343
837521371, 838628685, 1107314
838746171, 839834971, 1088800
839952114, 841204457, 1252343
841327314, 842443542, 1116228
842566399, 843663199, 1096800
843780571, 844882285, 1101714
845034399, 846285257, 1250858
846408228, 847520228, 1112000
847642285, 848731542, 1089257
848849142, 849955885, 1106743
850218514, 851351771, 1133257
851474514, 852581028, 1106514
852698628, 853807542, 1108914
853926971, 855191428, 1264457
855313371, 856442399, 1129028
856566399, 857665599, 1099200
857783656, 858888571, 1104915
859007314, 860253942, 1246628
860376799, 861497828, 1121029
861620571, 862706399, 1085828
862833142, 863718171, 885029
863836685, 874249713, 10413028
874376799, 875522285, 1145486
875644685, 876754057, 1109372
876873257, 877968114, 1094857
878228000, 879355772, 1127772
879479543, 880587314, 1107771
880705143, 881817829, 1112686
881936343, 883196229, 1259886
883318286, 884438400, 1120114
884560914, 885679200, 1118286
885798743, 886900571, 1101828
887168800, 888283657, 1114857
888404800, 889534857, 1130057
889658514, 890777829, 1119315
890897600, 892004457, 1106857
892260000, 893411086, 1151086
893534286, 894632800, 1098514
894751086, 895834286, 1083200
895951657, 897232000, 1280343
897355315, 898469600, 1114285
898591772, 899713714, 1121942
899833143, 900933486, 1100343
901202286, 902353029, 1150743
902476915, 903596572, 1119657
903714057, 904815771, 1101714
904934286, 906155315, 1221029
906282629, 907143429, 860800
907524343, 908650743, 1126400
908770172, 909871314, 1101142
909992228, 911264572, 1272344
911387886, 912516229, 1128343
912641372, 913750971, 1109599
913871086, 915442400, 1571314
915566857, 916670629, 1103772
916789029, 917886971, 1097942
918004228, 919275886, 1271658
919398972, 920510172, 1111200
920632457, 921723200, 1090743
921840457, 922958057, 1117600
923220000, 924353829, 1133829
924477029, 925594857, 1117828
925713714, 926828800, 1115086
926947543, 928185258, 1237715
928308800, 929419200, 1110400
929541600, 930634743, 1093143
930761714, 931871086, 1109372
931990171, 933235429, 1245258
933357600, 934486629, 1129029
934609714, 935695772, 1086058
935813257, 936920114, 1106857
937190058, 938305600, 1115542
938427657, 939534743, 1107086
939653372, 940765486, 1112114
940885029, 942137258, 1252229
942261943, 943384115, 1122172
943506743, 944894743, 1388000
945178515, 946294057, 1115542
946416000, 947532914, 1116914
947650857, 948733029, 1082172
948850400, 949960686, 1110286
950227543, 951350057, 1122514
951471772, 952594629, 1122857
952713943, 953808000, 1094057
953925486, 955166286, 1240800
955290172, 956429600, 1139428
956551886, 957680914, 1129028
957800229, 958898857, 1098628
959169943, 960292457, 1122514
960414972, 961527429, 1112457
961649257, 962741257, 1092000
962860800, 963958514, 1097714
964221258, 965363200, 1141942
965486743, 966603429, 1116686
966721143, 967815771, 1094628
967932686, 969030857, 1098171
969288457, 970418400, 1129943
970542514, 971634400, 1091886
971751200, 972865486, 1114286
972984686, 974220115, 1235429
974341943, 975464115, 1122172
975587314, 976691886, 1104572
976810971, 977915886, 1104915
978188229, 979324457, 1136228
979446629, 980556914, 1110285
980675086, 981787886, 1112800
981907086, 983006743, 1099657
983262857, 984402515, 1139658
984525600, 985643429, 1117829
985761714, 986855429, 1093715
986972571, 988226058, 1253487
988348686, 989470172, 1121486
989592457, 990709143, 1116686
990829486, 991928229, 1098743
992197486, 993330172, 1132686
993454857, 994578286, 1123429
994697829, 995804000, 1106171
995923886, 997475886, 1552000
997613714, 998816229, 1202515
998935543, 194515, -998741028
320000, 1445029, 1125029
1567429, 2658857, 1091428
2775886, 3877486, 1101600
3994971, 5230286, 1235315
5353257, 6466857, 1113600
6589143, 7699657, 1110514
7818286, 8905029, 1086743
9170058, 10284572, 1114514
10406629, 11523429, 1116800
11647086, 12731314, 1084228
13553714, 14771086, 1217372
14890743, 16001486, 1110743
16259429, 17385829, 1126400
17508000, 18609714, 1101714
18725829, 19831314, 1105485
19949486, 21177715, 1228229
21300343, 22428343, 1128000
22551200, 23644572, 1093372
23761600, 24868914, 1107314
24986971, 26226400, 1239429
26348000, 27480800, 1132800
27603200, 28720000, 1116800
28838971, 29920457, 1081486
30191429, 31322857, 1131428
31444457, 32550172, 1105715
32667657, 33761143, 1093486
33877943, 34983314, 1105371
35241372, 36364457, 1123085
36486857, 37598743, 1111886
37716914, 38827886, 1110972
38945600, 40186286, 1240686
40308800, 41413029, 1104229
41534172, 42630743, 1096571
42758857, 43860914, 1102057
43979657, 45222172, 1242515
45343086, 46464457, 1121371
46587314, 47672229, 1084915
47788686, 49703200, 1914514
49825143, 50932000, 1106857
51194400, 52329715, 1135315
52452229, 53560457, 1108228
53676686, 54776114, 1099428
54893143, 56152000, 1258857
56273600, 57396686, 1123086
57518857, 58614857, 1096000
58731543, 59821029, 1089486
59939086, 61187886, 1248800
61309486, 62432572, 1123086
62554972, 63681943, 1126971
63799200, 64902400, 1103200
65166400, 66307086, 1140686
66429257, 67530286, 1101029
67653143, 68738857, 1085714
68855771, 69959314, 1103543
70217829, 71353600, 1135771
71476229, 72598857, 1122628
72716229, 73805029, 1088800
73921257, 75181829, 1260572
75303886, 76427086, 1123200
76549029, 77676572, 1127543
77794857, 78893600, 1098743
79169372, 80282743, 1113371
80404457, 81510514, 1106057
81632000, 82720457, 1088457
82837029, 83959657, 1122628
84222286, 85359886, 1137600
85482057, 86589029, 1106972
86706629, 87815200, 1108571
87932571, 89168800, 1236229
89291200, 90425829, 1134629
90547772, 91629143, 1081371
91745371, 92854629, 1109258
92972686, 94211886, 1239200
94333029, 95456457, 1123428
95578857, 96692457, 1113600
96810400, 97917257, 1106857
98178972, 99317029, 1138057
99439315, 100565257, 1125942
100682743, 101796229, 1113486
101914629, 103202286, 1287657
103325943, 104445486, 1119543
104568000, 105669143, 1101143
105787314, 106888343, 1101029
107007200, 108255086, 1247886
108378286, 109500000, 1121714
109623086, 110746286, 1123200
110866171, 111965486, 1099315
112221943, 113338286, 1116343
113461029, 114572457, 1111428
114689600, 115784686, 1095086
115901829, 117159658, 1257829
117284572, 118409600, 1125028
118532343, 119627200, 1094857
119744457, 120839314, 1094857
120958057, 122205143, 1247086
122328115, 123444686, 1116571
123566743, 124663429, 1096686
124780800, 125880229, 1099429
125999314, 127243429, 1244115
127366286, 128482857, 1116571
128605029, 129720343, 1115314
129839771, 130943543, 1103772
131209143, 132349143, 1140000
132472000, 133582057, 1110057
133700343, 134798400, 1098057
134915429, 136166400, 1250971
136290857, 137415200, 1124343
137538057, 138635314, 1097257
138752914, 139858514, 1105600
139977486, 141229600, 1252114
141351429, 142481600, 1130171
142604343, 143692114, 1087771
143809371, 144916571, 1107200
145185029, 146302400, 1117371
146426057, 147527314, 1101257
147649600, 148768457, 1118857
148888343, 149999200, 1110857
150258058, 151388343, 1130285
151511200, 152609029, 1097829
152726972, 153830971, 1103999
153949829, 155200458, 1250629
155322515, 156430857, 1108342
156554400, 157650514, 1096114
157768571, 158870514, 1101943
158989829, 160234286, 1244457
160357143, 161469943, 1112800
161592572, 162718743, 1126171
162837714, 163931429, 1093715
164200686, 165344000, 1143314
165467086, 166588800, 1121714
166706400, 167803200, 1096800
167920800, 169149258, 1228458
169273372, 170415429, 1142057
170539086, 171625714, 1086628
171742629, 172876571, 1133942
172996114, 174252915, 1256801
174375429, 175493829, 1118400
175619429, 176716343, 1096914
176836914, 177946057, 1109143
178209372, 179345600, 1136228
179469486, 180580914, 1111428
180700800, 181798057, 1097257
181917143, 183160000, 1242857
183285486, 184425829, 1140343
184549486, 185651200, 1101714
185772229, 186882171, 1109942
187002971, 188272572, 1269601
188397257, 189521372, 1124115
189646057, 190731772, 1085715
190851200, 191965371, 1114171
192228229, 193364115, 1135886
193993600, 195360915, 1367315
195486515, 196593600, 1107085
196711543, 197807086, 1095543
197924229, 199173486, 1249257
199296457, 200418972, 1122515
200543086, 201682400, 1139314
201799886, 202903771, 1103885
203170400, 204301257, 1130857
204422857, 205532572, 1109715
205650514, 206731314, 1080800
206848457, 207959200, 1110743
208220686, 209355315, 1134629
209477600, 210590743, 1113143
210709600, 211805143, 1095543
211921486, 213169486, 1248000
213294057, 214419315, 1125258
214541486, 215644457, 1102971
215762971, 216864000, 1101029
216982743, 218228000, 1245257
218350743, 219477715, 1126972
219600343, 220691886, 1091543
220809600, 221917714, 1108114
222184572, 223315543, 1130971
223438857, 224548000, 1109143
224664457, 225544114, 879657
225659886, 226956686, 1296800
227224115, 228367543, 1143428
228495429, 229602514, 1107085
229720229, 230830629, 1110400
230950057, 232185829, 1235772
232307543, 233421943, 1114400
233544914, 234644914, 1100000
234761943, 235862286, 1100343
235980457, 237237029, 1256572
237358857, 238481029, 1122172
238603886, 239684343, 1080457
239801829, 240893371, 1091542
241157486, 242276000, 1118514
242398286, 243509029, 1110743
243632114, 244712343, 1080229
244829371, 245931314, 1101943
246196800, 247319657, 1122857
247441143, 248556343, 1115200
248674057, 249768457, 1094400
249886514, 250997943, 1111429
251256457, 252381372, 1124915
252504915, 253595657, 1090742
253713143, 254797029, 1083886
254913943, 256153486, 1239543
256276915, 257400229, 1123314
257523200, 258613029, 1089829
258729829, 259812914, 1083085
259929371, 261159772, 1230401
261283543, 262407543, 1124000
262531772, 263620000, 1088228
263736572, 264828000, 1091428
264945029, 266164915, 1219886
266288229, 267428343, 1140114
267550629, 268660114, 1109485
268779200, 269885943, 1106743
270004800, 271268915, 1264115
271391543, 272505486, 1113943
272629143, 273737029, 1107886
273855886, 274973143, 1117257
275233486, 276376115, 1142629
276498972, 277603543, 1104571
277721257, 278807771, 1086514
278924800, 280029714, 1104914
280283429, 281427886, 1144457
281552000, 282644000, 1092000
282760572, 283866286, 1105714
283985257, 285221600, 1236343
285344000, 286471200, 1127200
286594057, 287702400, 1108343
287821714, 288925029, 1103315
289196343, 290326057, 1129714
290448915, 291568229, 1119314
291686400, 292791886, 1105486
292910857, 294163315, 1252458
294287086, 295420343, 1133257
295542172, 296641257, 1099085
296758857, 297858857, 1100000
297977714, 299214400, 1236686
299337486, 300438400, 1100914
300560572, 301679200, 1118628
301797714, 302897371, 1099657
303159315, 304273257, 1113942
304396572, 305504000, 1107428
305626629, 306718743, 1092114
306836229, 307937486, 1101257
308203429, 309331200, 1127771
309454743, 310572572, 1117829
310691086, 311788914, 1097828
311906743, 313162629, 1255886
313285715, 314415543, 1129828
314539086, 315621829, 1082743
315738743, 316826971, 1088228
316944343, 318186629, 1242286
318308457, 319421829, 1113372
319544800, 320639657, 1094857
320756800, 321865943, 1109143
321985371, 323231658, 1246287
323353372, 324475200, 1121828
324598857, 325684572, 1085715
325802171, 326889829, 1087658
327153029, 328265143, 1112114
328388229, 329500800, 1112571
329623429, 330723657, 1100228
330843657, 331925029, 1081372
332193943, 333303086, 1109143
333424343, 334523086, 1098743
334645829, 335745257, 1099428
335864914, 336963543, 1098629
337222629, 338340115, 1117486
338462743, 339572114, 1109371
339689714, 340786286, 1096572
340902971, 342161943, 1258972
342286286, 343419772, 1133486
343541943, 344639657, 1097714
344757829, 345861486, 1103657
345980343, 347223315, 1242972
347346286, 348470286, 1124000
348595086, 349707886, 1112800
349828914, 350939771, 1110857
351207429, 352326057, 1118628
352450172, 353571429, 1121257
353691543, 354790286, 1098743
354909143, 356170400, 1261257
356296915, 357433257, 1136342
357557257, 358656114, 1098857
358775543, 359872229, 1096686
359992457, 361250057, 1257600
361375086, 362493372, 1118286
362617029, 363707772, 1090743
363826857, 364913600, 1086743
365178286, 366289143, 1110857
366413715, 367520457, 1106742
368365486, 369590629, 1225143
369711657, 370794514, 1082857
370911886, 372165486, 1253600
372289943, 373415086, 1125143
373537257, 374669829, 1132572
374787314, 375888343, 1101029
376007314, 377279200, 1271886
377402743, 378515200, 1112457
378637143, 379727657, 1090514
379845029, 380951086, 1106057
381215658, 382346400, 1130742
382469029, 383576572, 1107543
383694514, 384793714, 1099200
384910971, 386159772, 1248801
386282172, 387423772, 1141600
387546972, 388640457, 1093485
388757600, 389858629, 1101029
389977029, 391217829, 1240800
391340343, 392463429, 1123086
392587543, 393668229, 1080686
393796457, 394905714, 1109257
395183886, 396302857, 1118971
396426286, 397546972, 1120686
397664572, 398758172, 1093600
398876686, 399994286, 1117600
400252229, 401372686, 1120457
401494743, 402599886, 1105143
402718057, 403808571, 1090514
403926057, 405030057, 1104000
405287429, 406402172, 1114743
406524915, 407384686, 859771
407740000, 408874400, 1134400
408995886, 410242515, 1246629
410366286, 411489143, 1122857
411612343, 412696000, 1083657
412813143, 413903314, 1090171
414173943, 415300229, 1126286
415422172, 416543429, 1121257
416665143, 417796343, 1131200
417915429, 419171429, 1256000
419293829, 420428229, 1134400
420552457, 421648457, 1096000
421765714, 422870629, 1104915
422989371, 424233600, 1244229
424355429, 425481143, 1125714
425603886, 426691086, 1087200
426808457, 427898400, 1089943
428161029, 429289943, 1128914
429412229, 430525486, 1113257
430648457, 431732686, 1084229
431849943, 432956229, 1106286
433216572, 434359315, 1142743
434481829, 435603657, 1121828
435722057, 436817029, 1094972
436934286, 438186972, 1252686
438309600, 439430743, 1121143
439553486, 440655543, 1102057
440773714, 441872114, 1098400
441991428, 443239315, 1247887
443363086, 444489486, 1126400
444612686, 445733829, 1121143
445853486, 446945371, 1091885
447210058, 448323429, 1113371
448446629, 449561714, 1115085
449679086, 450786057, 1106971
450903771, 452021714, 1117943
452278972, 453397943, 1118971
453520800, 454622057, 1101257
454739314, 455849257, 1109943
455967771, 457222515, 1254744
457345143, 458482972, 1137829
458605829, 459691200, 1085371
459808914, 460894171, 1085257
461159543, 462272343, 1112800
462395429, 463500800, 1105371
463623086, 464705486, 1082400
464822971, 465932000, 1109029
466198058, 467330400, 1132342
467453257, 468570172, 1116915
468687886, 469792571, 1104685
469910286, 471168800, 1258514
471292572, 472408686, 1116114
472531314, 473656229, 1124915
473776000, 474878514, 1102514
474997486, 476258743, 1261257
476381486, 477496686, 1115200
477619657, 478705029, 1085372
478822286, 479926514, 1104228
480194172, 481308000, 1113828
481430972, 482541829, 1110857
482664572, 483791086, 1126514
483910743, 485158858, 1248115
485283315, 486407086, 1123771
486529714, 487642172, 1112458
487760114, 488856800, 1096686
488975771, 490215086, 1239315
490337943, 491446857, 1108914
491568457, 492697486, 1129029
492817029, 493897829, 1080800
494015886, 495289600, 1273714
495414286, 496540229, 1125943
496657829, 497752800, 1094971
497871429, 498984000, 1112571
499246858, 500377715, 1130857
500500229, 501606057, 1105828
501722972, 502847543, 1124571
502966514, 504208686, 1242172
504330400, 505468457, 1138057
505590629, 506708457, 1117828
506828000, 507914171, 1086171
508177600, 509295200, 1117600
509417600, 510530172, 1112572
510650629, 511747429, 1096800
511866743, 512968114, 1101371
513229829, 514382057, 1152228
514504800, 515611886, 1107086
515729143, 516830171, 1101028
516949257, 518199086, 1249829
518322629, 519434857, 1112228
519557372, 520674629, 1117257
520793943, 521889600, 1095657
522008457, 523255657, 1247200
523380229, 524492800, 1112571
524616000, 525728457, 1112457
525849257, 526929486, 1080229
527199886, 528342857, 1142971
528466515, 529590743, 1124228
529710400, 530802057, 1091657
530922171, 532154858, 1232687
532281029, 533412229, 1131200
533535772, 534636914, 1101142
534756229, 535857371, 1101142
535977486, 537232915, 1255429
537356915, 538474743, 1117828
538597943, 539690057, 1092114
539808457, 540913486, 1105029
541668457, 542896571, 1228114
543169943, 544289600, 1119657
544411543, 545517829, 1106286
545640572, 546722514, 1081942
546839200, 547946857, 1107657
548208800, 549325829, 1117029
549447429, 550572572, 1125143
550690629, 551794057, 1103428
551911200, 553165029, 1253829
553289257, 554401600, 1112343
554523772, 555617372, 1093600
555735886, 556838171, 1102285
556957143, 558205029, 1247886
558328000, 559448686, 1120686
559571200, 560692114, 1120914
560810857, 561905714, 1094857
562169600, 563290857, 1121257
563413486, 564538172, 1124686
564660800, 565775314, 1114514
565894743, 567161600, 1266857
567283429, 568410629, 1127200
568533943, 569665829, 1131886
569784914, 570885486, 1100572
571004686, 572254629, 1249943
572377257, 573502172, 1124915
573625714, 574704229, 1078515
574821486, 575913600, 1092114
576180686, 577294743, 1114057
577417143, 578527200, 1110057
578647200, 579740686, 1093486
579858286, 580959200, 1100914
581220000, 582344343, 1124343
582466743, 583581486, 1114743
583699886, 584804000, 1104114
584922400, 586185943, 1263543
586308343, 587426743, 1118400
587548914, 588643657, 1094743
588761143, 589865600, 1104457
589984571, 591227658, 1243087
591350515, 592463886, 1113371
592586514, 593665257, 1078743
593793829, 594895657, 1101828
595161029, 596286857, 1125828
596408572, 597536572, 1128000
597660114, 598781486, 1121372
598901257, 600150400, 1249143
600274857, 601421029, 1146172
601544000, 602638743, 1094743
602756000, 603856000, 1100000
603974743, 605226058, 1251315
605348686, 606473600, 1124914
606595543, 607693029, 1097486
607812343, 608913029, 1100686
609184800, 610298400, 1113600
610421029, 611527200, 1106171
611649257, 612743314, 1094057
612860800, 613972457, 1111657
614231315, 615370629, 1139314
615498400, 616605372, 1106972
616723086, 617813143, 1090057
617930286, 619166858, 1236572
619290515, 620419429, 1128914
620541943, 621641600, 1099657
621758857, 622856229, 1097372
622973829, 624214858, 1241029
624337715, 625463886, 1126171
625585714, 626684457, 1098743
626801829, 627907771, 1105942
628170743, 629305257, 1134514
629428457, 630539200, 1110743
630656114, 631763429, 1107315
631882857, 632987886, 1105029
633246515, 634374972, 1128457
634498743, 635602857, 1104114
635720914, 636817714, 1096800
636937371, 638172000, 1234629
638295657, 639429029, 1133372
639551772, 640669372, 1117600
640788800, 641892571, 1103771
642011543, 643255086, 1243543
643377143, 644502857, 1125714
644626172, 645709029, 1082857
645826400, 646939886, 1113486
647212458, 648331200, 1118742
648454286, 649561714, 1107428
649679086, 650774286, 1095200
650891200, 652149258, 1258058
652273486, 653392800, 1119314
653515429, 654637714, 1122285
654755886, 655843314, 1087428
655960457, 657198058, 1237601
657321486, 658438857, 1117371
658561943, 659680914, 1118971
659799886, 660898857, 1098971
661161372, 662277257, 1115885
662400343, 663506400, 1106057
663628000, 664741714, 1113714
664861600, 665967086, 1105486
666228229, 667362286, 1134057
667485257, 668593600, 1108343
668710629, 669802629, 1092000
669920000, 671162286, 1242286
671285600, 672411657, 1126057
672534743, 673643772, 1109029
673761257, 674866743, 1105486
674985600, 676234972, 1249372
676359200, 677481143, 1121943
677602629, 678686857, 1084228
678804114, 679910629, 1106515
680174629, 681284229, 1109600
681407315, 682521943, 1114628
682644343, 683735543, 1091200
683853257, 684974171, 1120914
685243772, 686363086, 1119314
686492000, 687624343, 1132343
687742286, 688837257, 1094971
688954743, 690182172, 1227429
690305029, 691423429, 1118400
691546743, 692642743, 1096000
692759657, 693864229, 1104572
693983086, 695236115, 1253029
695358057, 696485029, 1126972
696608686, 697686514, 1077828
697804686, 698899200, 1094514
699171429, 700296115, 1124686
700419200, 701545486, 1126286
701669600, 702795429, 1125829
702915429, 704171886, 1256457
704295657, 705418057, 1122400
705542172, 706651429, 1109257
706770172, 707876343, 1106171
707996457, 709259200, 1262743
709384343, 710506172, 1121829
710629943, 711744000, 1114057
711864229, 712971657, 1107428
713235200, 714393372, 1158172
714517829, 715617143, 1099314
716451086, 717660800, 1209714
717779543, 718872114, 1092571
718991200, 720256115, 1264915
720379657, 721493143, 1113486
721615086, 722727200, 1112114
722846514, 723948343, 1101829
724214629, 725344000, 1129371
725467200, 726575086, 1107886
726692686, 727792686, 1100000
727910857, 729170172, 1259315
729292115, 730416229, 1124114
730539657, 731649486, 1109829
731775657, 732876686, 1101029
732996000, 734266515, 1270515
734389600, 735505829, 1116229
735628914, 736715886, 1086972
736833486, 737927543, 1094057
738186629, 739314057, 1127428
739439200, 740556114, 1116914
740673600, 741794057, 1120457
741913600, 743157143, 1243543
743280800, 744413372, 1132572
744536114, 745661829, 1125715
745780686, 746876457, 1095771
746994971, 748247886, 1252915
748371543, 749494629, 1123086
749617486, 750732000, 1114514
750850857, 751931314, 1080457
752201143, 753345029, 1143886
753467886, 754585029, 1117143
754702743, 755800457, 1097714
755919543, 757161715, 1242172
757284800, 758419657, 1134857
758541943, 759657600, 1115657
759775086, 760875657, 1100571
761028800, 762251886, 1223086
762374286, 763510514, 1136228
763634286, 764717600, 1083314
764835429, 765933371, 1097942
766203200, 767336229, 1133029
767458286, 768567086, 1108800
768685372, 769819657, 1134285
769938629, 771188572, 1249943
771311543, 772426972, 1115429
772549600, 773658514, 1108914
773776000, 774872457, 1096457
774991543, 776247543, 1256000
776370286, 777485486, 1115200
777607200, 778708572, 1101372
778827657, 779903657, 1076000
780021943, 781286172, 1264229
781409943, 782525257, 1115314
782648343, 783728229, 1079886
783845943, 784958514, 1112571
785218515, 786349600, 1131085
786471772, 787582057, 1110285
787700114, 788821029, 1120915
788940229, 790192915, 1252686
790315657, 791438629, 1122972
791561829, 792669943, 1108114
792789371, 793881943, 1092572
794000686, 795259772, 1259086
795382743, 796509257, 1126514
796631772, 797722400, 1090628
797839771, 798932457, 1092686
799197486, 800326515, 1129029
800450400, 801564457, 1114057
801682400, 802776457, 1094057
802893829, 804154743, 1260914
804278515, 805413715, 1135200
805537029, 806639086, 1102057
806756686, 807852800, 1096114
807970057, 809204915, 1234858
809326400, 810448915, 1122515
810572000, 811660800, 1088800
811777714, 812880571, 1102857
812999771, 814242172, 1242401
814363886, 815476915, 1113029
815599429, 816675429, 1076000
816793257, 817912114, 1118857
818189143, 819320000, 1130857
819441600, 820568914, 1127314
820687886, 821778743, 1090857
821895771, 823014057, 1118286
823276229, 824413486, 1137257
824536229, 825631429, 1095200
825750057, 826860229, 1110172
826979429, 828219658, 1240229
828342057, 829465143, 1123086
829587314, 830675543, 1088229
830793257, 831892800, 1099543
832161486, 833267086, 1105600
833388000, 834523886, 1135886
834647086, 835733829, 1086743
835850743, 836962286, 1111543
837221258, 838347772, 1126514
838470629, 839581029, 1110400
839699886, 840801486, 1101600
840920000, 842177029, 1257029
842300686, 843420686, 1120000
843543429, 844644457, 1101028
844762629, 845865486, 1102857
845984457, 847228458, 1244001
847351543, 848463315, 1111772
848584800, 849678172, 1093372
849795771, 850901029, 1105258
851166400, 852274743, 1108343
852397600, 853514514, 1116914
853637143, 854730743, 1093600
854849029, 855950857, 1101828
856213029, 857351657, 1138628
857474629, 858577600, 1102971
858694286, 859783657, 1089371
859900686, 861154172, 1253486
861277486, 862405943, 1128457
862529714, 863617372, 1087658
863734057, 864827886, 1093829
864946857, 866190058, 1243201
866312343, 867436229, 1123886
867560114, 868668457, 1108343
868788114, 869889943, 1101829
870008686, 871251429, 1242743
871374857, 872505943, 1131086
872631200, 873719314, 1088114
873837714, 874944686, 1106972
875213258, 876344457, 1131199
876473486, 877591657, 1118171
877710172, 878795657, 1085485
878914171, 880169372, 1255201
880293143, 881413829, 1120686
881538514, 882633600, 1095086
882752114, 883870171, 1118057
883990400, 885241715, 1251315
885365029, 886492000, 1126971
886616343, 887732000, 1115657
887852229, 888946857, 1094628
889217943, 890366057, 1148114
890988457, 892348686, 1360229
892473829, 893580686, 1106857
893698972, 894780114, 1081142
894897143, 896012800, 1115657
896274972, 897411772, 1136800
897534629, 898631543, 1096914
898748800, 899851886, 1103086
899970286, 901228115, 1257829
901351200, 902481143, 1129943
902605600, 903690286, 1084686
903807771, 904917943, 1110172
905193029, 906319086, 1126057
906441257, 907570514, 1129257
907689257, 908801029, 1111772
908920686, 910020343, 1099657
910277829, 911405600, 1127771
911529029, 912635429, 1106400
912753486, 913862400, 1108914
913980457, 915226515, 1246058
915348915, 916633486, 1284571
916762743, 917872343, 1109600
917990057, 919244800, 1254743
919367543, 920486972, 1119429
920609143, 921717257, 1108114
921837029, 922919314, 1082285
923181943, 924288457, 1106514
924411200, 925539200, 1128000
925661600, 926761600, 1100000
926880000, 928141600, 1261600
928265715, 929394743, 1129028
929518286, 930618286, 1100000
930735543, 931843429, 1107886
931961486, 933210058, 1248572
933332915, 934492686, 1159771
934615657, 935695200, 1079543
935813143, 936901371, 1088228
937171886, 938298286, 1126400
938420229, 939532229, 1112000
939650286, 940757372, 1107086
940876343, 941986514, 1110171
942249486, 943386857, 1137371
943509600, 944617372, 1107772
944735200, 945829486, 1094286
945946400, 947522857, 1576457
947647772, 948734172, 1086400
948851200, 949974514, 1123314
950237943, 950960000, 722057
951208229, 958963199, 7754970
959235885, 960375315, 1139430
960497257, 961612800, 1115543
961730172, 962821029, 1090857
962938171, 964191886, 1253715
964319086, 965456915, 1137829
965580343, 966678514, 1098171
966796800, 967897371, 1100571
968160115, 969278286, 1118171
969401143, 970526972, 1125829
970650172, 971743657, 1093485
971861714, 972957600, 1095886
973215315, 974351200, 1135885
974473372, 975577372, 1104000
975694857, 976790171, 1095314
976907771, 978015543, 1107772
978270057, 979396572, 1126515
979519200, 980638514, 1119314
980757714, 981860343, 1102629
981979086, 983236458, 1257372
983359200, 984477943, 1118743
984601029, 985713486, 1112457
985832914, 986922743, 1089829
987195200, 988314857, 1119657
988436686, 989556800, 1120114
989674400, 990777257, 1102857
990894743, 992004457, 1109714
992266629, 993384457, 1117828
993507429, 994601486, 1094057
994718972, 995809371, 1090399
995926743, 997026057, 1099314
997282057, 998760457, 1478400
998894971, 201258, -998693713
326515, 1452686, 1126171
1572686, 2659543, 1086857
2775314, 3878514, 1103200
3996457, 5268115, 1271658
5390172, 6497257, 1107085
6618514, 7703886, 1085372
7819657, 8923200, 1103543
9186972, 10298515, 1111543
10419772, 11524000, 1104228
11645372, 12774286, 1128914
12892800, 14002514, 1109714
14265257, 15384343, 1119086
15505486, 16609486, 1104000
16726400, 17818629, 1092229
17936343, 19188686, 1252343
19310172, 20423315, 1113143
20545143, 21678972, 1133829
21798743, 22899429, 1100686
23166172, 24293600, 1127428
24415772, 25529257, 1113485
25651314, 26758057, 1106743
26877143, 27972914, 1095771
28231543, 29368457, 1136914
29491429, 30592114, 1100685
30709486, 31814857, 1105371
31933714, 33190286, 1256572
33312115, 34443543, 1131428
34565600, 35681029, 1115429
35798971, 36901371, 1102400
37165029, 38279315, 1114286
38401143, 39507086, 1105943
39628229, 40714057, 1085828
40830286, 41936686, 1106400
42202172, 43328115, 1125943
43450629, 44568457, 1117828
44686629, 45770171, 1083542
45887086, 46999886, 1112800
47262057, 48962286, 1700229
49243200, 50383429, 1140229
50506972, 51610972, 1104000
51727772, 52840000, 1112228
52959429, 54200343, 1240914
54322400, 55456915, 1134515
55579200, 56666857, 1087657
56784343, 57886743, 1102400
58005486, 59257029, 1251543
59380000, 60504572, 1124572
60627657, 61704457, 1076800
61821829, 62921257, 1099428
63191200, 64310400, 1119200
64433257, 65541943, 1108686
65664572, 66783657, 1119085
66902971, 68014514, 1111543
68273715, 69399429, 1125714
69522629, 70623543, 1100914
70741372, 71821714, 1080342
71938514, 73166058, 1227544
73290857, 74409715, 1118858
74533829, 75630400, 1096571
75748000, 76847657, 1099657
76966743, 78227429, 1260686
78860229, 80218858, 1358629
80342515, 81464915, 1122400
81586743, 82674286, 1087543
82791886, 83897486, 1105600
84161829, 85279657, 1117828
85401600, 86511200, 1109600
86633029, 87725029, 1092000
87841486, 88940000, 1098514
89202515, 90315772, 1113257
90438057, 91543314, 1105257
91665143, 92778972, 1113829
92897029, 94153486, 1256457
94277029, 95400229, 1123200
95523429, 96618514, 1095085
96735772, 97825829, 1090057
97942743, 99190972, 1248229
99312915, 100422743, 1109828
100545143, 101669143, 1124000
101789143, 102886629, 1097486
103005371, 104250172, 1244801
104373372, 105482515, 1109143
105605714, 106700114, 1094400
106818057, 107925371, 1107314
108189258, 109310972, 1121714
109432915, 110545257, 1112342
110663429, 111778743, 1115314
111899429, 113157486, 1258057
113279886, 114403086, 1123200
114525943, 115625372, 1099429
115742172, 116853257, 1111085
116972229, 118220229, 1248000
118342629, 119464115, 1121486
119586629, 120702857, 1116228
120820229, 121925029, 1104800
122193143, 123307543, 1114400
123430515, 124550172, 1119657
124667657, 125761600, 1093943
125878743, 126992343, 1113600
127251657, 128383315, 1131658
128506172, 129616114, 1109942
129743429, 130855314, 1111885
130975314, 131854629, 879315
131971086, 135717028, 3745942
135838856, 136956914, 1118058
137217485, 138346514, 1129029
138468799, 139578171, 1109372
139696342, 140785714, 1089372
140902285, 142154285, 1252000
142277371, 143409599, 1132228
143532228, 144631428, 1099200
144748914, 145845599, 1096685
145964685, 147232571, 1267886
147355999, 148471085, 1115086
148593942, 149703885, 1109943
149824114, 150900456, 1076342
151018971, 152261942, 1242971
152384799, 153492914, 1108115
153615999, 154708571, 1092572
154826856, 155934399, 1107543
156197371, 157315314, 1117943
157438971, 158557599, 1118628
158674971, 159781942, 1106971
159899656, 161136457, 1236801
161260914, 162393714, 1132800
162516799, 163623656, 1106857
163741028, 164849142, 1108114
164968456, 166215657, 1247201
166338285, 167459085, 1120800
167580914, 168666514, 1085600
168784571, 169888799, 1104228
170008114, 171263999, 1255885
171387085, 172512799, 1125714
172635542, 173755656, 1120114
173875999, 174987085, 1111086
175250399, 176375428, 1125029
176498628, 177619999, 1121371
177738056, 178848456, 1110400
178967199, 180229942, 1262743
180352571, 181479542, 1126971
181601485, 182721371, 1119886
182840914, 183923199, 1082285
184194171, 185310399, 1116228
185433142, 186537257, 1104115
186659657, 187754628, 1094971
187872914, 188984342, 1111428
189245714, 190372914, 1127200
190495199, 191593028, 1097829
191711428, 192792685, 1081257
192909828, 194159771, 1249943
194283542, 195414399, 1130857
195536914, 196660799, 1123885
196779885, 197879656, 1099771
197999314, 199243085, 1243771
199365371, 200493828, 1128457
200616914, 201730285, 1113371
201849485, 202954514, 1105029
203214971, 204353257, 1138286
204475428, 205592342, 1116914
205709714, 206804114, 1094400
206920914, 208159885, 1238971
208282285, 209388114, 1105829
209511085, 210640914, 1129829
210759085, 211867085, 1108000
211985599, 213250857, 1265258
213373942, 214489257, 1115315
214611885, 215705256, 1093371
215823314, 216919542, 1096228
217180799, 218287771, 1106972
218411199, 219524914, 1113715
219647656, 220754171, 1106515
220873599, 221985942, 1112343
222246057, 223369142, 1123085
223492342, 224599885, 1107543
224718056, 225798971, 1080915
225915542, 227176914, 1261372
227301257, 228424114, 1122857
228547199, 229674742, 1127543
229793371, 230891314, 1097943
231152457, 232255199, 1102742
232377714, 233491542, 1113828
233613942, 234705599, 1091657
234823542, 235924456, 1100914
236195999, 237330514, 1134515
237454628, 238563657, 1109029
238681828, 239772114, 1090286
239891428, 241001942, 1110514
241260685, 242377942, 1117257
242502171, 243589142, 1086971
243707771, 244817371, 1109600
244938514, 246161028, 1222514
246285942, 247409028, 1123086
247533371, 248657485, 1124114
248777028, 249884571, 1107543
250004456, 251245599, 1241143
251369599, 252491999, 1122400
252615542, 253711771, 1096229
253831314, 254944114, 1112800
255214628, 256339771, 1125143
256976228, 258324114, 1347886
258448571, 259560342, 1111771
259677256, 260766628, 1089372
260884342, 262002285, 1117943
262261599, 263391428, 1129829
263514514, 264612228, 1097714
264729599, 265821256, 1091657
265938742, 267177485, 1238743
267300457, 268420799, 1120342
268542742, 269613485, 1070743
269742285, 270852571, 1110286
270971199, 272226742, 1255543
272349485, 273473485, 1124000
273596228, 274688571, 1092343
274808228, 275907885, 1099657
276171314, 277288228, 1116914
277411199, 278536228, 1125029
278653714, 279761256, 1107542
279881942, 281023199, 1141257
281281257, 282401257, 1120000
282523885, 283617485, 1093600
283734056, 284843885, 1109829
284961599, 286236342, 1274743
286359771, 287487085, 1127314
287610856, 288724456, 1113600
288843999, 289945371, 1101372
290215771, 291345828, 1130057
291469028, 292569942, 1100914
292688571, 293780114, 1091543
293897256, 295144457, 1247201
295267999, 296399657, 1131658
296522742, 297622399, 1099657
297739999, 298844685, 1104686
298962742, 300226857, 1264115
300350171, 301466971, 1116800
301589942, 302682285, 1092343
302800571, 303902514, 1101943
304171085, 305291542, 1120457
305413714, 306533485, 1119771
306656571, 307752342, 1095771
307870171, 308986856, 1116685
309248571, 309971428, 722857
310220228, 313920342, 3700114
314200799, 314934742, 733943
315190285, 317880456, 2690171
318001371, 319260685, 1259314
319382857, 320498971, 1116114
320621942, 321718056, 1096114
321837828, 322937256, 1099428
323205485, 324336114, 1130629
324459999, 325577485, 1117486
325695199, 326788114, 1092915
326905942, 328018399, 1112457
328275314, 329391542, 1116228
329514628, 330610514, 1095886
330727542, 331828342, 1100800
331945828, 333177142, 1231314
333300457, 334451999, 1151542
334574057, 335667542, 1093485
335784342, 336887314, 1102972
337006171, 338244342, 1238171
338367199, 339490857, 1123658
339613599, 340706628, 1093029
340824342, 341930285, 1105943
342189714, 343328457, 1138743
343451199, 344559999, 1108800
344677485, 345767199, 1089714
345883999, 347139428, 1255429
347263428, 348385714, 1122286
348508685, 349613942, 1105257
349731656, 350831314, 1099658
350949714, 352200799, 1251085
352323428, 353438171, 1114743
353560685, 354661599, 1100914
354780114, 355878399, 1098285
355996114, 357237028, 1240914
357359885, 358474742, 1114857
358597028, 359684914, 1087886
359802856, 360900114, 1097258
361162971, 362278628, 1115657
362401828, 363515314, 1113486
363637714, 364737714, 1100000
364855885, 365962285, 1106400
366220114, 367356914, 1136800
367479199, 368583085, 1103886
368700914, 369803656, 1102742
369922514, 371156685, 1234171
371281142, 372408571, 1127429
372531314, 373627999, 1096685
373746285, 374851085, 1104800
374969485, 376209142, 1239657
376331428, 377451314, 1119886
377574628, 378671885, 1097257
378789828, 379893485, 1103657
380012114, 381261828, 1249714
381383999, 382496114, 1112115
382618857, 383701714, 1082857
383818971, 384922856, 1103885
385187657, 386314399, 1126742
386437142, 387550742, 1113600
387668114, 388765485, 1097371
388883656, 390135314, 1251658
390259542, 391391542, 1132000
391513714, 392611199, 1097485
392727999, 393827542, 1099543
393946399, 395174057, 1227658
395298399, 396447314, 1148915
396570057, 397667428, 1097371
397786399, 398884456, 1098057
399004228, 400253371, 1249143
400376342, 401485371, 1109029
401608914, 402720114, 1111200
402838971, 403922856, 1083885
404196457, 405329371, 1132914
405452914, 406558742, 1105828
406675657, 407799199, 1123542
407919314, 409149371, 1230057
409273828, 410412457, 1138629
410534971, 411650171, 1115200
411768456, 412870856, 1102400
412990056, 414245371, 1255315
414368571, 415499314, 1130743
415623314, 416710628, 1087314
416828914, 417947428, 1118514
418215771, 419353028, 1137257
419477257, 420584914, 1107657
420703542, 421792228, 1088686
421910171, 423157028, 1246857
423282628, 424394285, 1111657
424518971, 425653371, 1134400
425772914, 426877256, 1104342
426996571, 428243657, 1247086
428367428, 429487999, 1120571
429611428, 430728571, 1117143
430849942, 431942399, 1092457
432211428, 433351885, 1140457
433977485, 435339771, 1362286
435465942, 436572685, 1106743
436690171, 437781142, 1090971
437898514, 439003771, 1105257
439260457, 440407199, 1146742
440530514, 441631999, 1101485
441749485, 442847199, 1097714
442964456, 444207085, 1242629
444330057, 445467657, 1137600
445590742, 446681028, 1090286
446798171, 447905714, 1107543
448170514, 449284799, 1114285
449407999, 450539428, 1131429
450657714, 451755428, 1097714
451874628, 452991656, 1117028
453254514, 454378171, 1123657
454500799, 455603771, 1102972
455722171, 456810285, 1088114
456926628, 458190628, 1264000
458313028, 459439657, 1126629
459562971, 460680571, 1117600
460800114, 461903085, 1102971
462180457, 463297599, 1117142
463419428, 464534285, 1114857
464651314, 465763542, 1112228
465883771, 466991656, 1107885
467253142, 468384914, 1131772
468508457, 469650971, 1142514
469767999, 470872228, 1104229
470991314, 472241485, 1250171
472364114, 473492914, 1128800
473615542, 474727428, 1111886
474846514, 475940685, 1094171
476211542, 477360342, 1148800
477483771, 478584457, 1100686
478702856, 479792571, 1089715
479909256, 481144685, 1235429
481267428, 482392228, 1124800
482514057, 483612914, 1098857
483730742, 484830856, 1100114
484949485, 486188571, 1239086
486310971, 487430171, 1119200
487553485, 488683885, 1130400
488803314, 489905942, 1102628
490175199, 491309028, 1133829
491431428, 492301714, 870286
492423428, 498145028, 5721600
498273714, 499408343, 1134629
499531086, 500625714, 1094628
500742514, 501853714, 1111200
501972571, 503211886, 1239315
503334286, 504460229, 1125943
504582972, 505692572, 1109600
505810400, 506913943, 1103543
507185943, 508296800, 1110857
508418972, 509524343, 1105371
509647314, 510745257, 1097943
510865371, 511984114, 1118743
512245029, 513381143, 1136114
513503772, 514615543, 1111771
514732914, 515827429, 1094515
515945257, 517181486, 1236229
517303772, 518440229, 1136457
518562857, 519644343, 1081486
519761143, 520863657, 1102514
520983429, 522238058, 1254629
522360800, 523486515, 1125715
523609829, 524698057, 1088228
524814857, 525902857, 1088000
526164686, 527282515, 1117829
527405143, 528535543, 1130400
528653714, 529740457, 1086743
529857600, 530972914, 1115314
531235543, 532365486, 1129943
532488915, 533607429, 1118514
533726514, 534825943, 1099429
534943086, 536163086, 1220000
536286286, 537410515, 1124229
537534172, 538631543, 1097371
538748800, 539856800, 1108000
539975771, 541218858, 1243087
541342629, 542459429, 1116800
542582400, 543691772, 1109372
543810971, 544916229, 1105258
545181029, 546289486, 1108457
546412686, 547538743, 1126057
547660114, 548753371, 1093257
548870286, 549985029, 1114743
550246743, 551377029, 1130286
551499772, 552611543, 1111771
552729372, 553834743, 1105371
553953714, 555206972, 1253258
555329257, 556450172, 1120915
556572686, 557680572, 1107886
557799086, 558896571, 1097485
559159315, 560277715, 1118400
560400800, 561519200, 1118400
561642629, 562769143, 1126514
562888914, 564002514, 1113600
564262172, 565402400, 1140228
565525714, 566638514, 1112800
566757829, 567849829, 1092000
567966971, 569221372, 1254401
569344115, 570466172, 1122057
570589829, 571678057, 1088228
571795886, 572901486, 1105600
573165943, 574282286, 1116343
574405829, 575528114, 1122285
575651314, 576737257, 1085943
576854286, 577968571, 1114285
578233715, 579365257, 1131542
579488572, 580589029, 1100457
580706743, 581799886, 1093143
581916229, 583166858, 1250629
583289715, 584415886, 1126171
584538057, 585646286, 1108229
585764343, 586864229, 1099886
586983314, 588238286, 1254972
588360686, 589491086, 1130400
589613714, 590702972, 1089258
590820800, 591926400, 1105600
592194629, 593313372, 1118743
593435772, 594556000, 1120228
594674172, 595761829, 1087657
595881371, 597135772, 1254401
597261943, 598385029, 1123086
598508914, 599605257, 1096343
599723543, 600826857, 1103314
600947086, 602175543, 1228457
602300572, 603430400, 1129828
603555200, 604670057, 1114857
604790057, 605892914, 1102857
606013029, 607249029, 1236000
607373143, 608502629, 1129486
608627429, 609726172, 1098743
609845486, 610936571, 1091085
611203315, 612330743, 1127428
612972000, 614329143, 1357143
614454172, 615553943, 1099771
615670857, 616766971, 1096114
616885143, 618138400, 1253257
618261600, 619384000, 1122400
619506743, 620601829, 1095086
620718857, 621841029, 1122172
621961257, 623229372, 1268115
623351886, 624484000, 1132114
624607657, 625705714, 1098057
625824800, 626930857, 1106057
627197372, 628325029, 1127657
628447086, 629554743, 1107657
629672343, 630772457, 1100114
630889371, 632139086, 1249715
632262400, 633381029, 1118629
633504000, 634609143, 1105143
634727314, 635816457, 1089143
635933943, 637197258, 1263315
637320229, 638437143, 1116914
638559314, 639651657, 1092343
639769029, 640870057, 1101028
640988343, 642222515, 1234172
642345029, 643477143, 1132114
643600457, 644693143, 1092686
644813143, 645914629, 1101486
646187315, 647303772, 1116457
647426515, 648544686, 1118171
648667086, 649758629, 1091543
649876800, 650988800, 1112000
651249372, 652386400, 1137028
652509600, 653629714, 1120114
653749943, 654850400, 1100457
654968457, 656226972, 1258515
656350743, 657463315, 1112572
657587086, 658717372, 1130286
658835657, 659927429, 1091772
660195200, 661317143, 1121943
661440229, 662550972, 1110743
662668457, 663754400, 1085943
663872000, 664988229, 1116229
665250629, 666379657, 1129028
666507086, 667605486, 1098400
667723657, 668817143, 1093486
668933829, 670188458, 1254629
670311200, 671023771, 712571
671280115, 677989142, 6709027
678275428, 679409943, 1134515
679533486, 680627200, 1093714
680744000, 681830629, 1086629
681948229, 683193143, 1244914
683316000, 684453486, 1137486
684576800, 685677714, 1100914
685796229, 686885371, 1089142
687147886, 688252572, 1104686
688374743, 689486286, 1111543
689608572, 690694857, 1086285
690813257, 691917829, 1104572
692181258, 693290972, 1109714
693413600, 694550400, 1136800
694671200, 695792686, 1121486
695912457, 697168343, 1255886
697291315, 698416572, 1125257
698540343, 699649143, 1108800
699766743, 700869143, 1102400
700988114, 702250629, 1262515
702373715, 703501829, 1128114
703624229, 704744457, 1120228
704863086, 705968800, 1105714
706236686, 707368686, 1132000
707490857, 708608457, 1117600
708726629, 709837486, 1110857
709955886, 711203886, 1248000
711325943, 712441372, 1115429
712563886, 713658972, 1095086
713776229, 714874057, 1097828
714991771, 716237600, 1245829
716359886, 717488343, 1128457
717611429, 718710743, 1099314
718831086, 719937029, 1105943
720203772, 721333372, 1129600
721456572, 722554172, 1097600
722672914, 723785943, 1113029
723906629, 725156686, 1250057
725281829, 726402629, 1120800
726525600, 727619543, 1093943
727736686, 728823429, 1086743
728940457, 730195315, 1254858
730318172, 731440000, 1121828
731562857, 732658057, 1095200
732776686, 733879657, 1102971
733998971, 735239315, 1240344
735362172, 736488572, 1126400
736611772, 737700914, 1089142
737818057, 738937829, 1119772
739201486, 740327543, 1126057
740450172, 741551657, 1101485
741669029, 742792686, 1123657
742911086, 744023200, 1112114
744280686, 745412572, 1131886
745535772, 746635200, 1099428
746752343, 747858514, 1106171
747976800, 749222286, 1245486
749344915, 750453143, 1108228
750575657, 751686286, 1110629
751806286, 752907771, 1101485
753178858, 754316457, 1137599
754438400, 755557943, 1119543
755675657, 756766743, 1091086
756884229, 757992800, 1108571
758250743, 759387315, 1136572
759510172, 760609714, 1099542
760727314, 761832457, 1105143
761952000, 763206058, 1254058
763333600, 764448572, 1114972
764570857, 765695314, 1124457
765813943, 766916229, 1102286
767188800, 767916114, 727314
768408343, 769546172, 1137829
769664914, 770750857, 1085943
770869600, 771985257, 1115657
772246629, 773372343, 1125714
773496457, 774591772, 1095315
774710972, 775798286, 1087314
775916229, 777164115, 1247886
777288686, 778414743, 1126057
778538629, 779667086, 1128457
779787657, 780888914, 1101257
781008686, 782268572, 1259886
782392915, 783511314, 1118399
783635314, 784729257, 1093943
784848343, 785951086, 1102743
786215429, 787342857, 1127428
787467200, 788588457, 1121257
788708229, 789812914, 1104685
789933600, 791164915, 1231315
791290972, 792445829, 1154857
793284343, 794494629, 1210286
794619314, 795708114, 1088800
795825600, 796921371, 1095771
797188343, 798344686, 1156343
798468343, 799592229, 1123886
799709600, 800804914, 1095314
800921829, 802167315, 1245486
802291886, 803430172, 1138286
803554057, 804641257, 1087200
804759314, 805860457, 1101143
805978857, 807231772, 1252915
807353600, 808471086, 1117486
808593143, 809713143, 1120000
809831886, 810952686, 1120800
811218629, 812350286, 1131657
812472572, 813592686, 1120114
813710972, 814802629, 1091657
814921600, 816182286, 1260686
816304915, 817425486, 1120571
817547886, 818656114, 1108228
818775772, 819872000, 1096228
819990286, 821227200, 1236914
821350172, 822475772, 1125600
822598857, 823687657, 1088800
823805371, 824910857, 1105486
825173372, 826308115, 1134743
826431200, 827542629, 1111429
827660686, 828771314, 1110628
828889371, 829993143, 1103772
830252458, 831380229, 1127771
831503429, 832614743, 1111314
832732114, 833832914, 1100800
833949486, 835193943, 1244457
835316800, 836431429, 1114629
836554400, 837665257, 1110857
837784229, 838887200, 1102971
839006286, 840246629, 1240343
840368686, 841493829, 1125143
841617372, 842734857, 1117485
842854400, 843952229, 1097829
844220229, 845357829, 1137600
845480572, 846590514, 1109942
846708686, 847801829, 1093143
847919200, 849182972, 1263772
849305715, 850431086, 1125371
850553943, 851418286, 864343
851540000, 857930628, 6390628
858208457, 859359315, 1150858
859482743, 860601714, 1118971
860719429, 861814514, 1095085
861931200, 863158972, 1227772
863282972, 864404457, 1121485
864528114, 865636114, 1108000
865761372, 866872571, 1111199
866992000, 868235429, 1243429
868357829, 869472572, 1114743
869595772, 870688114, 1092342
870805371, 871911429, 1106058
872177258, 873299886, 1122628
873421943, 874539543, 1117600
874657257, 875748000, 1090743
875865829, 876972229, 1106400
877234400, 878365715, 1131315
878488000, 879600000, 1112000
879718400, 880814400, 1096000
880932457, 882193486, 1261029
882316000, 883434172, 1118172
883556572, 884660572, 1104000
884779657, 885875314, 1095657
885994629, 887242400, 1247771
887364800, 888481372, 1116572
888604343, 889693029, 1088686
889810514, 890920000, 1109486
891186400, 892302515, 1116115
892425829, 893542514, 1116685
893662514, 894749486, 1086972
894866629, 895986057, 1119428
896249257, 897368686, 1119429
897491086, 898596457, 1105371
898714514, 899818400, 1103886
899936800, 901200343, 1263543
901322857, 902440915, 1118058
902563657, 903648572, 1084915
903766743, 904862857, 1096114
904981714, 906225486, 1243772
906347772, 907472457, 1124685
907595543, 908689714, 1094171
908807657, 909910514, 1102857
910178286, 911327657, 1149371
911451086, 912550629, 1099543
912670629, 913763200, 1092571
913881143, 914988343, 1107200
915254286, 916371429, 1117143
916493829, 917594286, 1100457
917712457, 919267200, 1554743
919391543, 920518514, 1126971
920641029, 921755657, 1114628
921874400, 922978971, 1104571
923240229, 924373029, 1132800
924495657, 925610514, 1114857
925728343, 926825714, 1097371
926943429, 928202858, 1259429
928326515, 929444457, 1117942
929566514, 930862286, 1295772
930983657, 932233943, 1250286
932357029, 933473143, 1116114
933595429, 934687200, 1091771
934805943, 935906171, 1100228
936170629, 937286743, 1116114
937408915, 938538514, 1129599
938661257, 939757029, 1095772
939880457, 940990971, 1110514
941255200, 942376115, 1120915
942498972, 943616000, 1117028
943734514, 944823543, 1089029
944940686, 946188686, 1248000
946310743, 947422057, 1111314
947544572, 948920000, 1375428
949191200, 950322972, 1131772
950446286, 951554172, 1107886
951673143, 952764571, 1091428
952881943, 953988571, 1106628
954250743, 955367657, 1116914
955492229, 956621143, 1128914
956741029, 957835314, 1094285
957952914, 959213600, 1260686
959337372, 960453143, 1115771
960577143, 961700343, 1123200
961819543, 962906171, 1086628
963168915, 964310400, 1141485
964434172, 965540800, 1106628
965659314, 966757714, 1098400
966875886, 968133143, 1257257
968258172, 969381600, 1123428
969505029, 970606629, 1101600
970725143, 971852686, 1127543
972669943, 973907771, 1237828
974181029, 975316572, 1135543
975439772, 976546286, 1106514
976662972, 977755086, 1092114
977873257, 978988114, 1114857
979249600, 980375543, 1125943
980498286, 981617943, 1119657
981735200, 982828457, 1093257
982946857, 984203772, 1256915
984325486, 985444915, 1119429
985567657, 986660000, 1092343
986776800, 987882971, 1106171
988002171, 989243543, 1241372
989366057, 990479429, 1113372
990602857, 991695086, 1092229
991812457, 992927771, 1115314
993201829, 994328343, 1126514
994451543, 995556914, 1105371
995674400, 996761143, 1086743
996878171, 997986629, 1108458
998244800, 999728572, 1483772
999865029, 1168800, -998696229
1295543, 2430286, 1134743
2551543, 3662514, 1110971
3778400, 4880914, 1102514
4998171, 6251315, 1253144
6372115, 7494972, 1122857
7616686, 8730400, 1113714
8848914, 9952457, 1103543
10214172, 11344457, 1130285
11466515, 12574400, 1107885
12691886, 13787657, 1095771
13904114, 15155772, 1251658
15279200, 16409029, 1129829
16532000, 17661714, 1129714
17780229, 18885029, 1104800
19003657, 20241029, 1237372
20362857, 21489715, 1126858
21611086, 22710629, 1099543
22827543, 23915429, 1087886
24179543, 25307657, 1128114
25430515, 26537143, 1106628
26654172, 27739657, 1085485
27855771, 28974400, 1118629
29235543, 30367429, 1131886
30489829, 31599657, 1109828
31716343, 32804571, 1088228
32920457, 34171086, 1250629
34294172, 35404457, 1110285
35526286, 36619200, 1092914
36736457, 37599314, 862857
37713829, 41864799, 4150970
41986056, 43286742, 1300686
43409028, 44519542, 1110514
44641942, 45727199, 1085257
45843656, 46946628, 1102972
47204799, 48926742, 1721943
49220571, 50370742, 1150171
50493942, 51617942, 1124000
51734514, 52830742, 1096228
52946971, 54198399, 1251428
54321028, 55432685, 1111657
55555542, 56652228, 1096686
56769828, 57870856, 1101028
57989828, 59239999, 1250171
59362628, 60484914, 1122286
60606628, 61709942, 1103314
61828571, 62915428, 1086857
63178171, 64295085, 1116914
64416914, 65546057, 1129143
65669714, 66760914, 1091200
66877714, 68136114, 1258400
68259428, 69406399, 1146971
69528685, 70632571, 1103886
70749371, 71862171, 1112800
71980799, 73227542, 1246743
73349142, 74458399, 1109257
74580342, 75685485, 1105143
75804114, 76910171, 1106057
77183085, 78300342, 1117257
78422285, 79531199, 1108914
79654399, 80734742, 1080343
80851085, 81961028, 1109943
82222742, 83352228, 1129486
83474857, 84579771, 1104914
84697714, 85797599, 1099885
85914971, 87149371, 1234400
87272114, 88402628, 1130514
88524342, 89626742, 1102400
89743314, 90840342, 1097028
90957256, 92206057, 1248801
92327542, 93435199, 1107657
93557257, 94650857, 1093600
94767314, 95868571, 1101257
95987199, 97233142, 1245943
97354857, 98474399, 1119542
98595885, 99702514, 1106629
99820571, 100902171, 1081600
101163771, 102305142, 1141371
102427999, 103533371, 1105372
103650399, 104739999, 1089600
104857828, 105973714, 1115886
106235428, 107364228, 1128800
107487085, 108593257, 1106172
108711085, 109816685, 1105600
109934285, 111170057, 1235772
111293371, 112447314, 1153943
112571657, 113692342, 1120685
113810856, 114909256, 1098400
115172228, 116286514, 1114286
116409371, 117526742, 1117371
117649599, 118739542, 1089943
118858742, 119975314, 1116572
120238514, 121373028, 1134514
121495885, 122610399, 1114514
122728571, 123811199, 1082628
123928114, 125176457, 1248343
125300228, 126437142, 1136914
126560342, 127681256, 1120914
127799542, 128878285, 1078743
128996342, 130241828, 1245486
130364342, 131470514, 1106172
131593028, 132710056, 1117028
132829599, 133932799, 1103200
134202742, 135350171, 1147429
135472685, 136582971, 1110286
136701028, 137815771, 1114743
137935314, 139186857, 1251543
139311085, 140437599, 1126514
140562399, 141670514, 1108115
141788799, 142893828, 1105029
143159085, 144283428, 1124343
144407542, 145528457, 1120915
145652342, 146731314, 1078972
146850056, 147956799, 1106743
148222857, 149349714, 1126857
149473257, 150588228, 1114971
150707999, 151807885, 1099886
151927314, 153155999, 1228685
153281028, 154417257, 1136229
154540799, 155630514, 1089715
155748799, 156843656, 1094857
156962514, 158216799, 1254285
158853371, 160222285, 1368914
160347428, 161479199, 1131771
161602742, 162708228, 1105486
162827428, 163930971, 1103543
164200914, 165346742, 1145828
165468799, 166582171, 1113372
166699542, 167793828, 1094286
167911199, 169150857, 1239658
169274514, 170407314, 1132800
170530399, 171646628, 1116229
171764114, 172861828, 1097714
172980914, 174235199, 1254285
174357485, 175466628, 1109143
175589028, 176681485, 1092457
176799314, 177898285, 1098971
178159657, 179267885, 1108228
179390628, 180518171, 1127543
180640571, 181731428, 1090857
181849142, 182944228, 1095086
183208685, 184326857, 1118172
184450628, 185547199, 1096571
185664342, 186781599, 1117257
186901599, 188009256, 1107657
188265142, 189386971, 1121829
189509714, 190606399, 1096685
190724114, 191817485, 1093371
191934742, 193199885, 1265143
193322514, 194440571, 1118057
194563085, 195649828, 1086743
195766628, 196873599, 1106971
196993028, 198229828, 1236800
198352228, 199483657, 1131429
199606399, 200715428, 1109029
200834856, 201922971, 1088115
202193599, 203321714, 1128115
203443885, 204550057, 1106172
204668342, 205749599, 1081257
205866628, 206978171, 1111543
207238285, 208375657, 1137372
208498399, 209612228, 1113829
209730285, 210830856, 1100571
210949256, 211827314, 878058
211944342, 213389485, 1445143
213512799, 214383657, 870858
214506057, 217893599, 3387542
218014971, 219306628, 1291657
219429371, 220528799, 1099428
220648228, 221742971, 1094743
221860114, 222981371, 1121257
223244914, 224376457, 1131543
224499885, 225629942, 1130057
225749256, 226866742, 1117486
226986171, 228225828, 1239657
228348114, 229472799, 1124685
229595314, 230692914, 1097600
230812799, 231914628, 1101829
232172342, 233307771, 1135429
233431657, 234535199, 1103542
234656457, 235761714, 1105257
235882056, 236986285, 1104229
237247999, 238368685, 1120686
238490857, 239598856, 1107999
239717028, 240804799, 1087771
240921599, 242178971, 1257372
242302171, 243427771, 1125600
243550971, 244640342, 1089371
244757599, 245855656, 1098057
245974628, 247222171, 1247543
247345485, 248456914, 1111429
248580571, 249657942, 1077371
249775314, 250884114, 1108800
251004228, 252249714, 1245486
252372342, 253498971, 1126629
253621714, 254708228, 1086514
254825485, 255911428, 1085943
256178399, 257305485, 1127086
257428114, 258547657, 1119543
258664228, 259772228, 1108000
259891656, 260998056, 1106400
261255885, 262403542, 1147657
262526857, 263622628, 1095771
263740571, 264840342, 1099771
264959199, 266208228, 1249029
266330514, 267447999, 1117485
267571085, 268659999, 1088914
268777028, 269874628, 1097600
269993599, 271239657, 1246058
271361942, 272485028, 1123086
272608457, 273698171, 1089714
273815428, 274934399, 1118971
275199542, 276341942, 1142400
276469371, 277587428, 1118057
277705485, 278798399, 1092914
278915542, 280180228, 1264686
280303771, 281420457, 1116686
281542857, 282634399, 1091542
282751314, 283857599, 1106285
283976799, 285207885, 1231086
285331199, 286446285, 1115086
286568571, 287668685, 1100114
287787085, 288881142, 1094057
288999999, 290239314, 1239315
290362514, 291481828, 1119314
291603542, 292702171, 1098629
292819885, 293926285, 1106400
294188342, 295315542, 1127200
295443771, 296562057, 1118286
296679885, 297771999, 1092114
297889599, 299005828, 1116229
299263542, 300410171, 1146629
300532457, 301627199, 1094742
301744799, 302842856, 1098057
302962171, 304203657, 1241486
304326742, 305441371, 1114629
305564114, 306663199, 1099085
306780914, 307879199, 1098285
307997599, 309231771, 1234172
309355085, 310479428, 1124343
310601828, 311724228, 1122400
311842742, 312961142, 1118400
313228342, 314350971, 1122629
314474399, 315580685, 1106286
315699885, 316790056, 1090171
316907999, 318001256, 1093257
318258857, 319393371, 1134514
319517828, 320635999, 1118171
320755885, 321862399, 1106514
321981485, 323219999, 1238514
323343314, 324468799, 1125485
324593371, 325708799, 1115428
325829828, 326915314, 1085486
327179771, 328296114, 1116343
328419085, 329541599, 1122514
329663885, 330746056, 1082171
330864571, 331972685, 1108114
332234628, 333361257, 1126629
333976914, 335348457, 1371543
335474171, 336582971, 1108800
336700114, 337796228, 1096114
337913942, 339161028, 1247086
339284457, 340414971, 1130514
340538514, 341634399, 1095885
341751314, 342854514, 1103200
342973371, 344220685, 1247314
344342514, 345462742, 1120228
345584914, 346675314, 1090400
346792571, 347891085, 1098514
348009828, 349257485, 1247657
349380114, 350518628, 1138514
350642399, 351720914, 1078515
351837942, 352949256, 1111314
353218742, 354342399, 1123657
354464457, 355589485, 1125028
355707999, 356805828, 1097829
356923771, 358020799, 1097028
358275542, 359405599, 1130057
359527999, 360623999, 1096000
360741371, 361848685, 1107314
361967656, 363214971, 1247315
363337942, 364460685, 1122743
364582971, 365681828, 1098857
365800342, 366907428, 1107086
367177942, 368309599, 1131657
368432342, 369539999, 1107657
369657828, 370732799, 1074971
370850056, 371959428, 1109372
372221714, 373366514, 1144800
373489828, 374601028, 1111200
374719085, 375811885, 1092800
375929028, 377179085, 1250057
377302971, 378421942, 1118971
378544457, 379643428, 1098971
379760685, 380867314, 1106629
380986628, 382254628, 1268000
382377714, 383500685, 1122971
383623771, 384724685, 1100914
384844228, 385935428, 1091200
386206628, 387341828, 1135200
387465599, 388571085, 1105486
388688342, 389813714, 1125372
389933599, 391187657, 1254058
391310399, 392433142, 1122743
392556685, 393414628, 857943
393534171, 397392115, 3857944
397520572, 398630857, 1110285
398748686, 399853029, 1104343
399972800, 401214286, 1241486
401337486, 402454629, 1117143
402576914, 403699429, 1122515
403818514, 404913943, 1095429
405176000, 406294057, 1118057
406417600, 407542514, 1124914
407663086, 408782171, 1119085
408900686, 410005600, 1104914
410263543, 411387886, 1124343
411511200, 412614857, 1103657
412732686, 413838514, 1105828
413956800, 415196686, 1239886
415318972, 416439772, 1120800
416562514, 417646743, 1084229
417763543, 418871771, 1108228
418990628, 420228572, 1237944
420350743, 421473143, 1122400
421595772, 422690972, 1095200
422808114, 423915543, 1107429
424188229, 425344343, 1156114
425466515, 426578172, 1111657
426696000, 427805714, 1109714
427924686, 429185943, 1261257
429309600, 430435772, 1126172
430558743, 431652686, 1093943
431770400, 432874057, 1103657
432993257, 434235658, 1242401
434358400, 435480343, 1121943
435603657, 436722400, 1118743
436841600, 437945600, 1104000
438210172, 439340572, 1130400
439464457, 440570286, 1105829
440688229, 441796343, 1108114
441915200, 443174972, 1259772
443298629, 444416572, 1117943
444538857, 445636000, 1097143
445753600, 446860800, 1107200
446979657, 448219772, 1240115
448342172, 449454972, 1112800
449577143, 450677486, 1100343
450795086, 451912686, 1117600
452183086, 453332572, 1149486
453456115, 454576572, 1120457
454695772, 455795200, 1099428
455913029, 457176115, 1263086
457298972, 458412572, 1113600
458534743, 459640572, 1105829
459757829, 460865486, 1107657
460984343, 462219772, 1235429
462342286, 463455200, 1112914
463577943, 464679772, 1101829
464797829, 465900000, 1102171
466168343, 467305029, 1136686
467428343, 468531886, 1103543
468654514, 469738286, 1083772
469855886, 470964914, 1109028
471226058, 472364343, 1138285
472487200, 473596229, 1109029
473714857, 474829486, 1114629
474948000, 476202858, 1254858
476326515, 477438515, 1112000
477560572, 478662057, 1101485
478779543, 479875086, 1095543
479993600, 481242058, 1248458
481365029, 482493257, 1128228
482616000, 483713029, 1097029
483831200, 484937943, 1106743
485207429, 486332457, 1125028
486454743, 487559200, 1104457
487678629, 488767200, 1088571
488884686, 489763429, 878743
490280000, 491412457, 1132457
491538743, 492637143, 1098400
492756686, 493863886, 1107200
493982857, 495216115, 1233258
495339086, 496455543, 1116457
496579314, 497688343, 1109029
497808457, 498910514, 1102057
499176800, 500309943, 1133143
500433143, 501542286, 1109143
501660800, 502756686, 1095886
502874743, 503983086, 1108343
504244115, 505377943, 1133828
505501143, 506621943, 1120800
506740686, 507845600, 1104914
507965943, 509200572, 1234629
509325486, 510433943, 1108457
511238629, 512435086, 1196457
512560000, 513663200, 1103200
513781943, 514892114, 1110171
515010743, 516288115, 1277372
516410972, 517520343, 1109371
517642743, 518725714, 1082971
518844343, 519958057, 1113714
520219429, 521362743, 1143314
521486057, 522595314, 1109257
522712686, 523807429, 1094743
523924914, 525172915, 1248001
525297029, 526420343, 1123314
526543543, 527624457, 1080914
527741143, 528824343, 1083200
528941600, 530187200, 1245600
530310857, 531434857, 1124000
531557829, 532677714, 1119885
532794857, 533905371, 1110514
534179543, 535297486, 1117943
535420115, 536541714, 1121599
536661829, 537746057, 1084228
537863429, 538965943, 1102514
539228343, 540358972, 1130629
540481257, 541607657, 1126400
541725714, 542811771, 1086057
542928343, 544180000, 1251657
544302515, 545408229, 1105714
545530629, 546630400, 1099771
546748000, 547858400, 1110400
547977143, 549224343, 1247200
549346743, 550471200, 1124457
550593029, 551691429, 1098400
551809943, 552911657, 1101714
553183429, 554334857, 1151428
554461372, 555575200, 1113828
555693372, 556788914, 1095542
556906514, 558161715, 1255201
558286057, 559437486, 1151429
559560343, 560654514, 1094171
560771657, 561875886, 1104229
561995771, 563236686, 1240915
563359200, 564473029, 1113829
564595086, 565708000, 1112914
565827314, 566930743, 1103429
567205258, 568325029, 1119771
568448229, 569565029, 1116800
569683657, 570799200, 1115543
570918400, 572161143, 1242743
572285715, 573423657, 1137942
573547314, 574670972, 1123658
574789714, 575660343, 870629
575998857, 577271429, 1272572
577396229, 578508800, 1112571
578633029, 579761943, 1128914
579882057, 580983086, 1101029
581242058, 582371772, 1129714
582493829, 583601714, 1107885
583720114, 584819657, 1099543
584939429, 586198858, 1259429
586321943, 587432000, 1110057
587554629, 588656343, 1101714
588774400, 589873714, 1099314
589992914, 591247429, 1254515
591370286, 592504000, 1133714
592626857, 593710629, 1083772
593827657, 594934857, 1107200
595203543, 596333143, 1129600
596456457, 597572686, 1116229
597689943, 598794857, 1104914
598912686, 600169143, 1256457
600291315, 601403200, 1111885
601525943, 602622514, 1096571
602740572, 603846057, 1105485
603964000, 605207658, 1243658
605330400, 606437600, 1107200
606559772, 607654172, 1094400
607771314, 608870171, 1098857
608988571, 610239543, 1250972
610361600, 611493029, 1131429
611616229, 612705029, 1088800
612822286, 613921600, 1099314
614191772, 615334286, 1142514
615457029, 616568114, 1111085
616685600, 617792343, 1106743
617912114, 619006743, 1094629
619264572, 620390629, 1126057
620513829, 621608572, 1094743
621726629, 622819886, 1093257
622938857, 624167543, 1228686
624291657, 625426857, 1135200
625549372, 626635543, 1086171
626752800, 627859086, 1106286
627977486, 629232343, 1254857
629355429, 630473486, 1118057
630596572, 631712686, 1116114
631831771, 632917029, 1085258
633182172, 634300343, 1118171
634423200, 635527886, 1104686
635648229, 636740229, 1092000
636857486, 637974629, 1117143
638237943, 639363886, 1125943
639486286, 640594400, 1108114
640712686, 641808571, 1095885
641925029, 643185372, 1260343
643307315, 644429257, 1121942
644551772, 645646629, 1094857
645764572, 646865714, 1101142
646984571, 648239315, 1254744
648362057, 649497486, 1135429
649620457, 650707772, 1087315
650825257, 651935314, 1110057
652200800, 653326629, 1125829
653450400, 654555200, 1104800
654672457, 655762400, 1089943
655879886, 656994628, 1114742
657253372, 658385029, 1131657
658508686, 659606514, 1097828
659723200, 660815771, 1092571
660932914, 662184229, 1251315
662306743, 663441143, 1134400
663563429, 664653257, 1089828
664769714, 665877486, 1107772
665997714, 667240572, 1242858
667363772, 668490857, 1127085
668615086, 669702857, 1087771
669821143, 670915200, 1094057
671185486, 672309600, 1124114
672432229, 673542286, 1110057
673660686, 674746286, 1085600
674864229, 675982286, 1118057
676247657, 677394972, 1147315
677518057, 678635200, 1117143
678754171, 679864800, 1110629
679985371, 681229829, 1244458
681354057, 682487886, 1133829
682611772, 683705372, 1093600
683824914, 684948914, 1124000
685715772, 686940229, 1224457
687207543, 688347200, 1139657
688469257, 689590172, 1120915
689707886, 690821943, 1114057
690940571, 692197258, 1256687
692319886, 693436915, 1117029
693559543, 694656457, 1096914
694774971, 695880114, 1105143
695998743, 697253029, 1254286
697376343, 698497943, 1121600
698620457, 699703086, 1082629
699821029, 700903314, 1082285
701165372, 702282743, 1117371
702406400, 703516229, 1109829
703638400, 704726629, 1088229
704844229, 705944229, 1100000
706210515, 707330286, 1119771
707453715, 708555543, 1101828
708672000, 709769372, 1097372
709887771, 711141258, 1253487
711264457, 712379886, 1115429
712502743, 713601714, 1098971
713718743, 714829257, 1110514
714948914, 716194058, 1245144
716317715, 717441486, 1123771
717565143, 718663429, 1098286
718780229, 719880343, 1100114
719999086, 721245486, 1246400
721367429, 722494972, 1127543
722617943, 723717257, 1099314
723836229, 724927200, 1090971
725196572, 726327657, 1131085
726450515, 727570514, 1119999
727688572, 728806857, 1118285
728924800, 730191543, 1266743
730313943, 731432686, 1118743
731554743, 732677829, 1123086
732796686, 733896571, 1099885
734015429, 735284800, 1269371
735409143, 736509714, 1100571
736633486, 737716800, 1083314
737834629, 738952000, 1117371
739213829, 740343315, 1129486
740466629, 741566743, 1100114
741683314, 742773714, 1090400
742890971, 744002171, 1111200
744259886, 745397029, 1137143
745520343, 746617143, 1096800
746734629, 747843314, 1108685
747962971, 749207772, 1244801
749330172, 750450743, 1120571
750573943, 751676000, 1102057
751793486, 752894857, 1101371
753013943, 754276229, 1262286
754398400, 755523886, 1125486
755646743, 756734514, 1087771
756859543, 757958514, 1098971
758223658, 759364686, 1141028
759488229, 760602514, 1114285
760720000, 761815086, 1095086
761932343, 763191429, 1259086
763313143, 764436686, 1123543
764559886, 765648457, 1088571
765765486, 766870171, 1104685
766989943, 768233600, 1243657
768356000, 769479657, 1123657
769603314, 770690514, 1087200
770808000, 771899657, 1091657
772171658, 773298857, 1127199
773420343, 774532686, 1112343
774655314, 775757600, 1102286
775876800, 776993257, 1116457
777255543, 778585372, 1329829
778717372, 779843314, 1125942
779962514, 781201715, 1239201
781324000, 782433943, 1109943
782556457, 783635543, 1079086
783752457, 784862629, 1110172
784981714, 786215886, 1234172
786337943, 787459657, 1121714
787583429, 788698286, 1114857
788817371, 789920686, 1103315
790184229, 791315543, 1131314
791438629, 792546857, 1108228
792665029, 793790629, 1125600
793909029, 795145258, 1236229
795269943, 796399657, 1129714
796522286, 797616114, 1093828
797734286, 798812457, 1078171
798929029, 800183886, 1254857
800307543, 801427315, 1119772
801550057, 802654514, 1104457
802771771, 803873943, 1102172
803993257, 805231086, 1237829
805353829, 806482972, 1129143
806605029, 807701029, 1096000
807819086, 808904114, 1085028
809166400, 810278743, 1112343
810402172, 811511429, 1109257
811633829, 812746743, 1112914
812866514, 813974743, 1108229
814233486, 815366629, 1133143
815489486, 816599543, 1110057
816717600, 817809371, 1091771
817926514, 819164572, 1238058
819286972, 820424343, 1137371
820547314, 821639429, 1092115
821756000, 822868571, 1112571
822987314, 824245029, 1257715
824368000, 825489715, 1121715
825612800, 826700343, 1087543
826817600, 827933371, 1115771
828198972, 829321943, 1122971
829444115, 830548572, 1104457
830666172, 831749829, 1083657
831866971, 832972800, 1105829
833232229, 834364915, 1132686
834487315, 835608457, 1121142
835726400, 836820229, 1093829
836937143, 838181943, 1244800
838305143, 839421257, 1116114
839544343, 840645372, 1101029
840765143, 841867886, 1102743
841988114, 843244800, 1256686
843368686, 844486743, 1118057
844610286, 845712686, 1102400
845833143, 846931200, 1098057
847201943, 848324915, 1122972
848448915, 849572914, 1123999
849691086, 850789829, 1098743
850909029, 852158400, 1249371
852282972, 853426515, 1143543
853550629, 854661143, 1110514
854779657, 855884800, 1105143
856004457, 857276800, 1272343
857399772, 858517143, 1117371
859337943, 860560686, 1222743
860680572, 861777600, 1097028
861895200, 863142286, 1247086
863265486, 864390515, 1125029
864513600, 865623772, 1110172
865741029, 866829714, 1088685
866947086, 868173029, 1225943
868295429, 869429257, 1133828
869552343, 870649029, 1096686
870765714, 871875543, 1109829
871993829, 873241258, 1247429
873363429, 874487315, 1123886
874611086, 875689372, 1078286
875806971, 876899657, 1092686
877166058, 878278286, 1112228
878400457, 879505600, 1105143
879629143, 880713143, 1084000
880830286, 881950857, 1120571
882215200, 883364229, 1149029
883486515, 884596572, 1110057
884713714, 885817257, 1103543
885937029, 887188800, 1251771
887312686, 888434515, 1121829
888558400, 889684457, 1126057
889802743, 890908457, 1105714
891172343, 892289829, 1117486
892412686, 893507086, 1094400
893628800, 894735314, 1106514
894854857, 895947543, 1092686
896210400, 897349257, 1138857
897472343, 898595200, 1122857
898713372, 899801371, 1087999
899918514, 901159772, 1241258
901283657, 902416115, 1132458
902539657, 903636800, 1097143
903754857, 904855429, 1100572
904973486, 906230515, 1257029
906352800, 907475772, 1122972
907598400, 908680572, 1082172
908797829, 909899771, 1101942
910170629, 911278972, 1108343
911400800, 912505257, 1104457
912628229, 913720457, 1092228
913838286, 914928686, 1090400
915197486, 916326857, 1129371
916450172, 917559086, 1108914
917676800, 918778286, 1101486
918895314, 919994057, 1098743
920377486, 921551543, 1174057
921669029, 922764914, 1095885
922883086, 923998743, 1115657
924252572, 925388229, 1135657
925511429, 926611086, 1099657
926728000, 927813257, 1085257
927930514, 929170972, 1240458
929293372, 930424572, 1131200
930547886, 931640572, 1092686
931757486, 932864343, 1106857
932983429, 934228458, 1245029
934350857, 935206743, 855886
935328000, 937229715, 1901715
937355772, 938486286, 1130514
938608457, 939467200, 858743
939588343, 941830971, 2242628
941950857, 943234286, 1283429
943356343, 944489029, 1132686
944611886, 945700572, 1088686
945818057, 946922171, 1104114
947196343, 948338515, 1142172
948460686, 949585257, 1124571
949703772, 951240000, 1536228
951364572, 952489143, 1124571
952612686, 953737829, 1125143
953854971, 954968343, 1113372
955228915, 956356000, 1127085
956478286, 957600686, 1122400
957718743, 958804571, 1085828
958921943, 960148000, 1226057
960272572, 961399315, 1126743
961522743, 962629486, 1106743
962747771, 963841829, 1094058
963958400, 965208115, 1249715
965330857, 966438515, 1107658
966560686, 967651886, 1091200
967770743, 968869829, 1099086
968988914, 970236915, 1248001
970359886, 971476000, 1116114
971598057, 972688114, 1090057
972805714, 973918171, 1112457
974186400, 975302629, 1116229
975425143, 976521143, 1096000
976642972, 977745943, 1102971
977865029, 978965143, 1100114
979227315, 980367429, 1140114
980491657, 981601257, 1109600
981718629, 982813486, 1094857
982930743, 984027200, 1096457
984281029, 985410515, 1129486
985534057, 986620114, 1086057
986737029, 987845600, 1108571
987963429, 989202858, 1239429
989324686, 990463315, 1138629
990587314, 991682057, 1094743
991799543, 992907543, 1108000
993180000, 994294629, 1114629
994416572, 995537029, 1120457
995659429, 996746857, 1087428
996864229, 997985829, 1121600
998249143, 999381143, 1132000
999503429, 1002057, -998501372
1284343, 2423429, 1139086
2544343, 3658286, 1113943
3774743, 4870400, 1095657
4988457, 6233943, 1245486
6355429, 7479086, 1123657
7600686, 8690857, 1090171
8807086, 9892686, 1085600
10153486, 11272572, 1119086
11395200, 12500686, 1105486
12621943, 13712229, 1090286
13829371, 14939314, 1109943
15202400, 16328000, 1125600
16450400, 17557257, 1106857
17672914, 18778857, 1105943
18898743, 20153372, 1254629
20278172, 21406400, 1128228
21531314, 22631886, 1100572
22749600, 23852800, 1103200
23972571, 25214858, 1242287
25337372, 26462857, 1125485
26586743, 27705486, 1118743
27825371, 28935771, 1110400
29203772, 30339200, 1135428
30462172, 31575314, 1113142
31694057, 32812343, 1118286
32932686, 34155429, 1222743
34279657, 35413715, 1134058
35536800, 36648572, 1111772
36766857, 37858971, 1092114
38648343, 39877714, 1229371
40145829, 41253829, 1108000
41376115, 42505257, 1129142
42627200, 43708686, 1081486
43826057, 44930971, 1104914
45195772, 46316000, 1120228
46437029, 47551200, 1114171
47668572, 49549943, 1881371
49676343, 50780114, 1103771
50898400, 52018400, 1120000
52277372, 53395086, 1117714
53517715, 54608572, 1090857
54725714, 55847429, 1121715
55966171, 57213029, 1246858
57334400, 58469029, 1134629
58591543, 59679429, 1087886
59795771, 60892000, 1096229
61160800, 62298172, 1137372
62418857, 63537486, 1118629
63657943, 64746057, 1088114
64862629, 65968343, 1105714
66228686, 67356915, 1128229
67478057, 68583543, 1105486
68701600, 69814286, 1112686
69932914, 71029028, 1096114
71282400, 72409029, 1126629
72530629, 73626629, 1096000
73743543, 74842514, 1098971
74959314, 76208115, 1248801
76329829, 77437029, 1107200
77558514, 78691886, 1133372
78809943, 79910857, 1100914
80180458, 81317029, 1136571
81438857, 82551772, 1112915
82667772, 83761143, 1093371
83878171, 84984000, 1105829
85242972, 86372457, 1129485
86493715, 87594743, 1101028
87712000, 88804571, 1092571
88922857, 90161143, 1238286
90284915, 91413715, 1128800
91535429, 92629600, 1094171
92746629, 93839086, 1092457
93956914, 95207772, 1250858
95330400, 96449257, 1118857
96571543, 97671200, 1099657
97787772, 98878286, 1090514
98996686, 100255315, 1258629
100377829, 101490400, 1112571
101612229, 102717029, 1104800
102835886, 103915429, 1079543
104178286, 105298515, 1120229
105422515, 106523886, 1101371
106646743, 107742172, 1095429
107859886, 108968571, 1108685
109229258, 110376686, 1147428
110500686, 111609943, 1109257
111727429, 112822514, 1095085
112939657, 114171658, 1232001
114295772, 115428115, 1132343
115550857, 116643886, 1093029
116761600, 117855314, 1093714
117974171, 119213143, 1238972
119335315, 120461943, 1126628
120584914, 121685143, 1100229
121804343, 122936800, 1132457
123203315, 124335315, 1132000
124457943, 125582286, 1124343
125700457, 126793600, 1093143
126911429, 128169486, 1258057
128292343, 129418172, 1125829
129540343, 130632000, 1091657
130749829, 131840229, 1090400
131957600, 133190743, 1233143
133314400, 134434743, 1120343
134556800, 135643314, 1086514
135761143, 136859657, 1098514
136978629, 138207658, 1229029
138330743, 139442172, 1111429
139563886, 140668000, 1104114
140785600, 141885371, 1099771
142004571, 143276343, 1271772
143400800, 144514743, 1113943
144637600, 145750057, 1112457
145868914, 146983314, 1114400
147241943, 148377143, 1135200
148500457, 149597943, 1097486
149715200, 150827086, 1111886
150946286, 152165143, 1218857
152288000, 153426972, 1138972
153550286, 154646743, 1096457
154763771, 155872000, 1108229
155990514, 157238172, 1247658
157360000, 158479886, 1119886
158603886, 159690857, 1086971
159809143, 160915771, 1106628
161178743, 162292572, 1113829
162414857, 163532000, 1117143
163654400, 164741029, 1086629
164857943, 165967200, 1109257
166224572, 167352800, 1128228
167475315, 168584686, 1109371
168703086, 169802514, 1099428
169920000, 171177143, 1257143
171300572, 172424343, 1123771
172547886, 173666629, 1118743
173785943, 174886171, 1100228
175004914, 176253372, 1248458
176376115, 177492457, 1116342
177616229, 178710400, 1094171
178829943, 179928686, 1098743
180200343, 181343772, 1143429
181466629, 182584114, 1117485
182702286, 183793257, 1090971
183910400, 185154515, 1244115
185279086, 186410629, 1131543
186533029, 187653943, 1120914
187771429, 188861029, 1089600
188978286, 190224915, 1246629
190347657, 191204229, 856572
191324457, 194734286, 3409829
194856686, 195979771, 1123085
196238400, 197372457, 1134057
197499543, 198625943, 1126400
198744114, 199831886, 1087772
199948571, 201172800, 1224229
201298515, 202430057, 1131542
202552800, 203690857, 1138057
203809714, 204911200, 1101486
205184572, 206322857, 1138285
206447772, 207580114, 1132342
207699886, 208788800, 1088914
208907771, 210154172, 1246401
210278972, 211416572, 1137600
211541372, 212635657, 1094285
212753371, 213857029, 1103658
213977829, 215225715, 1247886
215348457, 216470400, 1121943
216594172, 217707772, 1113600
217828457, 218936457, 1108000
219737257, 220967543, 1230286
221231429, 222370057, 1138628
222492457, 223589943, 1097486
223708343, 224799543, 1091200
224916914, 226170515, 1253601
226292457, 227413943, 1121486
227537714, 228633372, 1095658
228750286, 229860457, 1110171
229979657, 231226515, 1246858
231349372, 232473829, 1124457
232596343, 233682972, 1086629
233800571, 234903886, 1103315
235173829, 236299772, 1125943
236422057, 237547772, 1125715
237669029, 238782514, 1113485
238901600, 240144572, 1242972
240272000, 241411200, 1139200
241533943, 242627314, 1093371
242744343, 243844686, 1100343
243962857, 245207086, 1244229
245329715, 246448686, 1118971
246571086, 247687543, 1116457
247806400, 248886857, 1080457
249004800, 250256343, 1251543
250378172, 251496572, 1118400
251619543, 252712229, 1092686
252830171, 253937257, 1107086
254203200, 255316572, 1113372
255438515, 256545257, 1106742
256662857, 257777714, 1114857
257897029, 259009943, 1112914
259269600, 260411772, 1142172
260534857, 261634629, 1099772
261751543, 262856914, 1105371
262975657, 264237029, 1261372
264359772, 265484572, 1124800
265606857, 266729029, 1122172
266848000, 267960000, 1112000
268224343, 269354629, 1130286
269477372, 270581372, 1104000
270699543, 271792571, 1093028
271909371, 273017943, 1108572
273273143, 274402515, 1129372
274525029, 275626629, 1101600
275743772, 276848800, 1105028
276967429, 278211543, 1244114
278333829, 279452457, 1118628
279575086, 280690514, 1115428
280809714, 281911886, 1102172
282183429, 283296229, 1112800
283418286, 284529600, 1111314
284651886, 285746514, 1094628
285865600, 286974743, 1109143
287233143, 288367886, 1134743
288490400, 289591200, 1100800
289708914, 290800686, 1091772
290918514, 292144686, 1226172
292269486, 293405257, 1135771
293528229, 294626857, 1098628
294743429, 295835314, 1091885
295952229, 297185829, 1233600
297309029, 298158400, 849371
298279086, 301831656, 3552570
301953028, 303222057, 1269029
303344685, 304460685, 1116000
304582742, 305676914, 1094172
305793942, 306885485, 1091543
307155085, 308281599, 1126514
308403428, 309535999, 1132571
309658742, 310775428, 1116686
310895428, 311999085, 1103657
312260342, 313383199, 1122857
313506628, 314604914, 1098286
314722171, 315820228, 1098057
315939085, 317173028, 1233943
317297142, 318445257, 1148115
318567771, 319687085, 1119314
319806056, 320905599, 1099543
321176457, 322279428, 1102971
322401599, 323529714, 1128115
323653028, 324747199, 1094171
324864799, 325971199, 1106400
326229257, 327356799, 1127542
327479314, 328582285, 1102971
328699771, 329801142, 1101371
329918514, 331146857, 1228343
331271314, 332415999, 1144685
332538399, 333655428, 1117029
333773485, 334879542, 1106057
334997599, 336243428, 1245829
336366514, 337492342, 1125828
337615428, 338707085, 1091657
338824685, 339931885, 1107200
340200114, 341320685, 1120571
341443428, 342565371, 1121943
342683999, 343776114, 1092115
343893599, 345007885, 1114286
345269142, 346402285, 1133143
346525942, 347625142, 1099200
347743085, 348838856, 1095771
348957256, 350212114, 1254858
350334628, 351473599, 1138971
351597028, 352677942, 1080914
352795656, 353901256, 1105600
354180228, 355297828, 1117600
355419199, 356528571, 1109372
356649028, 357735199, 1086171
357852456, 358974971, 1122515
359242971, 360371085, 1128114
360493485, 361599885, 1106400
361718399, 362820571, 1102172
362937142, 364166399, 1229257
364290857, 365422514, 1131657
365545028, 366644114, 1099086
366761599, 367870056, 1108457
367989028, 369238971, 1249943
369361828, 370480914, 1119086
370603999, 371692914, 1088915
371810399, 372894742, 1084343
373158057, 374273599, 1115542
374396685, 375502742, 1106057
375625371, 376715885, 1090514
376834742, 377937142, 1102400
378198742, 379304914, 1106172
379428228, 380538057, 1109829
380661485, 381780228, 1118743
381899999, 383150971, 1250972
383275885, 384413371, 1137486
384537599, 385639085, 1101486
385757714, 386859771, 1102057
386980342, 388232571, 1252229
388356342, 389475885, 1119543
389600114, 390684571, 1084457
390802856, 391936456, 1133600
392209257, 393329485, 1120228
393452799, 394563428, 1110629
394683085, 395776114, 1093029
396620914, 397842514, 1221600
397964228, 399217028, 1252800
399338971, 400462628, 1123657
400585599, 401672685, 1087086
401790399, 402900342, 1109943
403020571, 404264914, 1244343
404386857, 405506971, 1120114
405629485, 406713485, 1084000
406830628, 407935999, 1105371
408205257, 409326171, 1120914
409447885, 410567771, 1119886
410685714, 411784228, 1098514
411901599, 413158628, 1257029
413283199, 414427657, 1144458
414550399, 415671656, 1121257
415792456, 416892685, 1100229
417011885, 418263999, 1252114
418387428, 419504799, 1117371
419626628, 420715771, 1089143
420833371, 421934628, 1101257
422200571, 423312342, 1111771
423435542, 424534514, 1098972
424656571, 425771656, 1115085
425891314, 427010628, 1119314
427267771, 428412914, 1145143
428536571, 429632114, 1095543
429749942, 430849028, 1099086
430967999, 432217371, 1249372
432339428, 433477714, 1138286
433601256, 434679657, 1078401
434797028, 435903428, 1106400
436165599, 437274514, 1108915
437397142, 438509828, 1112686
438633371, 439718056, 1084685
439835656, 440944799, 1109143
441211771, 442353485, 1141714
442476342, 443585828, 1109486
443703771, 444797142, 1093371
444914171, 446169257, 1255086
446292228, 447413942, 1121714
447536228, 448661257, 1125029
448779999, 449874971, 1094972
449993714, 451259885, 1266171
451382971, 452500114, 1117143
452622285, 453734628, 1112343
453853828, 454944914, 1091086
455215199, 456346285, 1131086
456470057, 457572799, 1102742
457690742, 458789714, 1098972
458906856, 460167771, 1260915
460290171, 461437371, 1147200
461561942, 462688799, 1126857
462807542, 463911771, 1104229
464186057, 465312228, 1126171
465433942, 466560342, 1126400
466679542, 467769256, 1089714
467886971, 469149828, 1262857
469274285, 470392571, 1118286
470514514, 471612456, 1097942
471730056, 472810742, 1080686
472927999, 474153714, 1225715
474278171, 475408799, 1130628
475531085, 476630171, 1099086
476747999, 477846856, 1098857
477964456, 479198285, 1233829
479326399, 480458857, 1132458
480580228, 481705028, 1124800
481822514, 482903885, 1081371
483166057, 483897714, 731657
484010285, 485467314, 1457029
485591542, 486689371, 1097829
486806399, 487912799, 1106400
488176457, 489283771, 1107314
489405828, 490518514, 1112686
490641599, 491746285, 1104686
491865256, 492966628, 1101372
493225599, 494357942, 1132343
494479885, 495580342, 1100457
495698399, 496796456, 1098057
496913256, 498166514, 1253258
498289828, 499408342, 1118514
499531199, 500638171, 1106972
500755999, 501866628, 1110629
501985371, 503233599, 1248228
503357142, 504474857, 1117715
504596799, 505685942, 1089143
505803085, 506887199, 1084114
507005485, 508257942, 1252457
508381257, 509515999, 1134742
509640571, 510730514, 1089943
510847656, 511943656, 1096000
512203885, 513312571, 1108686
513434857, 514556342, 1121485
514675314, 515778514, 1103200
515898171, 517007771, 1109600
517270971, 518409371, 1138400
518531771, 519630171, 1098400
519747199, 520846056, 1098857
520964799, 522203771, 1238972
522326857, 523447657, 1120800
523569942, 524694285, 1124343
524813599, 525899085, 1085486
526161371, 527284457, 1123086
527408457, 528515314, 1106857
528637828, 529728342, 1090514
529845599, 530950856, 1105257
531212685, 532351428, 1138743
532474285, 533586171, 1111886
533703771, 534813485, 1109714
534931885, 536160571, 1228686
536283771, 537420685, 1136914
537544114, 538670285, 1126171
538788571, 539895885, 1107314
540175199, 541289828, 1114629
541411657, 542533371, 1121714
542653714, 543763656, 1109942
543883999, 544995085, 1111086
545258514, 546541371, 1282857
546672914, 547802171, 1129257
547921599, 549162971, 1241372
549285828, 550418628, 1132800
550542057, 551669828, 1127771
551789028, 552892799, 1103771
553171885, 554286628, 1114743
554409828, 555525828, 1116000
555649485, 556759542, 1110057
556879771, 557997142, 1117371
558262971, 559379542, 1116571
559503428, 560620457, 1117029
560739771, 561830514, 1090743
561948456, 563179085, 1230629
563304799, 564420799, 1116000
564544114, 565673256, 1129142
565793828, 566891199, 1097371
567011085, 568260799, 1249714
568384571, 569497485, 1112914
570329142, 571544114, 1214972
571665028, 572773828, 1108800
572893371, 574007999, 1114628
574269485, 575401942, 1132457
575525028, 576625599, 1100571
576743314, 577824456, 1081142
577941599, 579183771, 1242172
579306628, 580416914, 1110286
580539542, 581677485, 1137943
581796342, 582892456, 1096114
583170399, 584290742, 1120343
584413028, 585530399, 1117371
585651885, 586761485, 1109600
586880342, 587991656, 1111314
588255771, 589385714, 1129943
589509371, 590614399, 1105028
590732571, 591839771, 1107200
591957714, 593204457, 1246743
593327657, 594450628, 1122971
594573142, 595665942, 1092800
595783199, 596882856, 1099657
597001828, 598265599, 1263771
598388457, 599502857, 1114400
599625028, 600718856, 1093828
600837942, 601927199, 1089257
602196685, 603321485, 1124800
603444457, 604567885, 1123428
604685599, 605793599, 1108000
605911428, 607166399, 1254971
607288571, 608433828, 1145257
608557485, 609670399, 1112914
609789371, 610892228, 1102857
611011314, 612263771, 1252457
612386399, 613502057, 1115658
613625599, 614714056, 1088457
614831542, 615932114, 1100572
616197257, 617323085, 1125828
617446171, 618570285, 1124114
618689028, 619775314, 1086286
619893028, 621011656, 1118628
621271999, 622388114, 1116115
622510514, 623615199, 1104685
623733028, 624821028, 1088000
624937942, 626174057, 1236115
626297599, 627409257, 1111658
627531999, 628629714, 1097715
628746856, 629849256, 1102400
629967656, 631239999, 1272343
631363085, 632482057, 1118972
632604342, 633715771, 1111429
633835314, 634926399, 1091085
635193485, 636309485, 1116000
636432114, 637548228, 1116114
637665142, 638763771, 1098629
638881028, 640151428, 1270400
640275085, 641408228, 1133143
641532228, 642673028, 1140800
642791085, 643890285, 1099200
644010056, 645254742, 1244686
645377257, 646492914, 1115657
646616342, 647703199, 1086857
647820685, 648924685, 1104000
649190742, 650313714, 1122972
650435542, 651561257, 1125715
651678856, 652780914, 1102058
652897714, 654016342, 1118628
654280457, 655395885, 1115428
655518514, 656616457, 1097943
656734171, 657837256, 1103085
657955999, 659199771, 1243772
659322742, 660438171, 1115429
660560114, 661657371, 1097257
661774742, 662875428, 1100686
662994628, 664241142, 1246514
664363885, 665496685, 1132800
665619999, 666745028, 1125029
666864114, 667955771, 1091657
668218285, 669371657, 1153372
669494742, 670615314, 1120572
670733942, 671830056, 1096114
671948342, 673193028, 1244686
673314857, 674445257, 1130400
674568114, 675676799, 1108685
675795428, 676894971, 1099543
677161142, 678256799, 1095657
678378514, 679508228, 1129714
679631428, 680722856, 1091428
680840456, 681949714, 1109258
682216571, 683353028, 1136457
683476114, 684582171, 1106057
684700914, 685796114, 1095200
685912799, 687161714, 1248915
687286399, 688412228, 1125829
688535199, 689661599, 1126400
689781028, 690878742, 1097714
690997485, 692242971, 1245486
692365714, 693482857, 1117143
693605142, 694732685, 1127543
694853371, 695953371, 1100000
696216342, 697347542, 1131200
697470285, 698570514, 1100229
698687885, 699795085, 1107200
699912571, 701169714, 1257143
701291999, 702416571, 1124572
702540799, 703643771, 1102972
703760114, 704867314, 1107200
704986285, 706227657, 1241372
706349942, 707481371, 1131429
707605485, 708702742, 1097257
708822628, 709922742, 1100114
710193257, 711325828, 1132571
711448342, 712569714, 1121372
712687656, 713805142, 1117486
713923085, 715175885, 1252800
715299085, 716412685, 1113600
716534628, 717651085, 1116457
717768685, 718868342, 1099657
718986971, 720244342, 1257371
720367999, 721492799, 1124800
721616571, 722734971, 1118400
722852456, 723956685, 1104229
724218971, 725362742, 1143771
725486171, 726587999, 1101828
726706971, 727822742, 1115771
727942399, 729185257, 1242858
729308114, 730430857, 1122743
730555771, 731685028, 1129257
731803314, 732913142, 1109828
733186171, 734318514, 1132343
734442057, 735555314, 1113257
735674285, 736766056, 1091771
736885371, 737996799, 1111428
738259428, 739374057, 1114629
739496799, 740587542, 1090743
740707199, 741799542, 1092343
741919542, 743157714, 1238172
743283657, 744416571, 1132914
745219314, 746430285, 1210971
746554971, 747654056, 1099085
747771085, 748878171, 1107086
748997142, 750242171, 1245029
750364114, 751493485, 1129371
751617599, 752701714, 1084115
752819771, 753920456, 1100685
754188228, 755342742, 1154514
755469485, 756586514, 1117029
756703999, 757790856, 1086857
757908342, 759148799, 1240457
759272342, 760421028, 1148686
760544228, 761672914, 1128686
761792456, 762898171, 1105715
763161371, 764275999, 1114628
764398857, 765517828, 1118971
765638514, 766722056, 1083542
766839199, 767948571, 1109372
768214514, 769350285, 1135771
769474057, 770586171, 1112114
770704342, 771787542, 1083200
771905371, 773155657, 1250286
773279085, 774406628, 1127543
774530399, 775618971, 1088572
775735656, 776821142, 1085486
776938171, 778165028, 1226857
778288228, 779419999, 1131771
779542857, 780690514, 1147657
780808342, 781910628, 1102286
782174971, 783286285, 1111314
783409942, 784526628, 1116686
784650171, 785757942, 1107771
785876799, 786996114, 1119315
787261028, 788392114, 1131086
788514857, 789617028, 1102171
789734628, 790837942, 1103314
790956228, 792198285, 1242057
792321142, 793433257, 1112115
793555085, 794654742, 1099657
794772456, 795872914, 1100458
795990856, 797238514, 1247658
797361485, 798480342, 1118857
798602628, 799714171, 1111543
799832571, 800932228, 1099657
801199657, 802323199, 1123542
802445828, 803560457, 1114629
803677485, 804792914, 1115429
804912571, 806159085, 1246514
806282285, 807413942, 1131657
807538171, 808635428, 1097257
808752685, 809856914, 1104229
809975656, 811226971, 1251315
811349142, 812482399, 1133257
812605257, 813709714, 1104457
813828342, 814941371, 1113029
815207428, 816352228, 1144800
816474399, 817580457, 1106058
817697828, 818791542, 1093714
818908456, 820154057, 1245601
820278514, 821405599, 1127085
821528228, 822648228, 1120000
822766056, 823856685, 1090629
823973485, 825222057, 1248572
825344571, 826472571, 1128000
826594971, 827686628, 1091657
827804914, 828910742, 1105828
829174399, 830306171, 1131772
830428799, 831546514, 1117715
831663885, 832753942, 1090057
832871199, 833988571, 1117372
834248685, 835383085, 1134400
835506514, 836579199, 1072685
836707314, 837823199, 1115885
837942399, 839189942, 1247543
839311999, 840438514, 1126515
840562514, 841676685, 1114171
841795885, 842901942, 1106057
843175771, 844293942, 1118171
844415428, 845540914, 1125486
845659314, 846771542, 1112228
846890856, 847999999, 1109143
848262171, 849380457, 1118286
849502628, 850610171, 1107543
850727771, 851831885, 1104114
851950742, 853184228, 1233486
853308914, 854457257, 1148343
854579542, 855681828, 1102286
855801256, 856902056, 1100800
857171314, 858278857, 1107543
858400914, 859526171, 1125257
859648456, 860739428, 1090972
860856571, 861966856, 1110285
862225599, 863356114, 1130515
863479428, 864582628, 1103200
864700914, 865797599, 1096685
865916914, 867152457, 1235543
867275085, 868415314, 1140229
868538514, 869654742, 1116228
869773599, 870879656, 1106057
870997942, 872240342, 1242400
872363085, 873490399, 1127314
873613828, 874719542, 1105714
874839199, 875937028, 1097829
876207885, 877346514, 1138629
877469942, 878570285, 1100343
878687656, 879782856, 1095200
879899999, 881009828, 1109829
881266057, 882378171, 1112114
882501142, 883597028, 1095886
883714285, 884806856, 1092571
884923885, 886162399, 1238514
886286399, 887414514, 1128115
887537599, 888629714, 1092115
888746971, 889860342, 1113371
889979428, 891236457, 1257029
891358628, 892493028, 1134400
892616228, 893722628, 1106400
893841714, 894953142, 1111428
895221257, 896378171, 1156914
896500571, 897611885, 1111314
897730056, 898837256, 1107200
898955199, 900203085, 1247886
900327657, 901448114, 1120457
901571771, 902676799, 1105028
902796685, 903892571, 1095886
904160685, 905274857, 1114172
905398057, 906519999, 1121942
906643428, 907737714, 1094286
907856799, 908970171, 1113372
909233142, 910373599, 1140457
910498057, 911598971, 1100914
911717714, 912822514, 1104800
912942856, 914187199, 1244343
914310742, 915449942, 1139200
915574399, 916689828, 1115429
916808571, 917917028, 1108457
918191999, 919310628, 1118629
919937485, 921294857, 1357372
921419885, 922803314, 1383429
922931771, 924157257, 1225486
924280571, 925402971, 1122400
925525257, 926664342, 1139085
926783314, 927883542, 1100228
928002514, 929280342, 1277828
929403657, 930516114, 1112457
930637828, 931740456, 1102628
931858971, 932960685, 1101714
933220571, 934351657, 1131086
934474628, 935571428, 1096800
935688685, 936779428, 1090743
936896685, 938010971, 1114286
938269714, 939412799, 1143085
939537371, 940631771, 1094400
940748571, 941865485, 1116914
941984342, 943243085, 1258743
943365257, 944489714, 1124457
944612228, 945698056, 1085828
945815314, 946929485, 1114171
947196114, 948321599, 1125485
948443771, 949556571, 1112800
949674971, 950769028, 1094057
950886628, 952385942, 1499314
952517257, 953709256, 1191999
953827314, 954916685, 1089371
955181828, 956287199, 1105371
956409028, 957538514, 1129486
957659656, 958765371, 1105715
958884914, 959999085, 1114171
960262628, 961377142, 1114514
961499542, 962603542, 1104000
962722285, 963807656, 1085371
963924571, 965058514, 1133943
965299885, 966462628, 1162743
966586057, 967701599, 1115542
967819656, 968919314, 1099658
969182057, 970292457, 1110400
970415771, 971544571, 1128800
971664799, 972759999, 1095200
972877828, 973994628, 1116800
974255314, 975388114, 1132800
975511999, 976611885, 1099886
976728799, 977838399, 1109600
977956228, 979205485, 1249257
979327657, 980462399, 1134742
980585714, 981677028, 1091314
981794628, 982898856, 1104228
983162171, 984278514, 1116343
984401599, 985524114, 1122515
985646971, 986744114, 1097143
986861599, 987979999, 1118400
988241599, 989375771, 1134172
989498857, 990610057, 1111200
990728342, 991832228, 1103886
991951542, 993204342, 1252800
993326057, 994448342, 1122285
994570971, 995661942, 1090971
995778514, 996880914, 1102400
996999999, 998236228, 1236229
998358742, 999482628, 1123886
999605599, 713942, -998891657
833142, 2560114, 1726972
2685942, 3795771, 1109829
3913142, 5165714, 1252572
5287885, 6415657, 1127772
6535885, 7661371, 1125486
7778285, 8875542, 1097257
8993256, 10238514, 1245258
10360228, 11479314, 1119086
11601256, 12713256, 1112000
12832114, 13927771, 1095657
14198742, 15343999, 1145257
15466628, 16556114, 1089486
16683085, 17798971, 1115886
17915085, 19158399, 1243314
19281371, 20412685, 1131314
20534628, 21610856, 1076228
21737942, 22852456, 1114514
22969828, 24213371, 1243543
24334514, 25452685, 1118171
25575657, 26696571, 1120914
26813028, 27915656, 1102628
28183771, 29293257, 1109486
29414742, 30543657, 1128915
30661714, 31753256, 1091542
31869942, 33131657, 1261715
33255428, 34380571, 1125143
34501828, 35606171, 1104343
35723314, 36816914, 1093600
36933142, 38165485, 1232343
38289371, 39404571, 1115200
39526399, 40627999, 1101600
40745028, 41851428, 1106400
41970399, 43219428, 1249029
43341599, 44455314, 1113715
44577028, 45688114, 1111086
45806171, 46903314, 1097143
47171657, 48876799, 1705142
49191314, 50367314, 1176000
50490971, 51593714, 1102743
51710742, 52802856, 1092114
52918856, 54166514, 1247658
54290628, 55432685, 1142057
55554742, 56651885, 1097143
56770285, 57868685, 1098400
57986742, 59232342, 1245600
59354399, 60475314, 1120915
60597828, 61679085, 1081257
61795199, 62889828, 1094629
63161714, 64264799, 1103085
64386742, 65515885, 1129143
65638285, 66757714, 1119429
66876228, 67982742, 1106514
68245599, 69386971, 1141372
69509142, 70609142, 1100000
70725256, 71840456, 1115200
71958628, 73207657, 1249029
73328914, 74453257, 1124343
74575885, 75662056, 1086171
75790628, 76887656, 1097028
77005028, 78250742, 1245714
78372685, 79483085, 1110400
79605371, 80697942, 1092571
80815199, 81915656, 1100457
82187085, 83314857, 1127772
83438399, 84554285, 1115886
84672342, 85780914, 1108572
85900914, 87003999, 1103085
87261257, 88400799, 1139542
88523314, 89651085, 1127771
89770856, 90873942, 1103086
90993828, 92244799, 1250971
92368685, 93479199, 1110514
93601828, 94694628, 1092800
94812228, 95893371, 1081143
96011885, 97271657, 1259772
97395314, 98510057, 1114743
98632114, 99734971, 1102857
99853485, 100951085, 1097600
101212914, 102349828, 1136914
102981828, 104344799, 1362971
104469257, 105577828, 1108571
105695885, 106793485, 1097600
106910742, 108155999, 1245257
108279999, 109400457, 1120458
109522971, 110659085, 1136114
110778171, 111876114, 1097943
111995199, 113236799, 1241600
113360457, 114465371, 1104914
114587657, 115683199, 1095542
115800914, 116904228, 1103314
117172228, 118303657, 1131429
118426171, 119548571, 1122400
119666056, 120760685, 1094629
120878628, 121990399, 1111771
122253028, 123382857, 1129829
123506857, 124601257, 1094400
124718856, 125808571, 1089715
125925942, 127190857, 1264915
127313142, 128435885, 1122743
128558742, 129655542, 1096800
129772914, 130866399, 1093485
130985028, 132238057, 1253029
132361828, 133480342, 1118514
133603999, 134697142, 1093143
134814514, 135918285, 1103771
136187199, 137321142, 1133943
137443428, 138579999, 1136571
138702399, 139795428, 1093029
139912799, 141009714, 1096915
141266171, 142385714, 1119543
142507771, 143604114, 1096343
143721028, 144836571, 1115543
144955428, 146206628, 1251200
146328685, 147453485, 1124800
147576228, 148688685, 1112457
148807999, 149911771, 1103772
150183999, 151312914, 1128915
151434857, 152561714, 1126857
152679314, 153782514, 1103200
153901714, 155013028, 1111314
155273028, 156407885, 1134857
156531085, 157646056, 1114971
157763428, 158851999, 1088571
158970171, 160220342, 1250171
160343657, 161459999, 1116342
161581942, 162678399, 1096457
162796114, 163896685, 1100571
164161028, 165278971, 1117943
165402628, 166505599, 1102971
166628457, 167714285, 1085828
167839656, 168937942, 1098286
169199999, 170368228, 1168229
170490742, 171601371, 1110629
171719656, 172809142, 1089486
172926399, 174172457, 1246058
174296114, 175423428, 1127314
175546171, 176642857, 1096686
176760114, 177862514, 1102400
177981256, 179232114, 1250858
179355314, 180472914, 1117600
180594971, 181712914, 1117943
181833028, 182929256, 1096228
183197371, 184322171, 1124800
184445485, 185564114, 1118629
185682056, 186790742, 1108686
186910399, 188158971, 1248572
188282285, 189407314, 1125029
189530742, 190655542, 1124800
190774285, 191876228, 1101943
191995199, 193239199, 1244000
193362971, 194482399, 1119428
194605714, 195694742, 1089028
195812342, 196928914, 1116572
197197257, 198313028, 1115771
198435428, 199295999, 860571
199417485, 205795314, 6377829
205918629, 207175658, 1257029
207300115, 208420572, 1120457
208543657, 209638972, 1095315
209756229, 210865257, 1109028
210984343, 212248686, 1264343
212371772, 213486286, 1114514
213608572, 214699314, 1090742
214816571, 215903543, 1086972
216173143, 217298857, 1125714
217421600, 218541943, 1120343
218659314, 219749257, 1089943
219866629, 220972343, 1105714
221234400, 222367200, 1132800
222490400, 223603657, 1113257
223721372, 224818971, 1097599
224936229, 226169943, 1233714
226292686, 227419086, 1126400
227542172, 228686057, 1143885
228803314, 229905371, 1102057
230168572, 231284457, 1115885
231406972, 232534743, 1127771
232658400, 233778172, 1119772
233897257, 235153143, 1255886
235278172, 236406972, 1128800
236529486, 237630629, 1101143
237748800, 238843771, 1094971
238961943, 240213029, 1251086
240335886, 241455200, 1119314
241577600, 242676914, 1099314
242795543, 243887086, 1091543
244160000, 245272000, 1112000
245394857, 246521029, 1126172
246644000, 247752114, 1108114
247872343, 248988000, 1115657
249249258, 250378743, 1129485
250502286, 251613029, 1110743
251730514, 252837029, 1106515
252955314, 254202629, 1247315
254325029, 255459200, 1134171
255586857, 256685943, 1099086
256803657, 257890629, 1086972
258009829, 259247200, 1237371
259370629, 260492800, 1122171
260614400, 261710629, 1096229
261828343, 262928229, 1099886
263190058, 264332229, 1142171
264456343, 265568914, 1112571
265687429, 266771200, 1083771
266889714, 268004343, 1114629
268262515, 269390400, 1127885
269514515, 270632343, 1117828
270750857, 271849143, 1098286
271967429, 273233943, 1266514
273357943, 274489715, 1131772
274614857, 275720572, 1105715
275841257, 276929486, 1088229
277201029, 278329715, 1128686
278452915, 279569714, 1116799
279689143, 280776343, 1087200
280895086, 282150629, 1255543
282783657, 284141029, 1357372
284265143, 285387543, 1122400
285510286, 286625600, 1115314
286743429, 287837486, 1094057
287954400, 289190286, 1235886
289312572, 290435543, 1122971
290558286, 291648686, 1090400
291765829, 292870400, 1104571
292989486, 294228915, 1239429
294351086, 295468229, 1117143
295591314, 296674400, 1083086
296791314, 297896800, 1105486
298015543, 299255315, 1239772
299377943, 300487315, 1109372
300611200, 301698057, 1086857
301815429, 302920343, 1104914
303193143, 304321715, 1128572
304443429, 305560457, 1117028
305680229, 306765714, 1085485
306882857, 308002400, 1119543
308261372, 309376572, 1115200
309499086, 310596114, 1097028
310713600, 311815543, 1101943
311934514, 313157029, 1222515
313281600, 314418057, 1136457
314540000, 315640914, 1100914
315758400, 316858743, 1100343
316976914, 318219429, 1242515
318342286, 319449257, 1106971
319571429, 320671429, 1100000
320789029, 321889486, 1100457
322008229, 323254286, 1246057
323377257, 324495543, 1118286
324617714, 325737600, 1119886
325857371, 326962857, 1105486
327227086, 328358400, 1131314
328481486, 329589143, 1107657
329706743, 330797714, 1090971
330915086, 332164343, 1249257
332287315, 333400800, 1113485
333523886, 334621143, 1097257
334738743, 335849714, 1110971
335968571, 337219086, 1250515
337341029, 338463657, 1122628
338586172, 339674286, 1088114
339791657, 340895429, 1103772
341014857, 342253372, 1238515
342375429, 343498286, 1122857
343621257, 344729486, 1108229
344848800, 345930171, 1081371
346199543, 347333486, 1133943
347456686, 348566286, 1109600
348683657, 349792571, 1108914
349911886, 351148800, 1236914
351271543, 352410057, 1138514
352533143, 353630857, 1097714
353748343, 354849257, 1100914
354967314, 356219086, 1251772
356341372, 357461715, 1120343
357584800, 358674286, 1089486
358791429, 359895657, 1104228
360014514, 361255200, 1240686
361377600, 362508114, 1130514
362632000, 363740000, 1108000
363860000, 364965486, 1105486
365227429, 366351543, 1124114
366473715, 367572343, 1098628
367690400, 368778400, 1088000
368896000, 370152572, 1256572
370276000, 371384457, 1108457
371506286, 372609714, 1103428
372728000, 373836000, 1108000
373955314, 375214743, 1259429
375338057, 376453257, 1115200
376575772, 377697029, 1121257
377814514, 378914400, 1099886
379176115, 380285829, 1109714
380409600, 381530743, 1121143
381653829, 382744800, 1090971
382862400, 383968571, 1106171
384227658, 385353143, 1125485
385476686, 386576572, 1099886
386693943, 387795771, 1101828
387912686, 389142972, 1230286
389266057, 390399772, 1133715
390523200, 391651886, 1128686
391771543, 392880914, 1109371
392998628, 394242400, 1243772
394364457, 395486743, 1122286
395609486, 396724914, 1115428
396844114, 397932457, 1088343
398202172, 399336800, 1134628
399459657, 400570629, 1110972
400688457, 401786857, 1098400
401904000, 403156800, 1252800
403280000, 404412915, 1132915
404536229, 405631886, 1095657
405749486, 406854629, 1105143
406972457, 408215200, 1242743
408337143, 409444343, 1107200
409567772, 410648457, 1080685
410765600, 411870857, 1105257
411990629, 413237372, 1246743
413359772, 414486172, 1126400
414609143, 415690972, 1081829
415808114, 416920343, 1112229
417190400, 418321372, 1130972
418442972, 419565257, 1122285
419683314, 420775200, 1091886
420892229, 422144229, 1252000
422268000, 423401715, 1133715
423525143, 424628114, 1102971
424745486, 425835429, 1089943
425952229, 427216915, 1264686
427339429, 428455429, 1116000
428578057, 429667314, 1089257
429784343, 430884571, 1100228
431003657, 432246629, 1242972
432368686, 433496343, 1127657
433618857, 434720343, 1101486
434837943, 435920914, 1082971
436192229, 437312229, 1120000
437436229, 438551657, 1115428
438669714, 439768686, 1098972
439887771, 441004000, 1116229
441259315, 442386515, 1127200
442510972, 443618629, 1107657
443737600, 444839657, 1102057
444960000, 446213943, 1253943
446337029, 447455315, 1118286
447579657, 448671086, 1091429
448790286, 449893029, 1102743
450158400, 451260343, 1101943
451383886, 452502172, 1118286
452626286, 453727429, 1101143
453848000, 454956229, 1108229
455741600, 456985486, 1243886
457249600, 458378743, 1129143
458501143, 459605486, 1104343
459723429, 460814286, 1090857
460931429, 462168572, 1237143
462293829, 463421257, 1127428
463544914, 464650743, 1105829
464768457, 465865829, 1097372
465984571, 467224800, 1240229
467347429, 468465486, 1118057
468587543, 469683657, 1096114
469801600, 470897371, 1095771
471181715, 472308572, 1126857
472432686, 473532572, 1099886
473654514, 474751771, 1097257
474868914, 475978857, 1109943
476240115, 477372572, 1132457
477495657, 478598514, 1102857
478715657, 479829600, 1113943
479948114, 481193943, 1245829
481315086, 482437715, 1122629
482560914, 483654400, 1093486
483771772, 484880686, 1108914
484999771, 486243429, 1243658
486365715, 487485715, 1120000
487608914, 488698743, 1089829
488815657, 489909486, 1093829
490177029, 491323315, 1146286
491447086, 492547886, 1100800
492665714, 493756457, 1090743
493874057, 494985943, 1111886
495245258, 496373257, 1127999
496495429, 497606400, 1110971
497723886, 498842171, 1118285
498961143, 500227315, 1266172
500349943, 501471657, 1121714
501594057, 502709943, 1115886
502828686, 503908571, 1079885
504171543, 505287315, 1115772
505410515, 506530972, 1120457
506653143, 507742857, 1089714
507860571, 508972343, 1111772
509233943, 510365715, 1131772
510488686, 511596800, 1108114
511714400, 512816457, 1102057
512935200, 514189029, 1253829
514311086, 515435429, 1124343
515558514, 516648343, 1089829
516764800, 517864800, 1100000
517983429, 519226172, 1242743
519348343, 520472915, 1124572
520596114, 521691086, 1094972
521808457, 522911200, 1102743
523183429, 524309829, 1126400
524432686, 525543543, 1110857
525661486, 526765257, 1103771
526884000, 527982400, 1098400
528241943, 529362057, 1120114
529484229, 530590857, 1106628
530708800, 531815657, 1106857
531934743, 533158743, 1224000
533283543, 534437029, 1153486
534559543, 535651200, 1091657
535768457, 536867543, 1099086
536986286, 538230629, 1244343
538353829, 539470629, 1116800
539593257, 540682743, 1089486
540800800, 541933829, 1133029
542208915, 543338172, 1129257
543460343, 544556572, 1096229
544673486, 545763772, 1090286
545883314, 546992457, 1109143
547252572, 548374172, 1121600
548497486, 549619200, 1121714
549736572, 550831314, 1094742
550948571, 552194743, 1246172
552317257, 553429486, 1112229
553552914, 554647086, 1094172
554763771, 555869829, 1106058
555987429, 557221600, 1234171
557343543, 558464343, 1120800
558586743, 559677943, 1091200
559795200, 560896457, 1101257
561164229, 562283086, 1118857
562404800, 563517715, 1112915
563640686, 564722514, 1081828
564839657, 565943314, 1103657
566205372, 567339429, 1134057
567461943, 568577829, 1115886
568696343, 569788686, 1092343
569906057, 571147772, 1241715
571272000, 572410057, 1138057
572532229, 573649143, 1116914
573767429, 574869257, 1101828
574987771, 576233486, 1245715
576356800, 577483657, 1126857
577606172, 578727086, 1120914
578846400, 579955543, 1109143
580218858, 581359086, 1140228
581481715, 582588229, 1106514
582706172, 583801829, 1095657
583918857, 585159772, 1240915
585282515, 586428229, 1145714
586551429, 587645943, 1094514
587762514, 588867543, 1105029
588986971, 590238515, 1251544
590360800, 591479886, 1119086
591602972, 592712686, 1109714
592831771, 593936229, 1104458
594205372, 595319429, 1114057
595442057, 596564686, 1122629
596682972, 597787657, 1104685
597907086, 599021943, 1114857
599277715, 600418172, 1140457
600541829, 601636457, 1094628
601753372, 602864914, 1111542
602984229, 604230515, 1246286
604352572, 605487200, 1134628
605611314, 606738514, 1127200
606858171, 607964114, 1105943
608229600, 609363429, 1133829
609485943, 610597943, 1112000
610715886, 611816686, 1100800
611934400, 613191772, 1257372
613316229, 614430515, 1114286
614553486, 615670629, 1117143
615791086, 616890171, 1099085
617010857, 618252686, 1241829
618377029, 619489943, 1112914
619612914, 620713486, 1100572
620834057, 621921257, 1087200
622193486, 623324457, 1130971
623448572, 624551429, 1102857
624669600, 625770400, 1100800
625889029, 627006857, 1117828
627268000, 628404229, 1136229
628528914, 629630743, 1101829
630470972, 631691657, 1220685
631811314, 632913829, 1102515
633179086, 634291886, 1112800
634413943, 635525600, 1111657
635647772, 636741943, 1094171
636859314, 637980571, 1121257
638247657, 639376229, 1128572
639499429, 640616686, 1117257
640733829, 641826857, 1093028
641944114, 643203772, 1259658
643326057, 644445143, 1119086
644569257, 645682514, 1113257
645800000, 646907771, 1107771
647182972, 648303315, 1120343
648424800, 649548229, 1123429
649666400, 650752800, 1086400
650870743, 651990400, 1119657
652251772, 653378972, 1127200
653500915, 654620000, 1119085
654737829, 655846171, 1108342
655965143, 657223429, 1258286
657346857, 658481600, 1134743
658604343, 659711200, 1106857
659829257, 660933829, 1104572
661199543, 662324115, 1124572
662445715, 663558172, 1112457
663675886, 664764686, 1088800
664881943, 665997829, 1115886
666260000, 667382629, 1122629
667505600, 668614629, 1109029
668732572, 669841029, 1108457
669959429, 671204458, 1245029
671327086, 672435772, 1108686
672557943, 673663200, 1105257
673781143, 674879429, 1098286
674997371, 676234400, 1237029
676356915, 677479200, 1122285
677602057, 678729143, 1127086
678848229, 679960800, 1112571
680226743, 681360915, 1134172
681484115, 682594400, 1110285
682711886, 683805029, 1093143
683921486, 685168686, 1247200
685291886, 686415200, 1123314
686537829, 687632686, 1094857
687750400, 688856914, 1106514
688976000, 690225029, 1249029
690347429, 691457943, 1110514
691580114, 692671772, 1091658
692790286, 693892571, 1102285
694011086, 695265943, 1254857
695388229, 696500914, 1112685
696624229, 697739086, 1114857
697858400, 698962400, 1104000
699224800, 700356457, 1131657
700478972, 701585029, 1106057
701703200, 702792000, 1088800
702908571, 704143772, 1235201
704268000, 705410515, 1142515
705534057, 706636114, 1102057
706753486, 707861829, 1108343
707980686, 709220572, 1239886
709343429, 710462515, 1119086
710585486, 711684914, 1099428
711802629, 712902514, 1099885
713169258, 714309372, 1140114
714432343, 715535314, 1102971
715657829, 716747886, 1090057
716865714, 717973143, 1107429
718231543, 719361372, 1129829
719483657, 720346857, 863200
720468686, 725826628, 5357942
725948456, 727207886, 1259430
727329943, 728439657, 1109714
728562629, 729657143, 1094514
729774972, 730869829, 1094857
730988800, 732241943, 1253143
732364800, 733488115, 1123315
733610857, 734732800, 1121943
734852800, 735962629, 1109829
736225372, 737366857, 1141485
737489943, 738611543, 1121600
738729600, 739837143, 1107543
739956229, 741196915, 1240686
741320115, 742448457, 1128342
742571772, 743700914, 1129142
743818286, 744908114, 1089828
745171886, 746296800, 1124914
746419543, 747542857, 1123314
747661029, 748775086, 1114057
748893486, 750015429, 1121943
750277486, 751397372, 1119886
751520115, 752656686, 1136571
752775543, 753881600, 1106057
754000343, 755248115, 1247772
755370629, 756483657, 1113028
756606400, 757720572, 1114172
757840914, 758945257, 1104343
759216686, 760347886, 1131200
760470172, 761576000, 1105828
761693829, 762801143, 1107314
762918857, 764182058, 1263201
764304915, 765431200, 1126285
765553600, 766636457, 1082857
766753943, 767867771, 1113828
767987200, 769229943, 1242743
769352915, 770486515, 1133600
770610743, 771713829, 1103086
771832800, 772922514, 1089714
773193943, 774321829, 1127886
774444915, 775552914, 1107999
775671314, 776757714, 1086400
776874629, 777983314, 1108685
778243658, 779379429, 1135771
779501715, 780606172, 1104457
780724114, 781811086, 1086972
781927657, 783151200, 1223543
783274857, 784403429, 1128572
784526743, 785625143, 1098400
785742629, 786834971, 1092342
786953600, 788206400, 1252800
788328800, 789439086, 1110286
789563429, 790686629, 1123200
790805486, 791911200, 1105714
792181715, 793322172, 1140457
793446972, 794547772, 1100800
794666172, 795781600, 1115428
795903429, 797014971, 1111542
797272000, 798412000, 1140000
798536229, 799627657, 1091428
799746172, 800842629, 1096457
800962400, 802201029, 1238629
802325486, 803451543, 1126057
803574857, 804704457, 1129600
804822857, 805910514, 1087657
806177372, 807295543, 1118171
807425372, 808552114, 1126742
809414857, 810630743, 1215886
810750514, 811842514, 1092000
811961029, 813206972, 1245943
813330400, 814450972, 1120572
814573486, 815660343, 1086857
815778057, 816881371, 1103314
817001143, 818250172, 1249029
818372457, 819499086, 1126629
819622172, 820724343, 1102171
820844343, 821932800, 1088457
822204000, 823331772, 1127772
823454286, 824559314, 1105028
824677372, 825769486, 1092114
825887429, 826994171, 1106742
827253372, 828375086, 1121714
828497714, 829598857, 1101143
829716686, 830805829, 1089143
830923429, 832180915, 1257486
832304686, 833425943, 1121257
833549257, 834675429, 1126172
834793829, 835899200, 1105371
836179886, 837301715, 1121829
837429943, 838535429, 1105486
838652686, 839754057, 1101371
839871771, 840990743, 1118972
841252915, 842379429, 1126514
842501829, 843607200, 1105371
843724800, 844822171, 1097371
844940914, 846196686, 1255772
846319429, 847452229, 1132800
847575429, 848671772, 1096343
848789029, 849897600, 1108571
850017143, 851283543, 1266400
851406172, 852525257, 1119085
852648229, 853751200, 1102971
853870057, 854976229, 1106172
855238515, 856376457, 1137942
856499543, 857612914, 1113371
857731314, 858834971, 1103657
858952800, 860211543, 1258743
860334286, 861457143, 1122857
861580686, 862674286, 1093600
862793486, 863891771, 1098285
864010286, 865245143, 1234857
865367772, 866485715, 1117943
866608800, 867721943, 1113143
867842171, 868923200, 1081029
869195315, 870336115, 1140800
870459200, 871567543, 1108343
871685486, 872778971, 1093485
872896457, 874011314, 1114857
874268915, 875406400, 1137485
875530400, 876627429, 1097029
876744457, 877854971, 1110514
877974629, 879209600, 1234971
879331886, 880448457, 1116571
880571086, 881676343, 1105257
881795771, 882900686, 1104915
883178400, 884298515, 1120115
884420457, 885532229, 1111772
885649943, 886735657, 1085714
886853486, 887965714, 1112228
888241600, 889380800, 1139200
889503657, 890614743, 1111086
890732686, 891840800, 1108114
891958629, 893211200, 1252571
893333029, 894449029, 1116000
894572114, 895668800, 1096686
895786514, 896888343, 1101829
897006971, 898254400, 1247429
898377600, 899520229, 1142629
899644457, 900751543, 1107086
900870629, 901978629, 1108000
902242515, 903379200, 1136685
903501486, 904607657, 1106171
904725600, 905590172, 864572
905704000, 907434057, 1730057
907560800, 908669372, 1108572
908788571, 909887657, 1099086
910006171, 911246400, 1240229
911368915, 912487315, 1118400
912610057, 913699086, 1089029
913816457, 914915086, 1098629
915183429, 916304000, 1120571
916427543, 917532229, 1104686
917653600, 918751200, 1097600
918869371, 919983314, 1113943
920246858, 921382629, 1135771
921505715, 922620457, 1114742
922738172, 923849257, 1111085
923969029, 925386743, 1417714
925512000, 926609143, 1097143
926726629, 927805943, 1079314
927922514, 929015657, 1093143
929275086, 930393143, 1118057
930515886, 931616229, 1100343
931734172, 932840686, 1106514
932959200, 934216229, 1257029
934339429, 935463086, 1123657
935586172, 936685829, 1099657
936804343, 937905257, 1100914
938177143, 939298057, 1120914
939420115, 940522400, 1102285
940644914, 941731314, 1086400
941848571, 942962629, 1114058
943224800, 944347086, 1122286
944469829, 945578972, 1109143
945696229, 946814743, 1118514
946934171, 948178972, 1244801
948302400, 949440229, 1137829
949563314, 950657257, 1093943
950775886, 951878629, 1102743
951997943, 953232800, 1234857
953354972, 954764229, 1409257
954893486, 956148686, 1255200
956272915, 957402400, 1129485
957526400, 958621029, 1094629
958738400, 959836914, 1098514
959956457, 961203658, 1247201
961326400, 962440457, 1114057
962563886, 963680457, 1116571
963799771, 964908457, 1108686
965175543, 966290400, 1114857
966413600, 967520800, 1107200
967644114, 968730286, 1086172
968848457, 969952000, 1103543
970214400, 971335772, 1121372
971460115, 972582514, 1122399
972701372, 973813029, 1111657
973931886, 975167658, 1235772
975293143, 976442515, 1149372
976566629, 977687086, 1120457
977805486, 978916229, 1110743
979183543, 980325372, 1141829
980448457, 981566857, 1118400
981685943, 982779086, 1093143
983582172, 984805486, 1223314
984928457, 986168115, 1239658
986291772, 987437029, 1145257
987560229, 988652800, 1092571
988770857, 989871657, 1100800
989990971, 991233372, 1242401
991355772, 992473029, 1117257
992595086, 993712343, 1117257
993832914, 994928457, 1095543
995197600, 996317715, 1120115
996440572, 997560229, 1119657
997677714, 998771657, 1093943
998889371, 5600, -998883771
272686, 1418286, 1145600
1539657, 3001486, 1461829
3276572, 4412343, 1135771
4534972, 5628114, 1093142
5744114, 6849714, 1105600
6966971, 8209600, 1242629
8330400, 9444915, 1114515
9565829, 10660114, 1094285
10776000, 11881829, 1105829
12000114, 13249143, 1249029
13370972, 14504686, 1133714
14626857, 15730972, 1104115
15850057, 16962171, 1112114
17225029, 18358172, 1133143
18480457, 19602857, 1122400
19721143, 20815543, 1094400
20932114, 22160000, 1227886
22283086, 23409257, 1126171
23532000, 24619772, 1087772
24736229, 25831314, 1095085
25949029, 27190400, 1241371
27312229, 28427772, 1115543
28549714, 29643543, 1093829
29760686, 30865029, 1104343
30983543, 32225258, 1241715
32346972, 33478400, 1131428
33599886, 34713600, 1113714
34831200, 35912686, 1081486
36178172, 37284572, 1106400
37406972, 38519200, 1112228
38640572, 39756229, 1115657
39874171, 40972000, 1097829
41232115, 42365143, 1133028
42487772, 43608686, 1120914
43726057, 44831771, 1105714
44949257, 46180800, 1231543
46303657, 47445943, 1142286
47573600, 49434057, 1860457
49562400, 50699886, 1137486
50820914, 51909829, 1088915
52176229, 53319086, 1142857
53441943, 54552914, 1110971
54669600, 55774286, 1104686
55893257, 57142172, 1248915
57265143, 58392229, 1127086
58514629, 59622057, 1107428
59739200, 60824571, 1085371
60941257, 62198286, 1257029
62320572, 63437257, 1116685
63560114, 64656686, 1096572
64773829, 65876686, 1102857
65995086, 67241943, 1246857
67363886, 68491886, 1128000
68614400, 69711429, 1097029
69828343, 70936686, 1108343
71201486, 72327315, 1125829
72449143, 73557714, 1108571
73674057, 74764571, 1090514
74880914, 76003886, 1122972
76264000, 77407086, 1143086
77529029, 78638629, 1109600
78756457, 79854286, 1097829
79972114, 81209600, 1237486
81331200, 82448572, 1117372
82569943, 83675429, 1105486
83792914, 84894514, 1101600
85154972, 86282286, 1127314
86404572, 87509600, 1105028
87631657, 88732229, 1100572
88850286, 89956343, 1106057
90216343, 91347543, 1131200
91470286, 92578743, 1108457
92696229, 93791314, 1095085
93907314, 95167315, 1260001
95290400, 96413600, 1123200
96535429, 97630629, 1095200
97747772, 98847886, 1100114
98966057, 100206858, 1240801
100328229, 101440686, 1112457
101564229, 102657372, 1093143
102776114, 103878057, 1101943
103996686, 105241600, 1244914
105364686, 106481143, 1116457
106603886, 107709486, 1105600
107828914, 108909143, 1080229
109026857, 110276572, 1249715
110399200, 111503543, 1104343
111626629, 112756686, 1130057
112877371, 113984686, 1107315
114245829, 115375886, 1130057
115499315, 116615429, 1116114
116734057, 117834629, 1100572
117952571, 119192115, 1239544
119314972, 120429943, 1114971
120552572, 121642172, 1089600
121759772, 122853029, 1093257
122971314, 124210058, 1238744
124332800, 125448000, 1115200
125571657, 126655086, 1083429
126772914, 127873257, 1100343
127991886, 129237600, 1245714
129360229, 130470857, 1110628
130593943, 131712457, 1118514
131832343, 132930514, 1098171
133201372, 134337600, 1136228
134460686, 135575886, 1115200
135693829, 136806743, 1112914
136925486, 138173715, 1248229
138300457, 139417143, 1116686
139539657, 140653943, 1114286
140772914, 141869143, 1096229
141987657, 143239658, 1252001
143361829, 144479657, 1117828
144601829, 145694172, 1092343
145812686, 146920457, 1107771
147190400, 148319543, 1129143
148443543, 149541600, 1098057
149660229, 150775429, 1115200
150896343, 152010171, 1113828
152272800, 153400572, 1127772
153524457, 154637714, 1113257
154756229, 155871771, 1115542
155992343, 157242172, 1249829
157365600, 158502972, 1137372
158627314, 159750629, 1123315
159871200, 160969943, 1098743
161230858, 162358515, 1127657
162482515, 163585029, 1102514
163704000, 164791429, 1087429
164909486, 166013257, 1103771
166793714, 168156686, 1362972
168282400, 169402743, 1120343
169525372, 170619086, 1093714
170748000, 171853486, 1105486
171971543, 173218400, 1246857
173340572, 174452686, 1112114
174574400, 175676572, 1102172
175795429, 176893029, 1097600
177011543, 178294057, 1282514
178417143, 179540457, 1123314
179658857, 180760571, 1101714
180878857, 182143543, 1264686
182267886, 183398057, 1130171
183521143, 184621829, 1100686
184739086, 185858629, 1119543
185977943, 187220115, 1242172
187342400, 188453715, 1111315
188575772, 189674057, 1098285
189792686, 190896914, 1104228
191169258, 192312686, 1143428
192435429, 193556914, 1121485
193674857, 194776571, 1101714
194893714, 196006171, 1112457
196267886, 197389372, 1121486
197510972, 198607543, 1096571
198725372, 199810743, 1085371
199927429, 201176343, 1248914
201299429, 202409372, 1109943
202532000, 203631657, 1099657
203748914, 204846743, 1097829
204964114, 206208115, 1244001
206330286, 207438857, 1108571
207562057, 208657486, 1095429
208775200, 209875314, 1100114
209993829, 211228458, 1234629
211351429, 212466286, 1114857
212588800, 213693486, 1104686
213811200, 214899429, 1088229
215161486, 216297715, 1136229
216420229, 217528800, 1108571
217651543, 218732572, 1081029
218850400, 219967657, 1117257
220231886, 221369029, 1137143
221491886, 222596343, 1104457
222714172, 223821714, 1107542
223940229, 225193372, 1253143
225316115, 226422743, 1106628
226545143, 227636114, 1090971
227753943, 228861371, 1107428
228980114, 230237258, 1257144
230365029, 231500229, 1135200
231624114, 232709714, 1085600
232827200, 233950629, 1123429
234218058, 235343315, 1125257
235466515, 236570743, 1104228
236688343, 237801714, 1113371
237920457, 239181943, 1261486
239304686, 240428115, 1123429
240550400, 241677143, 1126743
241795429, 242898057, 1102628
243169829, 244287657, 1117828
244410286, 245517943, 1107657
245640457, 246728000, 1087543
246845257, 247961829, 1116572
248227658, 249354743, 1127085
249477029, 250587086, 1110057
250705486, 251797371, 1091885
251914057, 253176000, 1261943
253298743, 254407429, 1108686
254530743, 255636572, 1105829
255754172, 256840800, 1086628
256957371, 258206400, 1249029
258329486, 259439429, 1109943
259561943, 260678514, 1116571
260797486, 261895886, 1098400
262156572, 263267315, 1110743
263389943, 264501943, 1112000
264625029, 265705600, 1080571
265823429, 266916686, 1093257
267187658, 268314172, 1126514
268436800, 269556000, 1119200
269673486, 270763543, 1090057
270881486, 271986629, 1105143
272244458, 273372343, 1127885
273494972, 274617372, 1122400
274735429, 275822629, 1087200
275940571, 277166858, 1226287
277290972, 278412343, 1121371
278535314, 279623086, 1087772
279739657, 280856914, 1117257
280976343, 282240800, 1264457
282364800, 283492343, 1127543
283615086, 284732229, 1117143
284851771, 285955771, 1104000
286218400, 287359315, 1140915
287481829, 288595314, 1113485
288712800, 289797829, 1085029
289914514, 291144686, 1230172
291268229, 292380915, 1112686
292503314, 293607086, 1103772
293724572, 294829257, 1104685
294947771, 296199315, 1251544
296321943, 297437715, 1115772
297560000, 298654286, 1094286
298771086, 299879086, 1108000
299998857, 301253600, 1254743
301376115, 302510286, 1134171
302633143, 303719772, 1086629
303836914, 304946857, 1109943
305210858, 306328229, 1117371
306450743, 307569029, 1118286
307687086, 308775657, 1088571
308893143, 310011314, 1118171
310267886, 311385486, 1117600
311507886, 312625257, 1117371
312743314, 313844114, 1100800
313962743, 315207886, 1245143
315331086, 316452115, 1121029
316575657, 317692686, 1117029
317811886, 318913600, 1101714
319181372, 320307429, 1126057
320430057, 321530400, 1100343
321648800, 322765029, 1116229
322886629, 323987543, 1100914
324247200, 325375429, 1128229
325499086, 326614972, 1115886
326733600, 327830629, 1097029
327949143, 329190743, 1241600
329314286, 330449257, 1134971
330573029, 331670057, 1097028
331788800, 332893600, 1104800
333013714, 334264572, 1250858
334387657, 335511200, 1123543
335635086, 336719086, 1084000
336837943, 337938857, 1100914
338212458, 339339772, 1127314
339984343, 341355200, 1370857
341481715, 342589486, 1107771
342706857, 343795886, 1089029
343913257, 345157143, 1243886
345281715, 346403429, 1121714
346527086, 347627429, 1100343
347745714, 348848800, 1103086
348967314, 350204915, 1237601
350327315, 351453372, 1126057
351575886, 352720343, 1144457
352840229, 353949829, 1109600
354215543, 355335543, 1120000
355458400, 356562857, 1104457
356681257, 357768457, 1087200
357885829, 358986400, 1100571
359245258, 360379886, 1134628
360502857, 361602286, 1099429
361720114, 362821486, 1101372
362938629, 364165029, 1226400
364287657, 365418972, 1131315
365541714, 366650514, 1108800
366767886, 367863086, 1095200
367980914, 369231315, 1250401
369354057, 370480800, 1126743
370604457, 371734286, 1129829
371854514, 372951543, 1097029
373217715, 374362515, 1144800
374485257, 375598857, 1113600
375716343, 376834286, 1117943
376953143, 378174172, 1221029
378296800, 379426515, 1129715
379548800, 380652572, 1103772
380770514, 381870514, 1100000
381988686, 383253258, 1264572
383376572, 384490515, 1113943
384613029, 385720572, 1107543
385840343, 386923429, 1083086
387193486, 388332800, 1139314
388455543, 389569257, 1113714
389686514, 390806057, 1119543
390926400, 392187086, 1260686
392310400, 393430629, 1120229
393554057, 394648114, 1094057
394765029, 395872000, 1106971
395991200, 397234858, 1243658
397357600, 398479429, 1121829
398602743, 399726286, 1123543
399845943, 400942400, 1096457
401206058, 402333143, 1127085
402455315, 403557029, 1101714
403676229, 404767086, 1090857
404884114, 405989029, 1104915
406251772, 407394743, 1142971
407518515, 408617143, 1098628
408734972, 409820914, 1085942
409938057, 411198629, 1260572
411321715, 412429715, 1108000
412552686, 413657143, 1104457
413775086, 414871543, 1096457
414990286, 416227200, 1236914
416349715, 417477600, 1127885
417600572, 418684229, 1083657
418801371, 419891886, 1090515
420161943, 421267772, 1105829
421388915, 422496457, 1107542
422618629, 423713486, 1094857
423830400, 424918743, 1088343
425181600, 426286743, 1105143
426410057, 427533029, 1122972
427656800, 428739200, 1082400
428856914, 429967200, 1110286
430225372, 431358857, 1133485
431481715, 432592457, 1110742
432710629, 433797714, 1087085
433914514, 435154400, 1239886
435278172, 436409600, 1131428
436532800, 437646857, 1114057
437764914, 438866286, 1101372
438985600, 440226400, 1240800
440348800, 441475315, 1126515
441598057, 442695314, 1097257
442813143, 443889143, 1076000
444007314, 445521257, 1513943
445647543, 446729029, 1081486
446845829, 447951314, 1105485
448212343, 449349372, 1137029
449472229, 450585486, 1113257
450703429, 451816571, 1113142
451935086, 453198858, 1263772
453324229, 454442057, 1117828
454564914, 455657714, 1092800
455774514, 456880686, 1106172
456999886, 458256915, 1257029
458378972, 459497715, 1118743
459620457, 460713714, 1093257
460830629, 461941257, 1110628
462210858, 463348915, 1138057
463471772, 464592686, 1120914
464711429, 465814514, 1103085
465932457, 467157600, 1225143
467281486, 468414515, 1133029
468537372, 469623543, 1086171
469741143, 470823543, 1082400
470941143, 472166743, 1225600
472290400, 473404000, 1113600
473527429, 474625600, 1098171
474742400, 475853600, 1111200
475972914, 477216343, 1243429
477339429, 478459429, 1120000
478581943, 479697486, 1115543
479816000, 480919314, 1103314
481182286, 482294629, 1112343
482417715, 483537600, 1119885
483658172, 484764914, 1106742
484883886, 485991886, 1108000
486250172, 487383429, 1133257
487505943, 488619314, 1113371
488737486, 489830857, 1093371
489949257, 491194972, 1245715
491316686, 492432915, 1116229
492555429, 493644229, 1088800
493761600, 494863543, 1101943
494982286, 496227658, 1245372
496351200, 497487772, 1136572
497612229, 498702629, 1090400
498821829, 499913943, 1092114
500186515, 501318515, 1132000
501441829, 502541372, 1099543
502664800, 503758857, 1094057
503877257, 504980229, 1102972
505238629, 506361829, 1123200
506485372, 507589943, 1104571
507708686, 508805486, 1096800
508924343, 510177600, 1253257
510302857, 511430515, 1127658
511555657, 512656000, 1100343
512775314, 513879429, 1104115
514690172, 515914629, 1224457
516188115, 517315886, 1127771
517438057, 518547429, 1109372
518664914, 519755086, 1090172
519872914, 520976800, 1103886
521235200, 522361715, 1126515
522484457, 523592800, 1108343
523710743, 524803543, 1092800
524921143, 526176915, 1255772
526300115, 527413029, 1112914
527535429, 528624914, 1089485
528742286, 529837257, 1094971
529956229, 531205143, 1248914
531327200, 532438629, 1111429
532561257, 533656457, 1095200
533773714, 534876229, 1102515
534995543, 536237600, 1242057
536360000, 537497143, 1137143
537620114, 538708229, 1088115
538825257, 539922171, 1096914
540194858, 541308572, 1113714
541430857, 542545372, 1114515
542663314, 543757600, 1094286
543874629, 544986171, 1111542
545249029, 546373829, 1124800
546496686, 547601372, 1104686
547719086, 548795086, 1076000
548911543, 550175543, 1264000
550297829, 551447429, 1149600
551570972, 552684114, 1113142
552803657, 553906286, 1102629
554179886, 555318629, 1138743
555440686, 556550629, 1109943
556667772, 557795886, 1128114
557915657, 559170972, 1255315
559294286, 560426515, 1132229
560549600, 561636114, 1086514
561753143, 562866629, 1113486
562986286, 564235200, 1248914
564357829, 565491200, 1133371
565614400, 566696686, 1082286
566813943, 567906286, 1092343
568179086, 569316457, 1137371
569438972, 570552572, 1113600
570670286, 571781486, 1111200
571900114, 573005028, 1104914
573261029, 574408800, 1147771
574532457, 575627543, 1095086
575745600, 576844686, 1099086
576962514, 578208800, 1246286
578331200, 579443315, 1112115
579565486, 580661143, 1095657
580778743, 581876000, 1097257
581994514, 583241372, 1246858
583363772, 584488686, 1124914
584611429, 585702514, 1091085
585819657, 586907314, 1087657
587169943, 588287886, 1117943
588410743, 589516457, 1105714
589639086, 590761029, 1121943
590881829, 591996800, 1114971
592258743, 593388800, 1130057
593511772, 594609257, 1097485
594726286, 595821600, 1095314
595938743, 597163315, 1224572
597286515, 598410057, 1123542
598533257, 599657029, 1123772
599775543, 600878857, 1103314
600998857, 602245372, 1246515
602368800, 603489143, 1120343
603611429, 604698857, 1087428
604816457, 605904686, 1088229
606022171, 607274515, 1252344
607397715, 608519657, 1121942
608642514, 609734514, 1092000
609852343, 610952914, 1100571
611211772, 612340800, 1129028
612463429, 613573372, 1109943
613690629, 614793371, 1102742
614910629, 616167772, 1257143
616291200, 617416915, 1125715
617540229, 618638400, 1098171
618755314, 619858857, 1103543
619977714, 621241029, 1263315
621364457, 622496229, 1131772
622619086, 623737714, 1118628
623856914, 624956914, 1100000
625217715, 626361943, 1144228
626485143, 627596114, 1110971
627714629, 628802971, 1088342
628920229, 630163200, 1242971
630287315, 631427657, 1140342
631550286, 632643543, 1093257
632761486, 633860686, 1099200
633979543, 635231658, 1252115
635354172, 636486400, 1132228
636609372, 637702514, 1093142
637820229, 638903200, 1082971
639165486, 640279772, 1114286
640403772, 641518857, 1115085
641641372, 642731200, 1089828
642848800, 643967200, 1118400
644232343, 645355200, 1122857
645478515, 646583200, 1104685
646700914, 647802514, 1101600
647921943, 649013600, 1091657
649289715, 650168915, 879200
650290057, 653751542, 3461485
653873028, 655005028, 1132000
655269142, 656405828, 1136686
656529028, 657663199, 1134171
657781028, 658877371, 1096343
658995999, 660242171, 1246172
660364799, 661489942, 1125143
661615771, 662700571, 1084800
662817485, 663908799, 1091314
664177142, 665301485, 1124343
665424685, 666553142, 1128457
666675771, 667798628, 1122857
667917828, 669176228, 1258400
669299085, 670416228, 1117143
670538971, 671632914, 1093943
671751542, 672850285, 1098743
672969485, 674224342, 1254857
674348457, 675467085, 1118628
675590285, 676705028, 1114743
676825256, 677904342, 1079086
678168228, 679278628, 1110400
679402285, 680532228, 1129943
680653942, 681752228, 1098286
681871085, 683150514, 1279429
683275771, 684404571, 1128800
684528228, 685625714, 1097486
685743542, 686865142, 1121600
686985371, 688243885, 1258514
688367542, 689485942, 1118400
689609485, 690689714, 1080229
691538171, 692766171, 1228000
692887885, 694150628, 1262743
694276114, 695410857, 1134743
695534857, 696626742, 1091885
696743771, 697845028, 1101257
697963428, 699201371, 1237943
699323314, 700445257, 1121943
700568799, 701651542, 1082743
701768799, 702875314, 1106515
702994742, 704237142, 1242400
704360342, 705486171, 1125829
705608685, 706724228, 1115543
706841599, 707938971, 1097372
708206514, 709338285, 1131771
709460914, 710584342, 1123428
710702628, 711792571, 1089943
711909142, 713163657, 1254515
713287085, 714411199, 1124114
714533485, 715640685, 1107200
715757942, 716856228, 1098286
716974514, 718238057, 1263543
718360685, 719220685, 860000
719341942, 725865485, 6523543
725986285, 727275658, 1289373
727398629, 728520457, 1121828
728643314, 729748571, 1105257
729868686, 730974400, 1105714
731238400, 732372686, 1134286
732495886, 733613600, 1117714
733731657, 734838971, 1107314
734958286, 736179658, 1221372
736303772, 737436115, 1132343
737558972, 738662857, 1103885
738779772, 739875086, 1095314
739994171, 741249257, 1255086
741372000, 742503429, 1131429
742626286, 743716114, 1089828
743833486, 744933829, 1100343
745199086, 746306057, 1106971
746428457, 747535200, 1106743
747657486, 748741714, 1084228
748858743, 749968457, 1109714
750244800, 751390629, 1145829
751513486, 752615543, 1102057
752734057, 753813829, 1079772
753930857, 755152458, 1221601
755276229, 756400915, 1124686
756524800, 757628000, 1103200
757746286, 758833829, 1087543
758950171, 760194743, 1244572
760317600, 761436229, 1118629
761558972, 762677943, 1118971
762797143, 763902286, 1105143
764165715, 765278515, 1112800
765401943, 766523772, 1121829
766648114, 767737600, 1089486
767862171, 768963086, 1100915
769222629, 770354743, 1132114
770477143, 771586400, 1109257
771703886, 772792343, 1088457
772909943, 774018628, 1108685
774274400, 775406629, 1132229
775530057, 776619429, 1089372
776736114, 777850171, 1114057
777969029, 779218400, 1249371
779341600, 780480915, 1139315
780605486, 781697486, 1092000
781815200, 782930171, 1114971
783193372, 784322057, 1128685
784445143, 785553943, 1108800
785671429, 786769029, 1097600
786885714, 787997486, 1111772
788259772, 789383543, 1123771
789506743, 790609143, 1102400
790726172, 791811657, 1085485
791928457, 793174858, 1246401
793297829, 794409143, 1111314
794533029, 795637029, 1104000
795754514, 796853486, 1098972
796972229, 798224458, 1252229
798346857, 799477257, 1130400
799599429, 800692114, 1092685
800810057, 801913714, 1103657
802184000, 803334629, 1150629
803457715, 804578400, 1120685
804697257, 805788914, 1091657
805905943, 807165143, 1259200
807289143, 808406857, 1117714
808529486, 809627429, 1097943
809745257, 810842400, 1097143
810961600, 812206172, 1244572
812328572, 813462286, 1133714
813586514, 814701372, 1114858
814820114, 815909943, 1089829
816176458, 817302057, 1125599
817424457, 818524800, 1100343
818647429, 819731200, 1083771
819848343, 820947771, 1099428
821213143, 822332686, 1119543
822455086, 823567772, 1112686
823685829, 824803086, 1117257
824921714, 826168229, 1246515
826292343, 827419315, 1126972
827542172, 828662629, 1120457
828781714, 829884686, 1102972
830003543, 831252000, 1248457
831374515, 832504115, 1129600
832627429, 833735200, 1107771
833855314, 834952914, 1097600
835222629, 836354629, 1132000
836477486, 837600914, 1123428
837718400, 838810057, 1091657
838927200, 840031657, 1104457
840292229, 841429372, 1137143
841553029, 842647772, 1094743
842765600, 843868571, 1102971
843987200, 845240686, 1253486
845363200, 846486057, 1122857
846608914, 847710286, 1101372
847830857, 848933143, 1102286
849200458, 850333943, 1133485
850456915, 851574400, 1117485
851693029, 852805029, 1112000
852925943, 854176000, 1250057
854299886, 855415543, 1115657
855539086, 856647772, 1108686
856766057, 857865143, 1099086
857985143, 859224229, 1239086
859348343, 860472229, 1123886
860595429, 861692572, 1097143
861811429, 862897143, 1085714
863163315, 864285943, 1122628
864410172, 865526400, 1116228
865650514, 866770400, 1119886
866890971, 867996914, 1105943
868258743, 869384915, 1126172
870000343, 871361829, 1361486
871487886, 872591429, 1103543
872709257, 873797029, 1087772
873914514, 875170858, 1256344
875292915, 876406629, 1113714
876529714, 877630286, 1100572
877747657, 878862286, 1114629
878981714, 880225143, 1243429
880347657, 881478286, 1130629
881600914, 882689372, 1088458
882806629, 883916229, 1109600
884191658, 885320457, 1128799
885442972, 886559200, 1116228
886676914, 887770971, 1094057
887888114, 888999200, 1111086
889258400, 890417372, 1158972
890540229, 891662629, 1122400
891781600, 892881143, 1099543
893000229, 894269600, 1269371
894393029, 895507543, 1114514
895630172, 896748000, 1117828
896867314, 897968686, 1101372
898236115, 899370972, 1134857
899494172, 900609714, 1115542
900727314, 901811086, 1083772
901929371, 903156800, 1227429
903281372, 904413143, 1131771
904536686, 905642743, 1106057
905760343, 906868571, 1108228
906987657, 908243200, 1255543
908366400, 909505600, 1139200
909630629, 910726629, 1096000
910846171, 911949371, 1103200
912216115, 913356572, 1140457
913479086, 914594629, 1115543
914711886, 915797600, 1085714
915914171, 917018171, 1104000
917276229, 918387657, 1111428
918510972, 919631657, 1120685
919749486, 920835086, 1085600
920951886, 922173143, 1221257
922296229, 923424686, 1128457
923548914, 924638057, 1089143
924756229, 925868229, 1112000
925986743, 927565714, 1578971
927690400, 928793714, 1103314
928912914, 930021714, 1108800
930278515, 931395657, 1117142
931518629, 932616686, 1098057
932734972, 933840343, 1105371
933958400, 935194286, 1235886
935316686, 936422972, 1106286
936545943, 937643429, 1097486
937760686, 938869257, 1108571
938988114, 940256115, 1268001
940378743, 941500114, 1121371
941622743, 942716914, 1094171
942837143, 943920114, 1082971
944190515, 945340800, 1150285
945464229, 946568343, 1104114
946685372, 947810971, 1125599
947930400, 949187200, 1256800
949310400, 950431429, 1121029
950554057, 951683772, 1129715
951801257, 952905029, 1103772
953174858, 954281829, 1106971
954404115, 955530972, 1126857
955653486, 957202172, 1548686
957326400, 958462172, 1135772
958585257, 959682857, 1097600
959799886, 960906629, 1106743
961178629, 962295886, 1117257
962418400, 963537600, 1119200
963660800, 964778400, 1117600
964897143, 966150286, 1253143
966274400, 967389257, 1114857
967511657, 968628229, 1116572
968746743, 969838514, 1091771
969954743, 971189372, 1234629
971312115, 972437257, 1125142
972559657, 973681029, 1121372
973802057, 974904914, 1102857
975172115, 976287429, 1115314
976410400, 977535429, 1125029
977659086, 978766514, 1107428
978886514, 979992114, 1105600
980255429, 981371657, 1116228
981494172, 982606743, 1112571
982724343, 983832914, 1108571
983952686, 985193600, 1240914
985316457, 986442172, 1125715
986564914, 987677372, 1112458
987796571, 988904457, 1107886
989183315, 990293486, 1110171
990415772, 991524000, 1108228
991644229, 992726172, 1081943
992843200, 993944686, 1101486
994210743, 995325143, 1114400
995447886, 996555086, 1107200
996672000, 997774514, 1102514
997891429, 998991657, 1100228
999253143, 399543, -998853600
524915, 1624914, 1099999
1740572, 2846400, 1105828
2963314, 4642286, 1678972
4765143, 5868114, 1102971
5987429, 7262972, 1275543
7385257, 8503086, 1117829
8624114, 9705486, 1081372
9821829, 10909486, 1087657
11174515, 12293257, 1118742
12416000, 13541943, 1125943
13659429, 14776800, 1117371
14894971, 16143086, 1248115
16265829, 17397029, 1131200
17519314, 18635200, 1115886
18752114, 19856457, 1104343
19974400, 21220915, 1246515
21343086, 22480229, 1137143
22602286, 23684343, 1082057
23801714, 24889029, 1087315
25151658, 26280572, 1128914
26403657, 27521486, 1117829
27644686, 28729143, 1084457
28846057, 29952686, 1106629
30220000, 31328115, 1108115
31451200, 32558972, 1107772
32676800, 33787429, 1110629
33906629, 35156115, 1249486
35280572, 36440343, 1159771
36562972, 37658972, 1096000
37777143, 38884000, 1106857
39003543, 40253143, 1249600
40376915, 41509714, 1132799
41632914, 42740457, 1107543
42860000, 43970057, 1110057
44232686, 45364915, 1132229
45487886, 46581943, 1094057
46700686, 47789943, 1089257
48580914, 49837714, 1256800
50660343, 51890400, 1230057
52154743, 53265486, 1110743
53388000, 54515657, 1127657
54637829, 55721943, 1084114
55839200, 56947771, 1108571
57209829, 58342629, 1132800
58464457, 59572686, 1108229
59689829, 60780114, 1090285
60897257, 62154058, 1256801
62277372, 63409143, 1131771
63530972, 64624914, 1093942
64741600, 65843086, 1101486
65961029, 67211429, 1250400
67333372, 68451429, 1118057
68573486, 69663886, 1090400
69780229, 70888914, 1108685
71007429, 72257829, 1250400
72379200, 73511543, 1132343
73634400, 74714514, 1080114
74831200, 75923429, 1092229
76194972, 77324457, 1129485
77446743, 78570400, 1123657
78688914, 79776000, 1087086
79892229, 81144800, 1252571
81267543, 82398172, 1130629
82520572, 83627429, 1106857
83744457, 84849143, 1104686
84966743, 86223429, 1256686
86345715, 87462629, 1116914
87584686, 88687657, 1102971
88806971, 89903200, 1096229
90176458, 91298629, 1122171
91420343, 92514972, 1094629
92636914, 93730514, 1093600
93847543, 94955771, 1108228
95215772, 96341600, 1125828
96463657, 97564457, 1100800
97680800, 98780914, 1100114
98897943, 100146172, 1248229
100269143, 101411543, 1142400
101534057, 102621829, 1087772
102739086, 103838971, 1099885
103957943, 105204229, 1246286
105326286, 106450743, 1124457
106573257, 107675086, 1101829
107793943, 108895086, 1101143
109158743, 110271086, 1112343
110395086, 111506057, 1110971
111629372, 112730286, 1100914
112847886, 113943200, 1095314
114206058, 115338400, 1132342
115461600, 116578400, 1116800
116696229, 117813829, 1117600
117932800, 119157143, 1224343
119281257, 120415772, 1134515
120537943, 121627772, 1089829
121744571, 122844457, 1099886
122963657, 124199315, 1235658
124322743, 125444800, 1122057
125567429, 126666172, 1098743
126783086, 127884914, 1101828
128004228, 129243658, 1239430
129366286, 130493715, 1127429
130617029, 131704800, 1087771
131822400, 132928686, 1106286
133189372, 134316915, 1127543
134439200, 135561600, 1122400
135679429, 136772457, 1093028
136889486, 137997371, 1107885
138251658, 139382743, 1131085
139506057, 140626972, 1120915
140745486, 141828800, 1083314
141945600, 143172115, 1226515
143296000, 144420343, 1124343
144544114, 145674743, 1130629
145793143, 146892686, 1099543
147011429, 148264572, 1253143
148387200, 149499086, 1111886
149621943, 150708114, 1086171
150825829, 151925257, 1099428
152193143, 153339886, 1146743
153462172, 154585143, 1122971
154702972, 155794743, 1091771
155914629, 157151772, 1237143
157275200, 158412229, 1137029
158535200, 159661600, 1126400
159780229, 160878514, 1098285
160996800, 162257143, 1260343
162379886, 163514629, 1134743
163637486, 164728914, 1091428
164846057, 165949829, 1103772
166209029, 167346172, 1137143
167469486, 168579772, 1110286
168698514, 169792571, 1094057
169910629, 171017943, 1107314
171271886, 172413372, 1141486
172536343, 173631429, 1095086
173748114, 174845143, 1097029
174964114, 176204229, 1240115
176326972, 177447315, 1120343
177570972, 178681372, 1110400
178801371, 179901829, 1100458
180181943, 181299429, 1117486
181421372, 182541029, 1119657
182659086, 183762514, 1103428
183881943, 184996686, 1114743
185260229, 186385143, 1124914
186507772, 187603429, 1095657
187720914, 188809257, 1088343
188925943, 190171200, 1245257
190294629, 191005600, 710971
191256343, 193730172, 2473829
193851771, 194972000, 1120229
195232572, 196363543, 1130971
196486286, 197588229, 1101943
197706400, 198791543, 1085143
198907886, 200151658, 1243772
200275086, 201399772, 1124686
201522857, 202640000, 1117143
202757714, 203850057, 1092343
203966514, 205211315, 1244801
205334172, 206452686, 1118514
206575314, 207690972, 1115658
207810057, 208907771, 1097714
209171429, 210286400, 1114971
210409829, 211524343, 1114514
211645829, 212757600, 1111771
212878629, 213991314, 1112685
214252343, 215390057, 1137714
215514857, 216618743, 1103886
216736914, 217829257, 1092343
217948114, 219193943, 1245829
219317943, 220453486, 1135543
220577829, 221700572, 1122743
221821371, 222909486, 1088115
223175086, 224300343, 1125257
224424572, 225544572, 1120000
225664457, 226760229, 1095772
226879314, 228001143, 1121829
228762857, 229995314, 1232457
230259658, 231398400, 1138742
231521143, 232614629, 1093486
232732457, 233817714, 1085257
233935543, 235156000, 1220457
235280115, 236401143, 1121028
236524000, 237618172, 1094172
237735086, 238820686, 1085600
238938286, 240157486, 1219200
240281029, 241409486, 1128457
241533372, 242628686, 1095314
242745372, 243826400, 1081028
243944343, 245189372, 1245029
245312457, 246446629, 1134172
246569257, 247686514, 1117257
247805714, 248910857, 1105143
249174629, 250295200, 1120571
250418286, 251529257, 1110971
251649829, 252764457, 1114628
252883771, 253994857, 1111086
254258972, 255391315, 1132343
255514172, 256624914, 1110742
256742743, 257840686, 1097943
257957371, 259192572, 1235201
259314172, 260421029, 1106857
260543429, 261659543, 1116114
261778857, 262880343, 1101486
262999886, 264252800, 1252914
264376000, 265497372, 1121372
265620343, 266706172, 1085829
266823429, 267925029, 1101600
268194286, 269308572, 1114286
269430857, 270555543, 1124686
270673829, 271769943, 1096114
271888800, 273145600, 1256800
273270400, 274408229, 1137829
274532457, 275632914, 1100457
275750629, 276842857, 1092228
276959314, 278206058, 1246744
278328915, 279443772, 1114857
279565943, 280658972, 1093029
280776343, 281875314, 1098971
281993943, 283243543, 1249600
283365486, 284472572, 1107086
284594972, 285695200, 1100228
285814514, 286899429, 1084915
287164000, 288278857, 1114857
288401600, 289516000, 1114400
289638514, 290768800, 1130286
290888571, 291996800, 1108229
292257943, 293397029, 1139086
293519772, 294613714, 1093942
294731314, 295819314, 1088000
295936914, 297183658, 1246744
297306400, 298417143, 1110743
298539200, 299657257, 1118057
299777029, 300875429, 1098400
300993714, 302242743, 1249029
302364915, 303477600, 1112685
303600686, 304684229, 1083543
304801943, 305893486, 1091543
306158972, 307287315, 1128343
307409943, 308533029, 1123086
308655543, 309760914, 1105371
309880457, 310992457, 1112000
311251543, 312384686, 1133143
312507657, 313609714, 1102057
313727086, 314830514, 1103428
314949829, 316194172, 1244343
316317143, 317444343, 1127200
317571200, 318667086, 1095886
318793143, 319904114, 1110971
320175658, 321291886, 1116228
321413943, 322518743, 1104800
322641372, 323761371, 1119999
323880229, 324974057, 1093828
325232458, 326367543, 1135085
326490400, 327593143, 1102743
327711200, 328817143, 1105943
328935771, 330172800, 1237029
330295543, 331407429, 1111886
331530400, 332627772, 1097372
332745486, 333836343, 1090857
333955086, 335206400, 1251314
335329486, 336445715, 1116229
336568572, 337670057, 1101485
337787886, 338889829, 1101943
339008571, 340266857, 1258286
340389372, 341495886, 1106514
341619314, 342710286, 1090972
342828457, 343912343, 1083886
344175772, 345288343, 1112571
345411200, 346530057, 1118857
346652686, 347772686, 1120000
347892343, 349003086, 1110743
349264800, 350391886, 1127086
350514857, 351608572, 1093715
351725372, 352829257, 1103885
352948686, 354174400, 1225714
354299315, 355438857, 1139542
355562057, 356680457, 1118400
356798743, 357899429, 1100686
358169143, 359289372, 1120229
359411772, 360521372, 1109600
360644800, 361768571, 1123771
361887314, 363023543, 1136229
363282515, 364409943, 1127428
364532914, 365643543, 1110629
365760686, 366843429, 1082743
366960114, 368201258, 1241144
368323657, 369180458, 856801
369301486, 370521943, 1220457
370645257, 371504800, 859543
371625372, 377714742, 6089370
377836114, 378939886, 1103772
379202858, 380329372, 1126514
380452343, 381563886, 1111543
381681257, 382799543, 1118286
382919543, 384025143, 1105600
384281829, 385415543, 1133714
385538972, 386659086, 1120114
386778743, 387874514, 1095771
387993029, 389241829, 1248800
389365600, 390486972, 1121372
390611429, 391701486, 1090057
391821029, 392924800, 1103771
393191886, 394305715, 1113829
394429372, 395533943, 1104571
395657943, 396756343, 1098400
396875086, 397992800, 1117714
398255657, 399383886, 1128229
399508800, 400627429, 1118629
400746857, 401844914, 1098057
401964229, 403218172, 1253943
403341600, 404465143, 1123543
404589372, 405682857, 1093485
405802171, 406905371, 1103200
407698172, 408925371, 1227199
409199200, 410317600, 1118400
410440457, 411549486, 1109029
411667200, 412776800, 1109600
412896114, 414011314, 1115200
414272572, 415398057, 1125485
415521257, 416621600, 1100343
416739086, 417847886, 1108800
417965829, 419212343, 1246514
419335086, 420456115, 1121029
420578972, 421704343, 1125371
421823771, 422926171, 1102400
423194972, 424322400, 1127428
424445029, 425553600, 1108571
425670514, 426766629, 1096115
426884686, 428144343, 1259657
428268457, 429409257, 1140800
429531657, 430626172, 1094515
430743543, 431843314, 1099771
431961943, 433247772, 1285829
433370629, 434486857, 1116228
434610743, 435711657, 1100914
435831200, 436935200, 1104000
437203086, 438347886, 1144800
438470629, 439589829, 1119200
439708000, 440793943, 1085943
440910743, 442152915, 1242172
442277715, 443410972, 1133257
443533372, 444637829, 1104457
444755429, 445854171, 1098742
445972457, 447220800, 1248343
447343543, 448460686, 1117143
448583200, 449677943, 1094743
449795543, 450900229, 1104686
451176343, 452296000, 1119657
452417600, 453532686, 1115086
453650057, 454755543, 1105486
454875314, 455990629, 1115315
456251543, 457378629, 1127086
457501943, 458609257, 1107314
458726972, 459843886, 1116914
459962857, 461227429, 1264572
461350400, 462483543, 1133143
462606857, 463691200, 1084343
463809143, 464921714, 1112571
465194058, 466309143, 1115085
466431657, 467541714, 1110057
467659429, 468778400, 1118971
468897829, 470161715, 1263886
470285486, 471400457, 1114971
471524000, 472615086, 1091086
472732229, 473845829, 1113600
473962971, 475216229, 1253258
475339200, 476463543, 1124343
476585600, 477697486, 1111886
477814971, 478916000, 1101029
479179543, 480300457, 1120914
480423315, 481539200, 1115885
481659657, 482772000, 1112343
482891086, 484142286, 1251200
484269600, 485403543, 1133943
485527200, 486627200, 1100000
486745143, 487853143, 1108000
487972000, 489230286, 1258286
489353257, 490476686, 1123429
490598857, 491725600, 1126743
491842629, 492940343, 1097714
493199886, 494325829, 1125943
494448000, 495558972, 1110972
495676572, 496769029, 1092457
496885943, 498001143, 1115200
498262515, 499402286, 1139771
499525714, 500623200, 1097486
500740457, 501836000, 1095543
501955314, 503204800, 1249486
503327886, 504445943, 1118057
504567772, 505686286, 1118514
505805257, 506901486, 1096229
507161943, 508282972, 1121029
508405829, 509505829, 1100000
509627886, 510729372, 1101486
510849143, 511945257, 1096114
512210058, 513345257, 1135199
513468115, 514569829, 1101714
514687772, 515767086, 1079314
515884343, 517003314, 1118971
517265829, 518387657, 1121828
518510400, 519604229, 1093829
519721372, 520839771, 1118399
520958971, 522192115, 1233144
522316457, 523441486, 1125029
523565829, 524678057, 1112228
524796000, 525897143, 1101143
526168343, 527280686, 1112343
527402743, 528507772, 1105029
528630286, 529726629, 1096343
529843314, 530953486, 1110172
531215086, 532346172, 1131086
532468686, 533571543, 1102857
533688229, 534788571, 1100342
534905257, 536153029, 1247772
536277143, 537427086, 1149943
537549943, 538669600, 1119657
538789486, 539895314, 1105828
540014400, 541253029, 1238629
541376572, 542488915, 1112343
542611200, 543696229, 1085029
543813257, 544906286, 1093029
545176572, 546298972, 1122400
546420915, 547548686, 1127771
547671429, 548764229, 1092800
548881371, 550002629, 1121258
550261257, 551384343, 1123086
551507086, 552377486, 870400
552499886, 553745372, 1245486
553865943, 554991200, 1125257
555254515, 556376457, 1121942
556499886, 557604114, 1104228
557722972, 558586972, 864000
558700572, 561706514, 3005942
561828800, 562946057, 1117257
563215429, 564361257, 1145828
564486057, 565621372, 1135315
565743086, 566854057, 1110971
566974514, 568249143, 1274629
568373715, 569515200, 1141485
569639886, 570765029, 1125143
570887771, 572001943, 1114172
572263086, 573386057, 1122971
573511886, 574618286, 1106400
574737486, 575824114, 1086628
575945143, 577190058, 1244915
577315200, 578442857, 1127657
578568114, 579672343, 1104229
579792114, 580900800, 1108686
581183086, 582306972, 1123886
582431543, 583547886, 1116343
584401257, 585615543, 1214286
585736114, 586837714, 1101600
586956343, 588198172, 1241829
588321715, 589444000, 1122285
589567086, 590675200, 1108114
590795200, 591899086, 1103886
592165372, 593289600, 1124228
593413029, 594526972, 1113943
594644914, 595749029, 1104115
595870057, 596978514, 1108457
597241372, 598372686, 1131314
598497486, 599610057, 1112571
599727886, 600849029, 1121143
600969486, 602230400, 1260914
602353829, 603484115, 1130286
603607772, 604726743, 1118971
604844914, 605950743, 1105829
606213943, 607353029, 1139086
607477600, 608597600, 1120000
608716800, 609811886, 1095086
609929714, 611160115, 1230401
611284229, 612421029, 1136800
612544114, 613650057, 1105943
613770514, 614879771, 1109257
614999200, 616248115, 1248915
616370857, 617503886, 1133029
617627314, 618725257, 1097943
618844914, 619947886, 1102972
620210058, 621350172, 1140114
621473715, 622587200, 1113485
622705029, 623814514, 1109485
623935771, 625166629, 1230858
625292000, 626420915, 1128915
626544686, 627671314, 1126628
627790514, 628901029, 1110515
629170972, 630284457, 1113485
630408000, 631558286, 1150286
631680572, 632773829, 1093257
632892457, 634005600, 1113143
634266057, 635382743, 1116686
635506057, 636604229, 1098172
636722172, 637832571, 1110399
637953371, 639210058, 1256687
639333372, 640458857, 1125485
640581829, 641676457, 1094628
641794629, 642905714, 1111085
643180000, 644304915, 1124915
644427886, 645549943, 1122057
645668914, 646763886, 1094972
646881714, 648139429, 1257715
648263315, 649409943, 1146628
649533943, 650669486, 1135543
650792000, 651900571, 1108571
652171315, 653304229, 1132914
653427200, 654550400, 1123200
654668914, 655762057, 1093143
655881943, 656999086, 1117143
657259315, 658392229, 1132914
658515886, 659635200, 1119314
659753486, 660848343, 1094857
660966743, 662216458, 1249715
662340457, 663467086, 1126629
663590743, 664697143, 1106400
664816343, 665922857, 1106514
666201258, 667348343, 1147085
667472115, 668584343, 1112228
668704686, 669803886, 1099200
669921486, 671154400, 1232914
671278743, 672405829, 1127086
672529029, 673640000, 1110971
673760000, 674856914, 1096914
674974400, 676233829, 1259429
676356800, 677486743, 1129943
677610286, 678709029, 1098743
678829257, 679936571, 1107314
680206286, 681355315, 1149029
681478857, 682581943, 1103086
682699543, 683816229, 1116686
683937257, 685164000, 1226743
685288686, 686418057, 1129371
686541029, 687637029, 1096000
687754629, 688856686, 1102057
688976571, 690240800, 1264229
690364000, 691489715, 1125715
691613143, 692706629, 1093486
692824343, 693937143, 1112800
694205486, 695367657, 1162171
695491657, 696606972, 1115315
696726514, 697842286, 1115772
697960457, 699217372, 1256915
699339886, 700457829, 1117943
700580572, 701710514, 1129942
701830057, 702945486, 1115429
703212343, 704329943, 1117600
704452915, 705559086, 1106171
705676686, 706788457, 1111771
706908000, 708165258, 1257258
708289257, 709423200, 1133943
709546972, 710685257, 1138285
710806400, 711917257, 1110857
712181943, 713301257, 1119314
713424800, 714551657, 1126857
714670172, 715765029, 1094857
715884686, 717137372, 1252686
717263086, 718380229, 1117143
718504572, 719612572, 1108000
719730743, 720834629, 1103886
720954971, 722215086, 1260115
722338286, 723466172, 1127886
723589486, 724689372, 1099886
724807086, 725914171, 1107085
726188915, 727328572, 1139657
727452343, 728573943, 1121600
728693257, 729794286, 1101029
729911657, 731171200, 1259543
731294286, 732014857, 720571
732271543, 741905599, 9634056
742186514, 743317600, 1131086
743440800, 744558857, 1118057
744686286, 745800114, 1113828
745919657, 747174858, 1255201
747299200, 748439429, 1140229
748564114, 749665486, 1101372
749786400, 750889486, 1103086
751010400, 752264572, 1254172
752389257, 753527086, 1137829
753652457, 754749257, 1096800
754876686, 756145943, 1269257
756272572, 757412000, 1139428
757536914, 758655200, 1118286
758776914, 759884343, 1107429
760150515, 761276572, 1126057
761401600, 762541486, 1139886
762666400, 763774743, 1108343
763896914, 765142286, 1245372
765269486, 766401029, 1131543
767017486, 768390286, 1372800
768517372, 769629600, 1112228
769749029, 770858743, 1109714
770978057, 772224343, 1246286
772348115, 773472686, 1124571
773596114, 774688457, 1092343
774808229, 775916571, 1108342
776181829, 777289829, 1108000
777412572, 778543429, 1130857
778662057, 779760343, 1098286
779879543, 780998514, 1118971
781258400, 782390743, 1132343
782514286, 783610400, 1096114
783728457, 784832000, 1103543
784952686, 786207886, 1255200
786331429, 787455886, 1124457
787579200, 788684800, 1105600
788802514, 789911543, 1109029
790185486, 791320686, 1135200
791444229, 792555200, 1110971
792673714, 793765143, 1091429
793882857, 795142858, 1260001
795267429, 796395429, 1128000
796518857, 797637943, 1119086
797757372, 798865486, 1108114
798985029, 800231315, 1246286
800354400, 801484457, 1130057
801608229, 802718172, 1109943
802840229, 803934971, 1094742
804202515, 805345257, 1142742
805475429, 806602172, 1126743
806722972, 807845600, 1122628
807965371, 809227772, 1262401
809351886, 810489715, 1137829
810613600, 811712114, 1098514
811831657, 812940000, 1108343
813203658, 814336915, 1133257
814460115, 815586400, 1126285
815705029, 816803200, 1098171
816922514, 818153943, 1231429
818278857, 819417372, 1138515
819540572, 820646057, 1105485
820763543, 821873600, 1110057
821994514, 823256343, 1261829
823379657, 824510400, 1130743
824634972, 825732000, 1097028
825849714, 826965143, 1115429
827229486, 828358743, 1129257
828482400, 829593600, 1111200
829712229, 830810057, 1097828
830927314, 832164915, 1237601
832289600, 833412686, 1123086
833536114, 834640914, 1104800
834759771, 835866514, 1106743
835985829, 837245258, 1259429
837369257, 838503772, 1134515
838627543, 839727772, 1100229
839848343, 840964571, 1116228
841228115, 842365257, 1137142
842488572, 843599657, 1111085
843719086, 844841714, 1122628
844961257, 846222058, 1260801
846345257, 847479543, 1134286
847603543, 848683657, 1080114
848802971, 849899657, 1096686
850172343, 851295429, 1123086
851419086, 852535314, 1116228
852656343, 853749600, 1093257
853868800, 854981029, 1112229
855245372, 856380115, 1134743
856504686, 857610286, 1105600
857728114, 858837257, 1109143
858957829, 860222286, 1264457
860346400, 861488572, 1142172
861613600, 862735086, 1121486
862852686, 863961029, 1108343
864230172, 865373943, 1143771
865497372, 866609372, 1112000
866728229, 867839314, 1111085
867957714, 869201372, 1243658
869324229, 870441600, 1117371
870564800, 871667657, 1102857
871787314, 872889943, 1102629
873008914, 874248915, 1240001
874372115, 875495200, 1123085
875618857, 876701600, 1082743
876820800, 877926857, 1106057
878198743, 879340343, 1141600
879464457, 880568457, 1104000
880685714, 881798057, 1112343
881919086, 883157943, 1238857
883282972, 884417829, 1134857
884541943, 885646629, 1104686
885763886, 886871543, 1107657
886992571, 888232000, 1239429
888355315, 889474857, 1119542
889598172, 890714857, 1116685
890833029, 891938514, 1105485
892209943, 893351086, 1141143
893474172, 894596914, 1122742
894716229, 895808000, 1091771
895925257, 897162858, 1237601
897287200, 898415315, 1128115
898538286, 899672686, 1134400
899793257, 900900686, 1107429
901179543, 902288800, 1109257
902411200, 903526400, 1115200
903647429, 904741943, 1094514
904861143, 905979086, 1117943
906245715, 907385029, 1139314
907508915, 908618057, 1109142
908736572, 909846057, 1109485
909966629, 911226743, 1260114
911350172, 912487886, 1137714
912612114, 913703314, 1091200
913821600, 914937257, 1115657
915201600, 916341372, 1139772
916465257, 917592686, 1127429
917712343, 918810514, 1098171
918928229, 920030057, 1101828
920289715, 921419543, 1129828
921548457, 922671429, 1122972
922792571, 923906743, 1114172
924180115, 925321029, 1140914
925445943, 926560914, 1114971
926681257, 927780343, 1099086
927899086, 929324000, 1424914
929450857, 930561029, 1110172
930680000, 931782400, 1102400
931903771, 933167200, 1263429
933292229, 934433029, 1140800
934558629, 935655200, 1096571
935774743, 936883771, 1109028
937151086, 938255657, 1104571
938380229, 939518743, 1138514
939643657, 940744229, 1100572
940863771, 941980000, 1116229
942799200, 944187086, 1387886
944312686, 945445143, 1132457
945569143, 946665600, 1096457
946784571, 947893371, 1108800
948014171, 949270629, 1256458
949394172, 950529829, 1135657
950653029, 951744800, 1091771
951862857, 952985257, 1122400
953248458, 954381600, 1133142
954504914, 955610629, 1105715
955729714, 956829600, 1099886
956946743, 958440915, 1494172
958568800, 959727886, 1159086
959845600, 960940114, 1094514
961211315, 962339200, 1127885
962462172, 963575657, 1113485
963695086, 964799429, 1104343
964917486, 966168915, 1251429
966293943, 967427886, 1133943
967551200, 968663314, 1112114
968783657, 969890286, 1106629
970009829, 971256343, 1246514
971379543, 972493257, 1113714
972616800, 973726057, 1109257
973847657, 974955086, 1107429
975217486, 976354172, 1136686
976477486, 977593714, 1116228
977712000, 978821143, 1109143
978940114, 980166972, 1226858
980290972, 981421600, 1130628
981545943, 982681714, 1135771
982802057, 983910857, 1108800
984183658, 985300915, 1117257
985423886, 986546057, 1122171
986664114, 987769372, 1105258
987890629, 988997486, 1106857
989257943, 990387429, 1129486
990511429, 991628914, 1117485
991746743, 992846057, 1099314
992965029, 994215543, 1250514
994338972, 995469829, 1130857
995593029, 996692572, 1099543
996809943, 997904686, 1094743
998180000, 999300343, 1120343
999428343, 545714, -998882629
670972, 1766857, 1095885
1884571, 2998971, 1114400
3255886, 4747314, 1491428
4882171, 6188572, 1306401
6312343, 7442172, 1129829
7564000, 8652114, 1088114
8768229, 9879657, 1111428
10144800, 11250286, 1105486
11372800, 12493029, 1120229
12615314, 13745257, 1129943
13864229, 14969829, 1105600
15234172, 16369029, 1134857
16492115, 17605257, 1113142
17723086, 18818514, 1095428
18935086, 20169258, 1234172
20292686, 21435086, 1142400
21557029, 22663772, 1106743
22784229, 23888343, 1104114
24006971, 25264229, 1257258
25388115, 26503543, 1115428
26626629, 27724343, 1097714
27842857, 28947200, 1104343
29207772, 30342400, 1134628
30465372, 31575772, 1110400
31693029, 32790286, 1097257
32908457, 34151658, 1243201
34276000, 35422972, 1146972
35545257, 36646400, 1101143
36763429, 37871086, 1107657
37992000, 39240915, 1248915
39363315, 40475543, 1112228
40597829, 41696800, 1098971
41813943, 42917943, 1104000
43189943, 44316800, 1126857
44439657, 45550743, 1111086
45668686, 46768914, 1100228
46888000, 48730286, 1842286
48864914, 50285829, 1420915
50412800, 51623886, 1211086
51744114, 52875543, 1131429
52994971, 54276000, 1281029
54398972, 55540457, 1141485
55663657, 56808571, 1144914
56930629, 58225486, 1294857
58348915, 59507657, 1158742
59630743, 60757029, 1126286
60875771, 62174058, 1298287
62297600, 63445029, 1147429
63569829, 64708229, 1138400
64829829, 65966400, 1136571
66228686, 67386857, 1158171
67511543, 68645029, 1133486
68762743, 69894743, 1132000
70016114, 71323886, 1307772
71447886, 72578743, 1130857
72698514, 73832686, 1134172
73951200, 75237486, 1286286
75360800, 76529372, 1168572
76653829, 77779886, 1126057
77899543, 79191315, 1291772
79314286, 80467315, 1153029
80589943, 81706629, 1116686
81824686, 82955200, 1130514
83217143, 84382400, 1165257
84506743, 85648343, 1141600
85767657, 86898743, 1131086
87018857, 88293715, 1274858
88418172, 89560914, 1142742
89680114, 90795771, 1115657
90915543, 92192115, 1276572
92315886, 93470057, 1154171
93592572, 94712000, 1119428
94830057, 95743086, 913029
95862857, 97327429, 1464572
97451772, 98611772, 1160000
98732000, 99845371, 1113371
99964229, 101254515, 1290286
101377943, 102525600, 1147657
102649257, 103789829, 1140572
103912571, 105200800, 1288229
105324686, 106473486, 1148800
106598286, 107735886, 1137600
107856686, 109009486, 1152800
109277029, 110438172, 1161143
110565943, 111706172, 1140229
111828686, 112961029, 1132343
113227200, 114390743, 1163543
114517714, 115648914, 1131200
115768800, 116901714, 1132914
117169258, 118316800, 1147542
118442857, 119577372, 1134515
119698743, 120846743, 1148000
120968457, 122253943, 1285486
122379086, 123546057, 1166971
123669486, 124794171, 1124685
124915086, 126218400, 1303314
126343543, 127496686, 1153143
128339429, 129560000, 1220571
129681143, 130800914, 1119771
130921029, 132179315, 1258286
132304572, 133464229, 1159657
133588914, 134724800, 1135886
134846629, 135987314, 1140685
136247086, 137421715, 1174629
137548000, 138671657, 1123657
138791200, 139909257, 1118057
140185372, 141333143, 1147771
141458057, 142592457, 1134400
142712343, 143847543, 1135200
143969600, 145252458, 1282858
145376572, 146521143, 1144571
146645372, 147761943, 1116571
147880686, 149161715, 1281029
149286400, 150437943, 1151543
150562514, 151694286, 1131772
151815086, 152933257, 1118171
153207658, 154381715, 1174057
154507772, 155682857, 1175085
155802286, 156933486, 1131200
157211886, 158385486, 1173600
158510743, 159651772, 1141029
159771200, 160904800, 1133600
161025371, 162327086, 1301715
162451886, 163583886, 1132000
163704114, 164833143, 1129029
164954629, 166236000, 1281371
166359429, 167516343, 1156914
167641372, 168778286, 1136914
168899771, 170169486, 1269715
170294857, 171466286, 1171429
171589829, 172707886, 1118057
172828800, 173981371, 1152571
174251315, 175416229, 1164914
175541943, 176692343, 1150400
176812800, 177926171, 1113371
178201486, 179368115, 1166629
179492915, 180636686, 1143771
180756800, 181886629, 1129829
182007314, 183279772, 1272458
183403772, 184549829, 1146057
184669143, 185783314, 1114171
185903429, 187187543, 1284114
187311886, 188466057, 1154171
188590743, 189708457, 1117714
189827886, 190977143, 1149257
191246629, 192408800, 1162171
192533600, 193678743, 1145143
193800686, 194929029, 1128343
195204800, 196355772, 1150972
196481143, 197624114, 1142971
197743886, 198865143, 1121257
198987429, 200285943, 1298514
200410400, 201571314, 1160914
201690972, 202821143, 1130171
202940457, 204220115, 1279658
204344229, 205498286, 1154057
205621829, 206746171, 1124342
206865943, 208164115, 1298172
208288686, 209451086, 1162400
209576000, 210693943, 1117943
210813486, 211958057, 1144571
212222515, 213382400, 1159885
213508000, 214645600, 1137600
214765714, 215904686, 1138972
216170058, 217322057, 1151999
217446972, 218598629, 1151657
218719772, 219843886, 1124114
219963657, 221245600, 1281943
221369600, 222534057, 1164457
222659086, 223777486, 1118400
223896686, 225182858, 1286172
225306972, 226460229, 1153257
226586286, 227711886, 1125600
227833143, 228974057, 1140914
229237143, 230393372, 1156229
230518629, 231643200, 1124571
231761714, 232888571, 1126857
233010743, 234300343, 1289600
234425143, 235564229, 1139086
235684572, 236810171, 1125599
236929257, 238214858, 1285601
238338972, 239495657, 1156685
239620343, 240771429, 1151086
240893714, 242187086, 1293372
242311086, 243457600, 1146514
243581943, 244700800, 1118857
244820000, 245953257, 1133257
246216458, 247379886, 1163428
247505486, 248666172, 1160686
248786971, 249919657, 1132686
250194972, 251351086, 1156114
251476000, 252624457, 1148457
252743200, 253871657, 1128457
253992571, 255275886, 1283315
255400800, 256565257, 1164457
256687657, 257834629, 1146972
257956229, 259232000, 1275771
259355657, 260533143, 1177486
260657829, 261774629, 1116800
261894286, 263186743, 1292457
263310743, 264451657, 1140914
264576229, 265705714, 1129485
265826400, 266954857, 1128457
267217715, 268377600, 1159885
268503314, 269644343, 1141029
269764229, 270899543, 1135314
271166058, 272336686, 1170628
272461829, 273610400, 1148571
273730514, 274863771, 1133257
274985600, 276263543, 1277943
276388115, 277532457, 1144342
277657714, 278789943, 1132229
278910971, 280203429, 1292458
280327657, 281484915, 1157258
281609600, 282724457, 1114857
282844343, 283974400, 1130057
284232800, 285404572, 1171772
285529486, 286667657, 1138171
286785943, 287915086, 1129143
288192800, 289352686, 1159886
289478857, 290627772, 1148915
290748914, 291872000, 1123086
291995543, 293281143, 1285600
293407429, 294556914, 1149485
294682057, 295804686, 1122629
295924686, 297201372, 1276686
297326286, 298484457, 1158171
298610286, 299736572, 1126286
299858171, 301000457, 1142286
301265943, 302434286, 1168343
302560229, 303699772, 1139543
303821943, 304949486, 1127543
305216115, 306391772, 1175657
306517943, 307641372, 1123429
308502057, 309758743, 1256686
309881943, 311170172, 1288229
311294286, 312433715, 1139429
312558743, 313693372, 1134629
313814286, 314931657, 1117371
315205600, 316373943, 1168343
316498857, 317638743, 1139886
317758514, 318891086, 1132572
319160800, 320331657, 1170857
320458172, 321594286, 1136114
321714514, 322834629, 1120115
322953829, 324238858, 1285029
324362286, 325509029, 1146743
325632914, 326748229, 1115315
326868457, 328001371, 1132914
328264572, 329447200, 1182628
329572343, 330721486, 1149143
330840457, 331980000, 1139543
332245486, 333421600, 1176114
333546629, 334677372, 1130743
334796457, 335927886, 1131429
336201029, 337373143, 1172114
337498515, 338636457, 1137942
338756800, 339886743, 1129943
340008000, 341291315, 1283315
341415886, 342555429, 1139543
342680457, 343803886, 1123429
343924457, 345217486, 1293029
345341257, 346486515, 1145258
346611200, 347737257, 1126057
347855886, 348997600, 1141714
349256800, 350415429, 1158629
350540686, 351678629, 1137943
351798743, 352929486, 1130743
353203200, 354382400, 1179200
354508343, 355648572, 1140229
355768572, 356901257, 1132685
357173486, 358322743, 1149257
358448115, 359571200, 1123085
359690743, 360832000, 1141257
360953714, 362235658, 1281944
362360343, 363518515, 1158172
363644343, 364767657, 1123314
364887086, 366158743, 1271657
366284343, 367452229, 1167886
367577829, 368700572, 1122743
368820114, 369951429, 1131315
370216915, 371379543, 1162628
371505257, 372639657, 1134400
372757829, 373886514, 1128685
374153600, 375301029, 1147429
375425715, 376560572, 1134857
376682743, 377807657, 1124914
377926514, 379217943, 1291429
379341486, 380504572, 1163086
380629714, 381741943, 1112229
381862171, 383000571, 1138400
383261715, 384418629, 1156914
384543657, 385706057, 1162400
385825143, 386940457, 1115314
387208115, 388379086, 1170971
388504686, 389639200, 1134514
389758057, 390895543, 1137486
391164458, 392314629, 1150171
392439200, 393576229, 1137029
393696343, 394837714, 1141371
394960114, 396236115, 1276001
396359886, 397526172, 1166286
397650743, 398799886, 1149143
398920800, 400221258, 1300458
400344229, 401494172, 1149943
401618743, 402762743, 1144000
402884800, 404026057, 1141257
404285600, 405441715, 1156115
405566514, 406719886, 1153372
406838857, 407970857, 1132000
408234972, 409406743, 1171771
409531657, 410668343, 1136686
410788000, 411918743, 1130743
412189715, 413350743, 1161028
413475429, 414612229, 1136800
414730857, 415863429, 1132572
415985600, 417260115, 1274515
417384572, 418550514, 1165942
418674629, 419790286, 1115657
419909257, 421169143, 1259886
421295772, 422447657, 1151885
422571314, 423698286, 1126972
423819200, 424932229, 1113029
425206972, 426371086, 1164114
426496686, 427633143, 1136457
427752343, 428884457, 1132114
429152115, 430306743, 1154628
430431886, 431578514, 1146628
431698514, 432826743, 1128229
432945600, 434230743, 1285143
434354515, 435505943, 1151428
435629486, 436739200, 1109714
436859314, 437997143, 1137829
438257372, 439411772, 1154400
439536914, 440656343, 1119429
440775086, 441909714, 1134628
442199658, 443360000, 1160342
443485600, 444622286, 1136686
444741486, 445880914, 1139428
446145600, 447304457, 1158857
447429829, 448584572, 1154743
448705486, 449831086, 1125600
449950514, 451234172, 1283658
451357715, 452509943, 1152228
452633600, 453750629, 1117029
453870400, 455006057, 1135657
455266972, 456428000, 1161028
456553029, 457453372, 900343
457578286, 458924114, 1345828
459201486, 460379200, 1177714
460506172, 461644457, 1138285
461762857, 462895086, 1132229
463017371, 464300457, 1283086
464425143, 465565829, 1140686
465685714, 466820914, 1135200
466942629, 468234400, 1291771
468358972, 469516229, 1157257
469642514, 470791086, 1148572
470915429, 472211886, 1296457
472338172, 473494286, 1156114
473620343, 474740914, 1120571
474861029, 475986286, 1125257
476245943, 477425715, 1179772
477552800, 478703543, 1150743
478824800, 479965257, 1140457
480231200, 481410629, 1179429
481536914, 482674743, 1137829
482795657, 483924800, 1129143
484204800, 485368115, 1163315
485494172, 486626286, 1132114
486746857, 487876000, 1129143
488677829, 489927657, 1249828
490197143, 491350743, 1153600
491475772, 492620229, 1144457
492739314, 493866629, 1127315
493987657, 495268800, 1281143
495393029, 496535657, 1142628
496659886, 497778286, 1118400
497898514, 499189486, 1290972
499314400, 500472457, 1158057
500597257, 501728343, 1131086
501849943, 502972571, 1122628
503236343, 504398400, 1162057
504523086, 505661714, 1138628
505782057, 506918400, 1136343
507190400, 508345486, 1155086
508470400, 509612000, 1141600
509732457, 510870743, 1138286
510993371, 512293486, 1300115
512419315, 513591200, 1171885
513713029, 514835657, 1122628
514954514, 516228800, 1274286
516352343, 517519543, 1167200
517644457, 518789143, 1144686
518911886, 520205258, 1293372
520329600, 521477257, 1147657
521600800, 522718286, 1117486
522837029, 523985029, 1148000
524249143, 525415886, 1166743
525541714, 526673829, 1132115
526794171, 527923771, 1129600
528195772, 529357600, 1161828
529482400, 530616000, 1133600
530734514, 531872343, 1137829
531994629, 533288572, 1293943
533413486, 534556800, 1143314
534676914, 535800229, 1123315
535919086, 537208343, 1289257
537331772, 538489486, 1157714
538613829, 539732343, 1118514
539852914, 541137258, 1284344
541262400, 542438057, 1175657
542561829, 543691429, 1129600
543810514, 544924914, 1114400
545198058, 546373943, 1175885
546499429, 547644572, 1145143
547765029, 548897600, 1132571
549019428, 550305029, 1285601
550429372, 551586172, 1156800
551706057, 552831314, 1125257
552951771, 554243200, 1291429
554367315, 555533829, 1166514
555658400, 556781714, 1123314
556900457, 558180115, 1279658
558305257, 559471315, 1166058
559596572, 560719886, 1123314
560839771, 561972229, 1132458
562237600, 563396686, 1159086
563522629, 564640457, 1117828
564758629, 565891543, 1132914
566013943, 567318172, 1304229
567443429, 568588457, 1145028
568709029, 569840000, 1130971
569958514, 571231772, 1273258
571355315, 572504229, 1148914
572629029, 573780457, 1151428
573902743, 575207543, 1304800
575331886, 576492229, 1160343
576616914, 577734629, 1117715
577853257, 578985371, 1132114
579247772, 580423315, 1175543
580548457, 581674400, 1125943
581795657, 582928457, 1132800
583202172, 584356229, 1154057
584481143, 585617257, 1136114
585736114, 586861143, 1125029
586982629, 588268457, 1285828
588393257, 589538857, 1145600
589662743, 590775086, 1112343
590894629, 592171543, 1276914
592296343, 593473829, 1177486
593599200, 594717600, 1118400
594838400, 595973943, 1135543
596234172, 597407429, 1173257
597532572, 598661829, 1129257
598780800, 599906857, 1126057
600170515, 601326629, 1156114
601451657, 602582857, 1131200
