
Start_ns, stop_ns,  spent_ns
436812856, 437576133, 763277
438518946, 439250912, 731966
439838314, 440536112, 697798
441271395, 441832171, 560776
442591226, 443274627, 683401
443885574, 444658002, 772428
445422431, 445971553, 549122
446727297, 447414016, 686719
448366326, 448921278, 554952
449208924, 449778837, 569913
450547251, 451234410, 687159
451847746, 452547249, 699503
453302409, 453874607, 572198
454646226, 455337964, 691738
455944336, 456648419, 704083
457392274, 457949166, 556892
458720681, 459410256, 689575
460167602, 460741983, 574381
461511444, 462201137, 689693
462809577, 463520643, 711066
464264737, 464833408, 568671
465598533, 466278975, 680442
466885133, 467605917, 720784
468364188, 468923376, 559188
469695134, 470372722, 677588
470973855, 471688923, 715068
472445247, 473002717, 557470
473776411, 474473995, 697584
475227235, 475797280, 570045
476561724, 477256570, 694846
477869246, 478560209, 690963
479305456, 479872192, 566736
480649442, 481357434, 707992
481978225, 482685530, 707305
483436493, 483987229, 550736
484745165, 485426187, 681022
486177038, 486752806, 575768
487516459, 488205599, 689140
488823313, 489527770, 704457
490265371, 490831771, 566400
491596572, 492271543, 674971
492878171, 493594743, 716572
494347086, 494906971, 559885
495668914, 496370629, 701715
496982857, 497693829, 710972
498449943, 498998514, 548571
499763657, 500444800, 681143
501193486, 501758514, 565028
502533600, 503228572, 694972
503838629, 504519886, 681257
505267315, 505841714, 574399
506620114, 507300915, 680801
507907314, 508608800, 701486
509355315, 509918400, 563085
510692572, 511371772, 679200
511973257, 512683314, 710057
513430172, 513980571, 550399
514748686, 515451543, 702857
516210172, 516794171, 583999
517555086, 518250400, 695314
518871543, 519578743, 707200
520331772, 520895657, 563885
521668457, 522348343, 679886
522953371, 523654629, 701258
524404915, 524956114, 551199
525714172, 526406743, 692571
527009257, 527726172, 716915
528493486, 529180229, 686743
529801829, 530490400, 688571
531235886, 531801943, 566057
532573257, 533250058, 676801
533858400, 534560572, 702172
535308343, 535888457, 580114
536656914, 537353257, 696343
537959086, 538666857, 707771
539413486, 539971200, 557714
540736000, 541429943, 693943
542177258, 542748457, 571199
543519657, 544205486, 685829
544824229, 545509143, 684914
546402515, 547001257, 598742
547768572, 548456572, 688000
549216800, 549784686, 567886
550554857, 551249486, 694629
551861257, 552557829, 696572
553314172, 553891314, 577142
554672800, 555359543, 686743
555973486, 556683200, 709714
557440686, 557987543, 546857
558753829, 559453715, 699886
560212115, 560797486, 585371
561564457, 561897600, 333143
562868114, 563589829, 721715
564339657, 564905257, 565600
565673372, 566356457, 683085
566966171, 567685372, 719201
568435772, 568986857, 551085
569746743, 570430286, 683543
571187658, 571759772, 572114
572523086, 573216115, 693029
573829486, 574522514, 693028
575268000, 575835886, 567886
576595429, 577281143, 685714
577892114, 578606172, 714058
579358972, 579916229, 557257
580690972, 581374743, 683771
581978629, 582681372, 702743
583429372, 583981143, 551771
584735657, 585433372, 697715
586189829, 586755429, 565600
587523315, 588245943, 722628
588868000, 589578400, 710400
590329829, 590896800, 566971
591674286, 592357029, 682743
592966629, 593678286, 711657
594424915, 594975886, 550971
595732914, 596414857, 681943
597166172, 597726286, 560114
598482629, 599026400, 543771
599787429, 600476343, 688914
601251886, 601829029, 577143
602604000, 603276000, 672000
603882743, 604592914, 710171
605341143, 605901257, 560114
606673714, 607361143, 687429
607967771, 608684229, 716458
609441829, 609995657, 553828
610765486, 611459429, 693943
612217143, 612788229, 571086
613545943, 614239658, 693715
614848914, 615563086, 714172
616316115, 616881257, 565142
617653714, 618348115, 694401
618953257, 619671886, 718629
620427315, 620982286, 554971
621748114, 622447657, 699543
623207886, 623783543, 575657
624547086, 625241486, 694400
625854514, 626560114, 705600
627312115, 627876000, 563885
628638972, 629323657, 684685
630671543, 631483315, 811772
632244800, 632820229, 575429
633587429, 634276115, 688686
634882057, 635596914, 714857
636352915, 636920457, 567542
637692000, 638374972, 682972
638979314, 639691086, 711772
640446286, 640993486, 547200
641764572, 642459772, 695200
643208229, 643776114, 567885
644538857, 645224000, 685143
645833486, 646511314, 677828
647265486, 647831314, 565828
648590400, 649274172, 683772
649883771, 650598400, 714629
651349715, 651908000, 558285
652680343, 653358629, 678286
653965829, 654679086, 713257
655427429, 655977371, 549942
656736572, 657443200, 706628
658200915, 658774171, 573256
659530514, 660221258, 690744
660829257, 661525714, 696457
662268686, 662836114, 567428
663604229, 664276343, 672114
664881486, 665597372, 715886
666352343, 666911886, 559543
667680114, 668366857, 686743
668972457, 669685143, 712686
670449257, 670993714, 544457
671794743, 672488686, 693943
673235200, 673803200, 568000
674581600, 675281943, 700343
675904914, 676612000, 707086
677367429, 677927200, 559771
678686514, 679369257, 682743
679972800, 680688572, 715772
681441943, 681988571, 546628
682750286, 683445029, 694743
684208343, 684779657, 571314
685539314, 686234515, 695201
686846629, 687541714, 695085
688278515, 688841029, 562514
689601600, 690283657, 682057
690895200, 691610972, 715772
692365715, 692932000, 566285
693701257, 694380229, 678972
694984343, 695689372, 705029
696446172, 696991657, 545485
697750286, 698436915, 686629
699191200, 699754057, 562857
700509372, 701197258, 687886
701804000, 702482172, 678172
703238858, 703804686, 565828
704569257, 705255772, 686515
705867771, 706568686, 700915
707312229, 707876571, 564342
708639657, 709330743, 691086
709938286, 710649714, 711428
711396572, 711949143, 552571
712721486, 713405715, 684229
714153600, 714724457, 570857
715488457, 716188115, 699658
716800343, 717494400, 694057
718241372, 718803771, 562399
719570400, 720255543, 685143
720867771, 721567886, 700115
722316572, 722880000, 563428
723653714, 724360686, 706972
724979657, 725692914, 713257
726450286, 726997371, 547085
727757029, 728463429, 706400
729220343, 729792114, 571771
730562629, 731256115, 693486
731869029, 732564800, 695771
733301943, 733868229, 566286
734641029, 735335315, 694286
735945257, 736649714, 704457
737397600, 737954514, 556914
738716457, 739400915, 684458
740168915, 740735086, 566171
741503200, 742195429, 692229
742807200, 743499543, 692343
744253943, 744820800, 566857
745588457, 746265143, 676686
746872914, 747579657, 706743
748330286, 748889600, 559314
749659200, 750343429, 684229
750948800, 751653600, 704800
752399086, 752950629, 551543
753714057, 754399772, 685715
755146629, 755720000, 573371
756486743, 757184000, 697257
757797943, 758492686, 694743
759241486, 759812343, 570857
760576114, 761272229, 696115
761894743, 762597714, 702971
763347657, 763915771, 568114
764688914, 765368800, 679886
765973600, 766690400, 716800
767441943, 767987886, 545943
768745143, 769439429, 694286
770206629, 770784800, 578171
771544114, 772257829, 713715
772884800, 773597143, 712343
774348800, 774905143, 556343
775671772, 776356457, 684685
776963543, 777666972, 703429
778465715, 779019086, 553371
779782400, 780483429, 701029
781246858, 781817714, 570856
782589943, 783271543, 681600
783883200, 784595543, 712343
785349486, 785918514, 569028
786691772, 787375315, 683543
787979086, 788691543, 712457
789440343, 789987543, 547200
790742057, 791448457, 706400
792207200, 792776571, 569371
793530629, 794220800, 690171
794833143, 795523543, 690400
796270400, 796848000, 577600
797632343, 798328000, 695657
798938629, 799648686, 710057
800404343, 800961143, 556800
801719429, 802401372, 681943
803153486, 803718972, 565486
804485143, 805182286, 697143
805804457, 806478972, 674515
807241029, 807813486, 572457
808597372, 809293943, 696571
809915200, 810625714, 710514
811381486, 811937371, 555885
812709486, 813407543, 698057
814016571, 814726514, 709943
815485029, 816192800, 707771
816809829, 817503657, 693828
818260686, 818835314, 574628
819608572, 820288915, 680343
820898971, 821609029, 710058
822364572, 822932229, 567657
824410857, 825206858, 796001
825829714, 826510972, 681258
827261829, 827835886, 574057
828606400, 829308457, 702057
829928571, 830623543, 694972
831369372, 831932571, 563199
832698172, 833391429, 693257
833996229, 834707200, 710971
835457257, 835994857, 537600
836760571, 837442972, 682401
838194972, 838768571, 573599
839543657, 840238172, 694515
840846286, 841548686, 702400
842300229, 842863886, 563657
843625943, 844324229, 698286
844945371, 845647772, 702401
846397486, 846954629, 557143
847719657, 848401029, 681372
849142286, 849700800, 558514
850460686, 851000114, 539428
851762400, 852458172, 695772
853211315, 853780572, 569257
854532800, 855206515, 673715
855820571, 856496457, 675886
857245258, 857810743, 565485
858578743, 859259658, 680915
859883200, 860590514, 707314
861341029, 861907886, 566857
862683086, 863381143, 698057
863993486, 864701829, 708343
865459315, 865998400, 539085
866768457, 867455086, 686629
868344572, 868943314, 598742
869727429, 870410172, 682743
871151429, 871708343, 556914
872470172, 873163886, 693714
873790743, 874484000, 693257
875229943, 875807314, 577371
876572000, 877270400, 698400
877888457, 878594286, 705829
879343086, 879906629, 563543
880683086, 881361715, 678629
881966171, 882669943, 703772
883420115, 883970857, 550742
884726972, 885418172, 691200
886162286, 886734857, 572571
887505486, 888196572, 691086
888809943, 889485257, 675314
890232458, 890808000, 575542
891578743, 892280457, 701714
892902857, 893609600, 706743
894362629, 894921829, 559200
895691429, 896376115, 684686
896983657, 897695543, 711886
898711200, 899430515, 719315
900177143, 900737829, 560686
901491657, 902179086, 687429
902792114, 903479772, 687658
904234400, 904806857, 572457
905576114, 906262172, 686058
906881486, 907594857, 713371
908350172, 908916914, 566742
909691886, 910386057, 694171
911003886, 911709486, 705600
912471543, 913011200, 539657
913774857, 914468915, 694058
915228572, 915791771, 563199
916558514, 917245143, 686629
917853371, 918553257, 699886
919292572, 919864571, 571999
920637486, 921332800, 695314
921939200, 922647772, 708572
923395429, 923937486, 542057
924703200, 925379429, 676229
925985829, 926691657, 705828
927442629, 927992114, 549485
928750400, 929456343, 705943
930212343, 930780686, 568343
931539543, 932233486, 693943
932848000, 933537714, 689714
934275543, 934849943, 574400
935628572, 936309372, 680800
936920686, 937626400, 705714
938387315, 938944229, 556914
939710057, 940393600, 683543
941000457, 941709829, 709372
942469257, 943012114, 542857
943775429, 944468343, 692914
945228572, 945803543, 574971
946582286, 947257829, 675543
947866629, 948576572, 709943
949329486, 949894629, 565143
950664114, 951373600, 709486
951984800, 952695429, 710629
953445829, 953984571, 538742
954749829, 955437600, 687771
956198972, 956765257, 566285
957527657, 958219315, 691658
958827657, 959526857, 699200
960276229, 960844343, 568114
961608572, 962314743, 706171
962934629, 963641029, 706400
964390972, 964945143, 554171
965710629, 966392000, 681371
967001257, 967696114, 694857
968464229, 969008457, 544228
969763772, 970456000, 692228
971210286, 971780000, 569714
972548114, 973227886, 679772
973843771, 974547086, 703315
975290172, 975857143, 566971
976628800, 977321372, 692572
977931543, 978629600, 698057
979378972, 979945943, 566971
980722629, 981413715, 691086
982019543, 982728229, 708686
983484572, 984170972, 686400
984782514, 985472229, 689715
986225829, 986804114, 578285
987579314, 988263086, 683772
988881600, 989589829, 708229
990345486, 990904914, 559428
991683086, 992385600, 702514
993005257, 993716114, 710857
994482172, 995183543, 701371
995811200, 996501829, 690629
997251886, 997825714, 573828
998612457, 999288457, 676000
999894057, 615086, -999278971
1377143, 1945600, 568457
2717943, 3416800, 698857
4021600, 4729257, 707657
5491543, 6191315, 699772
6803886, 7505257, 701371
8247200, 8831543, 584343
9607886, 10303429, 695543
10916229, 11623200, 706971
12377257, 12946971, 569714
13715886, 14414972, 699086
15163886, 15731086, 567200
16493600, 17190858, 697258
17801600, 18497943, 696343
19246400, 19810400, 564000
21205600, 21844571, 638971
22630172, 23346743, 716571
23956000, 24665714, 709714
25412457, 25963657, 551200
26728229, 27414515, 686286
28158629, 28522743, 364114
29506857, 30202400, 695543
30813029, 31503543, 690514
32250743, 32816457, 565714
33586172, 34260115, 673943
34871314, 35569829, 698515
36311429, 36877714, 566285
37651086, 38336686, 685600
38948114, 39662400, 714286
40412915, 40971314, 558399
41733372, 42414857, 681485
43019543, 43725829, 706286
44494629, 45188343, 693714
45797829, 46500914, 703085
47239543, 47798057, 558514
49286629, 49889371, 602742
50668457, 51362172, 693715
51965600, 52675772, 710172
53420115, 53976114, 555999
54734057, 55423429, 689372
56176229, 56749600, 573371
57510172, 58198400, 688228
58805371, 59502972, 697601
60244458, 60815886, 571428
61586400, 62256572, 670172
62865029, 63570400, 705371
64321943, 64883314, 561371
65653257, 66340915, 687658
66949029, 67662972, 713943
68416457, 68971657, 555200
69735657, 70426172, 690515
71028000, 71728914, 700914
72491543, 73168458, 676915
73789143, 74484686, 695543
75240115, 75812686, 572571
76576457, 77259086, 682629
77871200, 78566172, 694972
79297943, 79862171, 564228
80629372, 81305943, 676571
81915086, 82609600, 694514
83355086, 83919543, 564457
84687200, 85381943, 694743
85992343, 86699543, 707200
87454172, 88152915, 698743
88775543, 89461372, 685829
90224800, 90804229, 579429
91578286, 92258286, 680000
92869029, 93586172, 717143
94341372, 94900914, 559542
95669143, 96350972, 681829
96965600, 97677714, 712114
98425600, 98976914, 551314
99739314, 100425143, 685829
101168229, 101732343, 564114
102504229, 103188686, 684457
103800000, 104476115, 676115
105233829, 105807886, 574057
106573600, 107258400, 684800
107866400, 108568229, 701829
109317143, 109877714, 560571
110651314, 111345143, 693829
111955657, 112673829, 718172
113439772, 113986057, 546285
114744229, 115447886, 703657
116210743, 116786514, 575771
117546400, 118238515, 692115
118852800, 119553257, 700457
120299315, 120862400, 563085
121634400, 122314972, 680572
122921829, 123612914, 691085
124361257, 124919543, 558286
125690286, 126384686, 694400
127001600, 127712000, 710400
128473143, 129014400, 541257
129777029, 130468229, 691200
131217486, 131784914, 567428
132556572, 133233372, 676800
133846400, 134550743, 704343
135294629, 135862629, 568000
136621943, 137308800, 686857
137917486, 138612229, 694743
139359200, 139918286, 559086
140689372, 141365486, 676114
141966286, 142676800, 710514
143424229, 143974514, 550285
144729143, 145440686, 711543
146202058, 146771771, 569713
147531314, 148224572, 693258
148836800, 149527772, 690972
150272686, 150838057, 565371
151600800, 152284800, 684000
152894057, 153599086, 705029
154357486, 154915200, 557714
155681372, 156377372, 696000
156978057, 157677714, 699657
158421829, 158968343, 546514
159730400, 160417943, 687543
161166858, 161741029, 574171
162506514, 163202743, 696229
163810629, 164499200, 688571
165243886, 165810057, 566171
166579086, 167256800, 677714
167867314, 168583772, 716458
169337829, 169903086, 565257
170676000, 171360800, 684800
171969371, 172678857, 709486
173423886, 173972914, 549028
174733257, 175415543, 682286
176015657, 176720572, 704915
177482743, 178179315, 696572
178788457, 179485943, 697486
180234858, 180806857, 571999
181571200, 182252115, 680915
182864686, 183570400, 705714
184329600, 184890286, 560686
185668572, 186351886, 683314
186956229, 187658514, 702285
188406286, 188955886, 549600
189711429, 190408572, 697143
191158858, 191719429, 560571
192478057, 193175886, 697829
193796000, 194485829, 689829
195232115, 195809943, 577828
196587200, 197263429, 676229
197877486, 198590743, 713257
199342743, 199918971, 576228
200692914, 201393943, 701029
202141143, 202709257, 568114
203468115, 204160115, 692000
204776229, 205467772, 691543
206222286, 206805029, 582743
207575772, 208264000, 688228
208875543, 209578172, 702629
210337143, 210898857, 561714
211670172, 212355772, 685600
212965600, 213675429, 709829
214421372, 214976457, 555085
215740686, 216424800, 684114
217174515, 217743314, 568799
218507314, 219207658, 700344
220516114, 221322743, 806629
221947771, 222661486, 713715
223409829, 223962514, 552685
224724457, 225413029, 688572
226155429, 226713600, 558171
227475200, 228017943, 542743
228784686, 229478515, 693829
230234972, 230807314, 572342
231575543, 232256800, 681257
232868114, 233576229, 708115
234328686, 234899543, 570857
235672457, 236350972, 678515
236957371, 237675543, 718172
238431315, 238981143, 549828
239740229, 240449372, 709143
241210515, 241783200, 572685
242552343, 243240229, 687886
243853143, 244562400, 709257
245311543, 245870286, 558743
246636343, 247313372, 677029
247920457, 248619886, 699429
249368000, 249924800, 556800
250689600, 251371429, 681829
251979771, 252684457, 704686
253455886, 253998971, 543085
254763657, 255449257, 685600
256203315, 256768800, 565485
257538172, 258216000, 677828
258828571, 259533600, 705029
260280229, 260865943, 585714
261639314, 262321715, 682401
262930171, 263650172, 720001
264398057, 264948571, 550514
265719543, 266403086, 683543
267149829, 267726629, 576800
268503772, 269200000, 696228
269816800, 270493600, 676800
271241829, 271814057, 572228
272582857, 273278057, 695200
273889486, 274591657, 702171
275342629, 275902057, 559428
276676572, 277357715, 681143
277961829, 278664000, 702171
279409486, 279970743, 561257
280745714, 281435772, 690058
282190743, 282761029, 570286
283513943, 284204800, 690857
284810286, 285488115, 677829
286236458, 286808343, 571885
287577029, 288260686, 683657
288869257, 289578743, 709486
290339657, 290902171, 562514
291674629, 292360686, 686057
292968229, 293680114, 711885
294425029, 294976914, 551885
295739886, 296418743, 678857
297165486, 297725257, 559771
298486286, 299180686, 694400
299789943, 300482172, 692229
301230972, 301810057, 579085
302579200, 303269486, 690286
303880686, 304576343, 695657
305325486, 305881943, 556457
306657486, 307674629, 1017143
308517943, 309225372, 707429
309841371, 310562972, 721601
311310972, 311872343, 561371
312646286, 313327886, 681600
313931771, 314634972, 703201
315383315, 315742057, 358742
316709714, 317408115, 698401
318161258, 318727086, 565828
319486972, 320027429, 540457
320790057, 321485486, 695429
322249943, 322817829, 567886
323587200, 324264686, 677486
324879657, 325587200, 707543
326338857, 326897943, 559086
327676686, 328363772, 687086
328973029, 329677600, 704571
330439200, 330986971, 547771
331758514, 332455772, 697258
333210172, 333777029, 566857
334535086, 335221486, 686400
335837600, 336554629, 717029
337307086, 337869943, 562857
338641257, 339320572, 679315
339926400, 340634286, 707886
341379315, 341945829, 566514
342704457, 343033371, 328914
343998857, 344704114, 705257
345465143, 346018743, 553600
346791543, 347482057, 690514
348229486, 348802629, 573143
349566743, 350235429, 668686
350850514, 351540343, 689829
352271772, 352848457, 576685
353626400, 354302400, 676000
354910971, 355608114, 697143
356354286, 356922743, 568457
357694972, 358391886, 696914
359000457, 359703429, 702972
360453600, 361002286, 548686
361760572, 362450972, 690400
363208115, 363776343, 568228
364537257, 364875086, 337829
365863200, 366578286, 715086
367332915, 367891771, 558856
368668114, 369370286, 702172
369987086, 370689714, 702628
371449486, 371994057, 544571
372757600, 373439200, 681600
374190972, 374763086, 572114
375528000, 376232000, 704000
376845829, 377521372, 675543
378267543, 378840114, 572571
379615657, 380306857, 691200
380923086, 381630514, 707428
382392343, 382948571, 556228
383704343, 384396572, 692229
385144229, 385709029, 564800
386464115, 387005828, 541713
387768114, 388457372, 689258
389217372, 389790629, 573257
390553829, 391243086, 689257
391854514, 392553829, 699315
393304115, 393867657, 563542
394636457, 395326743, 690286
395937829, 396645486, 707657
397396686, 397960457, 563771
398723772, 399419086, 695314
400161029, 400728686, 567657
401497943, 402196572, 698629
402816571, 403515315, 698744
404264115, 404835771, 571656
405596572, 406281143, 684571
406891314, 407601829, 710515
408354057, 408912686, 558629
409688457, 410370515, 682058
410978171, 411686172, 708001
412434857, 412989371, 554514
414447086, 415238515, 791429
415865714, 416564914, 699200
417323315, 417888686, 565371
418668000, 419377143, 709143
419986629, 420691314, 704685
421450743, 421991657, 540914
422755200, 423455543, 700343
424211772, 424778857, 567085
425535314, 426212115, 676801
426827314, 427528572, 701258
428274857, 428857143, 582286
429625372, 430305600, 680228
430911657, 431615200, 703543
432360000, 432916686, 556686
433679657, 434371086, 691429
434980457, 435688800, 708343
436447429, 436993600, 546171
437774057, 438462515, 688458
439217372, 439786057, 568685
440553943, 441223543, 669600
441836114, 442533257, 697143
443268800, 443852343, 583543
444630972, 445337029, 706057
445956229, 446660800, 704571
447408686, 447959429, 550743
448723429, 449404457, 681028
450152000, 450718514, 566514
451484800, 452195543, 710743
452819200, 453526972, 707772
454272686, 454840114, 567428
455598172, 456300000, 701828
456919086, 457623429, 704343
458380915, 458944571, 563656
459706857, 460409143, 702286
461165258, 461728343, 563085
462498857, 463193600, 694743
463809143, 464487772, 678629
465233486, 465809029, 575543
466580229, 467264343, 684114
467877257, 468577714, 700457
469326515, 469892800, 566285
470673257, 471357715, 684458
471963314, 472665486, 702172
473417257, 473964571, 547314
474735429, 475423772, 688343
476029600, 476738743, 709143
477500915, 478200229, 699314
478815771, 479508800, 693029
480251429, 480824914, 573485
481595772, 482272343, 676571
482886629, 483607772, 721143
484361829, 484919657, 557828
485690172, 486372686, 682514
486986400, 487697714, 711314
488456457, 488998857, 542400
489761143, 490441143, 680000
491195086, 491761257, 566171
492533143, 493211200, 678057
493822057, 494515657, 693600
495276115, 495844114, 567999
496602172, 497291200, 689028
497905029, 498604000, 698971
499350743, 499916914, 566171
500696114, 501401829, 705715
502152686, 502731886, 579200
503492343, 504202286, 709943
504815886, 505522057, 706171
506269829, 506835886, 566057
507594743, 508270400, 675657
508880914, 509596686, 715772
510348115, 510907086, 558971
511679429, 512358515, 679086
512963543, 513669829, 706286
514424457, 514973600, 549143
515729029, 516417715, 688686
517165943, 517738972, 573029
518501943, 519199200, 697257
519811657, 520487886, 676229
521235086, 521808000, 572914
522610514, 523300915, 690401
523912571, 524610857, 698286
525358515, 525918514, 559999
526684343, 527392000, 707657
528005943, 528712114, 706171
529484115, 530181943, 697828
530795657, 531482400, 686743
532235772, 532809029, 573257
533575543, 534270857, 695314
534889714, 535594514, 704800
536342743, 536902171, 559428
537670857, 538357372, 686515
538964571, 539675200, 710629
540419315, 540970857, 551542
541735086, 542415886, 680800
543163772, 543730972, 567200
544496686, 545196115, 699429
545814171, 546495086, 680915
547243658, 547816343, 572685
548581943, 549288229, 706286
549908914, 550616343, 707429
551369486, 551926629, 557143
552695200, 553376115, 680915
553978057, 554689257, 711200
555438400, 555986057, 547657
556746971, 557431886, 684915
558185372, 558752343, 566971
559517829, 560215886, 698057
560832000, 561538514, 706514
562285943, 562855314, 569371
563620343, 564301829, 681486
564907429, 565616114, 708685
566362972, 566926286, 563314
567687429, 568371543, 684114
568977143, 569687886, 710743
570448115, 570997943, 549828
571766857, 572448686, 681829
573198286, 573764686, 566400
574534629, 575217715, 683086
575823314, 576516229, 692915
577275086, 577841943, 566857
578603772, 579302629, 698857
579920571, 580633029, 712458
581390057, 581948343, 558286
582714057, 583403086, 689029
584150858, 584714857, 563999
585479886, 586181029, 701143
586798400, 587491429, 693029
588241372, 588813371, 571999
589578972, 590263315, 684343
590875429, 591598172, 722743
592352915, 592916229, 563314
593688914, 594372343, 683429
594978286, 595683200, 704914
596436000, 596984800, 548800
597744914, 598430172, 685258
599176572, 599760800, 584228
600519086, 601213943, 694857
601821257, 602513143, 691886
603260800, 603832800, 572000
604597029, 605281029, 684000
605888686, 606599314, 710628
607352457, 607913600, 561143
609400572, 610202743, 802171
610825486, 611521715, 696229
612270172, 612836800, 566628
613599314, 614300000, 700686
614919771, 615633143, 713372
616389715, 616948114, 558399
617706629, 618397372, 690743
619148572, 619708229, 559657
620466629, 621015886, 549257
621790057, 622477829, 687772
623233029, 623810171, 577142
624587314, 625289486, 702172
625909029, 626619886, 710857
627372229, 627936114, 563885
628700914, 629405372, 704458
630162743, 630736000, 573257
631502972, 632201143, 698171
632817714, 633494400, 676686
634241029, 634817829, 576800
635593143, 636267429, 674286
636874857, 637576914, 702057
638326515, 638890857, 564342
639655886, 640344229, 688343
640947086, 641659086, 712000
642409029, 642961600, 552571
643724914, 644409715, 684801
645153600, 645718400, 564800
646485943, 647190743, 704800
647807314, 648486743, 679429
649238400, 649808457, 570057
650573372, 651256229, 682857
651870057, 652565486, 695429
653309257, 653871314, 562057
654642172, 655315886, 673714
655920571, 656632457, 711886
657377715, 657944914, 567199
658706400, 659403086, 696686
660153029, 660715772, 562743
661469029, 662156572, 687543
662772457, 663457486, 685029
664207772, 664781257, 573485
665543429, 666229372, 685943
666841486, 667543657, 702171
668290172, 668869143, 578971
669639886, 670317143, 677257
670923086, 671616114, 693028
672368800, 672935771, 566971
673703200, 674395772, 692572
675001143, 675710172, 709029
676469029, 677012457, 543428
677776457, 678467315, 690858
679215772, 679783429, 567657
680544114, 681227543, 683429
681836343, 682541372, 705029
683279886, 683846400, 566514
684603657, 685290057, 686400
685894171, 686610057, 715886
687363200, 687921257, 558057
688692114, 689373943, 681829
689977371, 690677714, 700343
691423200, 691966286, 543086
692724800, 693409486, 684686
694160000, 694732343, 572343
695499886, 696195772, 695886
696813486, 697493372, 679886
698241372, 698807543, 566171
699572686, 700249715, 677029
700854286, 701344229, 489943
702325600, 702884229, 558629
703658972, 704339886, 680914
704944114, 705656914, 712800
706406515, 706956114, 549599
707712800, 708410286, 697486
709151886, 709711429, 559543
710467543, 711158400, 690857
711777943, 712465029, 687086
713224229, 713797029, 572800
714563429, 715248686, 685257
715857029, 716574972, 717943
717332115, 717895314, 563199
718666057, 719349829, 683772
719954286, 720666629, 712343
721420115, 721965486, 545371
722728229, 723421143, 692914
724159543, 724724000, 564457
725483086, 726172572, 689486
726790743, 727480229, 689486
728226858, 728791543, 564685
729560686, 730249829, 689143
730860686, 731565029, 704343
732316000, 732880800, 564800
733645829, 734318172, 672343
734924229, 735657029, 732800
736411543, 736961943, 550400
737726286, 738406400, 680114
739149943, 739716457, 566514
740475772, 741167086, 691314
741782514, 742478057, 695543
743231429, 743805029, 573600
744570514, 745248686, 678172
745859543, 746581257, 721714
747333715, 747895314, 561599
748671086, 749352915, 681829
749955429, 750660686, 705257
751411086, 751960457, 549371
752717486, 753406629, 689143
754156229, 754721486, 565257
755478400, 756427200, 948800
757252572, 757827086, 574514
758585829, 759266743, 680914
759876571, 760581257, 704686
761328686, 761890971, 562285
762663086, 763342629, 679543
763946857, 764654057, 707200
765404229, 765959314, 555085
766716343, 767406857, 690514
768010629, 768715772, 705143
769480000, 770191086, 711086
770804457, 771493372, 688915
772238629, 772812457, 573828
773588114, 774264457, 676343
774872114, 775576572, 704458
776324686, 776884571, 559885
777651543, 778324800, 673257
778930743, 779634629, 703886
780387657, 780944800, 557143
781709029, 782396229, 687200
783000571, 783707657, 707086
784454515, 785004457, 549942
785758514, 786457257, 698743
787219429, 787796800, 577371
788566286, 789264000, 697714
789883314, 790590286, 706972
791344000, 791904457, 560457
792680000, 793362515, 682515
793966857, 794682057, 715200
795428572, 795975200, 546628
796732686, 797432800, 700114
798192229, 798763200, 570971
799522743, 800218972, 696229
800827429, 801523086, 695657
802785486, 803587886, 802400
804350743, 804917029, 566286
805719886, 806414972, 695086
807165486, 807732343, 566857
808498400, 809197143, 698743
809807314, 810497829, 690515
811242515, 811807429, 564914
812569143, 813246400, 677257
813854286, 814564114, 709828
815318057, 815888229, 570172
816664229, 817344457, 680228
817949600, 818459086, 509486
819422972, 819976343, 553371
820736914, 821432229, 695315
822184800, 822751543, 566743
823507086, 824200458, 693372
824808914, 825486172, 677258
826232458, 826798743, 566285
827559886, 828252686, 692800
828864800, 829561600, 696800
830299315, 830860114, 560799
831617943, 832298743, 680800
832906400, 833613600, 707200
834365143, 834938629, 573486
835714514, 836416572, 702058
837166972, 837744572, 577600
838514629, 839207772, 693143
839818857, 840502743, 683886
841252000, 841835200, 583200
842602743, 843288115, 685372
843893143, 844604800, 711657
845357829, 845914857, 557028
846687314, 847360343, 673029
847962857, 848669600, 706743
849423543, 849966514, 542971
850722743, 851417372, 694629
852022971, 852728229, 705258
853478057, 854015314, 537257
854778400, 855465372, 686972
856226058, 856801029, 574971
857572572, 858263429, 690857
858876571, 859584572, 708001
860336572, 860900343, 563771
861673943, 862367543, 693600
862976686, 863682514, 705828
864430972, 864975771, 544799
865739543, 866414972, 675429
867012800, 867721714, 708914
868483086, 869178629, 695543
869788343, 870762400, 974057
871549943, 872236572, 686629
872850514, 873555429, 704915
874301257, 874867200, 565943
875632800, 876307886, 675086
876914057, 877617486, 703429
878366286, 878926514, 560228
879691200, 880372229, 681029
880974971, 881694514, 719543
882450972, 882994628, 543656
883749714, 884450400, 700686
885208115, 885780914, 572799
886541029, 887219429, 678400
887834743, 888530857, 696114
889277257, 889841486, 564229
890608000, 891293372, 685372
891904800, 892606857, 702057
893356800, 893921829, 565029
894691657, 895402057, 710400
896010057, 896712457, 702400
897471315, 898020457, 549142
898786286, 899473829, 687543
900489943, 901254858, 764915
901868114, 902581943, 713829
903336115, 903894171, 558056
904668457, 905349372, 680915
905952229, 906659543, 707314
907412343, 907962857, 550514
908721486, 909421943, 700457
910166972, 910731086, 564114
911495315, 912186400, 691085
912802857, 913494286, 691429
914241943, 914816457, 574514
915591429, 916275200, 683771
916887429, 917601257, 713828
918356800, 918934514, 577714
919701600, 920392229, 690629
920998971, 921706857, 707886
922456915, 923000457, 543542
923758172, 924454515, 696343
925207315, 925780229, 572914
926540114, 927213486, 673372
927822857, 928529372, 706515
929265486, 929830171, 564685
930591543, 931277486, 685943
931883886, 932599772, 715886
933351429, 933905943, 554514
934675314, 935349715, 674401
935956000, 936660343, 704343
937408915, 937960800, 551885
938717372, 939401486, 684114
940005829, 940706514, 700685
941470172, 942008800, 538628
942774286, 943460686, 686400
944213829, 944781600, 567771
945548229, 946233372, 685143
946844000, 947546057, 702057
948290857, 948856229, 565372
949628229, 950304000, 675771
950912800, 951619772, 706972
952369143, 952929600, 560457
953694172, 954399200, 705028
955006971, 955709257, 702286
956464115, 957004457, 540342
957761029, 958455200, 694171
959215543, 959782629, 567086
960539200, 961226629, 687429
961836914, 962550172, 713258
963290057, 963851771, 561714
964620343, 965309600, 689257
965920800, 966619886, 699086
967367772, 967926971, 559199
968693372, 969386743, 693371
969991886, 970693714, 701828
971449372, 971994171, 544799
972760800, 973452457, 691657
974209829, 974784571, 574742
975553943, 976233029, 679086
976842286, 977541143, 698857
978281943, 978851086, 569143
979626629, 980302286, 675657
980909143, 981608229, 699086
982355772, 982917600, 561828
983688114, 984373829, 685715
984978857, 985700572, 721715
986462172, 987006400, 544228
987766857, 988462286, 695429
989224000, 989794629, 570629
990552800, 991253715, 700915
991866171, 992570286, 704115
993330286, 993893714, 563428
994669029, 995350972, 681943
996618857, 997425829, 806972
998183886, 998748229, 564343
999507657, 208343, -999299314
820686, 1498400, 677714
2242858, 2812229, 569371
3574057, 4245829, 671772
4852229, 5559429, 707200
6303315, 6876800, 573485
7659772, 8344800, 685028
8950057, 9659886, 709829
10404457, 10959771, 555314
11734629, 12417029, 682400
13154400, 13731543, 577143
14494515, 15177143, 682628
15789257, 16487200, 697943
17241943, 17806057, 564114
18567314, 19261258, 693944
19872457, 20559657, 687200
21301143, 21864114, 562971
22632000, 23323886, 691886
23937714, 24639429, 701715
25385372, 25945371, 559999
26701143, 27396115, 694972
28141258, 28702172, 560914
29458972, 30005143, 546171
30768457, 31456343, 687886
32210515, 32787429, 576914
33552229, 34246515, 694286
34857257, 35571086, 713829
36322972, 36890743, 567771
37660800, 38345029, 684229
38951314, 39657600, 706286
40401943, 40951314, 549371
41721372, 42403429, 682057
43005028, 43704343, 699315
44478743, 45187086, 708343
45800457, 46492229, 691772
47239658, 47814514, 574856
49329143, 49920343, 591200
50703200, 51388000, 684800
51990629, 52697943, 707314
53454515, 53996914, 542399
54755429, 55448686, 693257
56202286, 56773943, 571657
57533029, 58216458, 683429
58829143, 59530972, 701829
60269143, 60830971, 561828
61597029, 62269257, 672228
62879429, 63597143, 717714
64350515, 64908229, 557714
65673143, 66355772, 682629
66957600, 67671886, 714286
68427200, 68969029, 541829
69729829, 70409715, 679886
71157600, 71724343, 566743
72476800, 73170515, 693715
73778629, 74475315, 696686
75225829, 75792114, 566285
76552000, 77261486, 709486
77883886, 78591772, 707886
79343200, 79910400, 567200
80683657, 81366400, 682743
81967314, 82669943, 702629
83418057, 83975771, 557714
84745371, 85428229, 682858
86177486, 86749029, 571543
87522172, 88205486, 683314
88818743, 89508686, 689943
90253486, 90828457, 574971
91603314, 92275543, 672229
92886743, 93596457, 709714
94345143, 94909143, 564000
95673714, 96359657, 685943
96965714, 97676686, 710972
98421257, 98966743, 545486
99726286, 100422857, 696571
101184115, 101749486, 565371
102520686, 103200000, 679314
103815200, 104496686, 681486
105243086, 105816914, 573828
106583086, 107276115, 693029
107886971, 108601143, 714172
109353600, 109908800, 555200
110673372, 111358400, 685028
111961257, 112661372, 700115
113409829, 113950743, 540914
114709029, 115391429, 682400
115996800, 116694172, 697372
117449715, 117996800, 547085
118759429, 119445715, 686286
120200229, 120777371, 577142
121554172, 122245029, 690857
122856800, 123554743, 697943
124292800, 124862057, 569257
125628114, 126302857, 674743
126911657, 127618400, 706743
128362629, 128925257, 562628
129689486, 130370629, 681143
130972686, 131689829, 717143
132440115, 132988800, 548685
133757486, 134448229, 690743
135205829, 135780114, 574285
136543886, 137237372, 693486
137857371, 138558857, 701486
139313372, 139876571, 563199
140649372, 141326057, 676685
141932686, 142636114, 703428
143385943, 143946629, 560686
144702743, 145387429, 684686
145991886, 146695657, 703771
147452229, 147991657, 539428
148759314, 149443200, 683886
150197143, 150764343, 567200
151529257, 152209372, 680115
152817371, 153524686, 707315
154266286, 154830286, 564000
155592686, 156277600, 684914
156886514, 157608000, 721486
158360457, 158929029, 568572
159708229, 160394629, 686400
160999086, 161700914, 701828
162457600, 163153943, 696343
163776686, 164469486, 692800
165221600, 165801029, 579429
166571429, 167268572, 697143
167883657, 168592686, 709029
169344686, 169907429, 562743
170686743, 171375543, 688800
171978400, 172681143, 702743
173436000, 173985257, 549257
174747886, 175433372, 685486
176177943, 176738057, 560114
177495886, 178192000, 696114
178806171, 179508572, 702401
180254972, 180830857, 575885
181606400, 182285372, 678972
182890171, 183614400, 724229
184373829, 184936229, 562400
185703772, 186396000, 692228
187147543, 187718857, 571314
188477143, 189179658, 702515
189790971, 190485372, 694401
191234286, 191803429, 569143
192568457, 193250515, 682058
193859886, 194555772, 695886
195301143, 195873029, 571886
196636914, 197316457, 679543
198612572, 199414972, 802400
200167086, 200734172, 567086
201504686, 202194172, 689486
202805714, 203504915, 699201
204252915, 204824343, 571428
205581943, 206270743, 688800
206881029, 207578057, 697028
208324686, 208881943, 557257
209657829, 210339657, 681828
210945600, 211650743, 705143
212397829, 212945143, 547314
213700686, 214394057, 693371
214996343, 215701257, 704914
216453372, 216997828, 544456
217758172, 218438743, 680571
219184915, 219746972, 562057
220512457, 221206743, 694286
221822514, 222531429, 708915
223267543, 223833943, 566400
224594514, 225283772, 689258
225894743, 226602057, 707314
227356915, 227918057, 561142
228684114, 229376915, 692801
229978286, 230677486, 699200
231423543, 231969371, 545828
232722857, 233408000, 685143
234012457, 234722286, 709829
235478400, 236019086, 540686
236779771, 237470057, 690286
238222858, 238786629, 563771
239556572, 240240572, 684000
240849143, 241552457, 703314
242306515, 242869143, 562628
243635886, 244315772, 679886
244921829, 245621600, 699771
246363086, 246924800, 561714
247689372, 248374515, 685143
248977029, 249681372, 704343
250423772, 250977029, 553257
251734629, 252435772, 701143
253186743, 253751657, 564914
254519657, 255206515, 686858
255824000, 256533600, 709600
257275315, 257839771, 564456
258605600, 259280572, 674972
259886629, 260595772, 709143
261349143, 261924114, 574971
262693829, 263386172, 692343
263994514, 264696229, 701715
265451886, 265997943, 546057
266765600, 267443657, 678057
268193143, 268777029, 583886
269538400, 270219200, 680800
270829143, 271522857, 693714
272262857, 272833257, 570400
273605029, 274278400, 673371
274889143, 275602972, 713829
276355543, 276917714, 562171
277684572, 278367429, 682857
278969829, 279671886, 702057
280418629, 280969371, 550742
281728914, 282425715, 696801
283181600, 283747657, 566057
284508343, 285203772, 695429
285813486, 286529600, 716114
287273143, 287841143, 568000
288604343, 289285943, 681600
289892571, 290604457, 711886
291357486, 291923200, 565714
292680686, 293371200, 690514
293976800, 294681257, 704457
295430057, 295969143, 539086
296731543, 297415200, 683657
298153943, 298718057, 564114
299485143, 300185829, 700686
300789600, 301484457, 694857
302241258, 302816686, 575428
303580686, 304271886, 691200
304891314, 305594400, 703086
306348343, 306913829, 565486
307681257, 308710057, 1028800
309541600, 310248000, 706400
310862400, 311569372, 706972
312321029, 312877943, 556914
313652914, 314332686, 679772
314937714, 315644000, 706286
316394286, 316945371, 551085
317707086, 318396000, 688914
319001028, 319710172, 709144
320469943, 321163200, 693257
321781829, 322472686, 690857
323220000, 323783543, 563543
324552457, 325241143, 688686
325849143, 326550629, 701486
327287886, 327866057, 578171
328633600, 329310972, 677372
329918514, 330429143, 510629
331396686, 331940457, 543771
332700229, 333397600, 697371
334153486, 334733600, 580114
335503543, 336193372, 689829
336806057, 337499429, 693372
338244229, 338822400, 578171
339591657, 340276572, 684915
340888229, 341601257, 713028
342355315, 342918514, 563199
343681143, 344373257, 692114
344973943, 345684343, 710400
346440343, 346984914, 544571
347747657, 348440229, 692572
349191886, 349764457, 572571
350530057, 351212343, 682286
351824686, 352524457, 699771
353263086, 353825600, 562514
354585372, 355268800, 683428
355878629, 356589829, 711200
357342286, 357904800, 562514
358674972, 359381829, 706857
359987429, 360691657, 704228
361453372, 362162629, 709257
362783314, 363475657, 692343
364227772, 364797371, 569599
365563657, 366251886, 688229
366861943, 367564343, 702400
368311657, 368873943, 562286
369645600, 370318515, 672915
370923086, 371630286, 707200
372377372, 372944800, 567428
373702857, 374393486, 690629
374997371, 375707657, 710286
376464115, 377012686, 548571
377774857, 378469143, 694286
379217143, 379785143, 568000
380553943, 381244572, 690629
381854400, 382552229, 697829
383291429, 383861943, 570514
384634514, 385323772, 689258
385929943, 386643429, 713486
387390857, 387938514, 547657
388706972, 389394172, 687200
390141943, 390710857, 568914
391961829, 392756571, 794742
393528686, 394212686, 684000
394824114, 395532914, 708800
396272457, 396832800, 560343
397603657, 398279429, 675772
398886514, 399607886, 721372
400359772, 400918057, 558285
401685829, 402373829, 688000
402977486, 403687657, 710171
404435543, 404981029, 545486
405744343, 406434515, 690172
407186286, 407758857, 572571
408518514, 409215429, 696915
409823543, 410512914, 689371
411252229, 411819086, 566857
412577372, 413270972, 693600
413894629, 414596457, 701828
415361486, 415923314, 561828
416690743, 417391543, 700800
417999543, 418714514, 714971
419479772, 420182058, 702286
420796800, 421476115, 679315
422219772, 422796800, 577028
423554286, 424248457, 694171
424860800, 425555886, 695086
426288457, 426854400, 565943
427624114, 428296800, 672686
428902971, 429620000, 717029
430373600, 430937143, 563543
431698172, 432395315, 697143
432995657, 433712229, 716572
434465600, 435012114, 546514
435773829, 436460343, 686514
437214743, 437795657, 580914
438565257, 439251543, 686286
439860114, 440563543, 703429
441314400, 441878400, 564000
442645257, 443340457, 695200
443948343, 444649829, 701486
445395657, 445944114, 548457
446708457, 447388343, 679886
447992000, 448703657, 711657
449467086, 450012000, 544914
450772000, 451461829, 689829
452210743, 452782971, 572228
453539543, 454215315, 675772
454825486, 455531429, 705943
456271086, 456835200, 564114
457592457, 458270400, 677943
458879200, 459597486, 718286
460348572, 460921257, 572685
461694629, 462402286, 707657
463006286, 463724457, 718171
464494515, 465187315, 692800
465800800, 466493829, 693029
467241600, 467825143, 583543
468593486, 469277486, 684000
469889486, 470609486, 720000
471370172, 471926057, 555885
472690972, 473392572, 701600
474148915, 474727314, 578399
475492115, 476184800, 692685
476793029, 477479772, 686743
478233258, 478804343, 571085
479575314, 480261486, 686172
480869486, 481590972, 721486
482342515, 482916229, 573714
483682743, 484384800, 702057
484990514, 485692800, 702286
486440000, 486985714, 545714
487746629, 488421943, 675314
489163886, 489732457, 568571
490486515, 491025371, 538856
491778057, 492473029, 694972
493223658, 493789257, 565599
494553486, 495240686, 687200
495848571, 496545486, 696915
497285029, 497851200, 566171
498638172, 499336229, 698057
499938857, 500638057, 699200
501388572, 501945829, 557257
502702400, 503385257, 682857
503989600, 504688914, 699314
505443200, 505989143, 545943
506754286, 507441715, 687429
508194858, 508768571, 573713
509534172, 510223086, 688914
510835200, 511544914, 709714
512283086, 512848686, 565600
513627086, 514297829, 670743
514902400, 515620343, 717943
516371086, 516937600, 566514
517705486, 518387543, 682057
518988800, 519689486, 700686
520448000, 521006057, 558057
521774972, 522469600, 694628
523220915, 523791886, 570971
524559772, 525262286, 702514
525880343, 526581829, 701486
527331772, 527892914, 561142
528665486, 529367429, 701943
529975543, 530682857, 707314
531446172, 531996114, 549942
532759429, 533457143, 697714
534209715, 534776343, 566628
535531657, 536227315, 695658
536844686, 537554629, 709943
538293486, 538855771, 562285
539620800, 540295086, 674286
540898514, 541604572, 706058
542352686, 542910629, 557943
543673143, 544367657, 694514
544970857, 545471657, 500800
546433943, 546985829, 551886
547745714, 548433257, 687543
549178972, 549752343, 573371
550522514, 551204229, 681715
551817943, 552506743, 688800
553251315, 553836800, 585485
554615314, 555292800, 677486
555898743, 556612229, 713486
557365029, 557932571, 567542
558690857, 559383543, 692686
559985143, 560701029, 715886
561445600, 562005029, 559429
562774857, 563462057, 687200
564209372, 564775086, 565714
565534629, 566244686, 710057
566874743, 567584229, 709486
568341143, 568910629, 569486
569678857, 570377029, 698172
570982857, 571710972, 728115
572473715, 573023428, 549713
573790743, 574486972, 696229
575236686, 575812229, 575543
576586172, 577272457, 686285
577880571, 578604114, 723543
579357029, 579925143, 568114
580690514, 581388229, 697715
581990857, 582716114, 725257
583477029, 584179086, 702057
584792571, 585489486, 696915
586768457, 587575429, 806972
588340229, 588905943, 565714
589673714, 590370172, 696458
590973486, 591687200, 713714
592440457, 592990400, 549943
593757143, 594451200, 694057
595208229, 595772800, 564571
596538172, 597216686, 678514
597827886, 598543543, 715657
599293372, 599856229, 562857
600616686, 601293715, 677029
601900800, 602612457, 711657
603360000, 603924914, 564914
604703086, 605391886, 688800
606143886, 606712343, 568457
607464686, 608018171, 553485
608780571, 609479315, 698744
610235772, 610805829, 570057
611568229, 612259657, 691428
612871086, 613565029, 693943
614310400, 614871657, 561257
615639200, 616311657, 672457
616917486, 617624686, 707200
618376800, 618936686, 559886
619697829, 620384915, 687086
620992686, 621700800, 708114
622472229, 623164229, 692000
623786057, 624476343, 690286
625233143, 625803771, 570628
626577829, 627270172, 692343
627879657, 628597372, 717715
629349943, 629924114, 574171
630687086, 631382400, 695314
631985029, 632713829, 728800
633468115, 634016571, 548456
634778971, 635468343, 689372
636220343, 636789371, 569028
637556114, 638247886, 691772
638870400, 639569372, 698972
640315657, 640877143, 561486
641644114, 642319657, 675543
642925486, 643627086, 701600
644376800, 644928000, 551200
645695314, 646372915, 677601
646976800, 647676914, 700114
648427315, 648982286, 554971
649740686, 650425257, 684571
651172343, 651731314, 558971
652481486, 653175772, 694286
653790057, 654479086, 689029
655233143, 655801943, 568800
656599086, 657283772, 684686
657897829, 658611314, 713485
659364343, 659925943, 561600
660687314, 661373029, 685715
661979429, 662687314, 707885
663435886, 663981486, 545600
664745143, 665431200, 686057
666176800, 666738857, 562057
667508229, 668201600, 693371
668826629, 669528343, 701714
670270057, 670833029, 562972
671599657, 672280915, 681258
672888000, 673384572, 496572
674349943, 674914743, 564800
675677486, 676371657, 694171
676974971, 677683772, 708801
678428686, 678977829, 549143
679737600, 680420115, 682515
681167200, 681529600, 362400
682510400, 683201600, 691200
683808914, 684499429, 690515
685245258, 685813829, 568571
686575772, 687259086, 683314
687868343, 688589943, 721600
689344915, 689907886, 562971
690674972, 691364572, 689600
691970629, 692668229, 697600
693416800, 693965029, 548229
694736457, 695425943, 689486
696174858, 696748114, 573256
697521143, 698218400, 697257
698832914, 699529600, 696686
700272115, 700851886, 579771
701632686, 702332000, 699314
702939314, 703636343, 697029
704388800, 704945371, 556571
705719886, 706406057, 686171
707149943, 707715772, 565829
708483886, 709172686, 688800
709784800, 710482515, 697715
711234629, 711808457, 573828
712573714, 713262172, 688458
713874514, 714602857, 728343
715354515, 715917371, 562856
716689486, 717374743, 685257
717976571, 718683200, 706629
719433257, 719979657, 546400
720737486, 721427315, 689829
722170400, 722729143, 558743
723484115, 724170972, 686857
724790171, 725478972, 688801
726225258, 726810400, 585142
727578514, 728265715, 687201
728872457, 729580000, 707543
730330743, 730897714, 566971
731662172, 732357486, 695314
732961943, 733667772, 705829
734414629, 734975314, 560685
735749943, 736430972, 681029
737181372, 737743886, 562514
738507200, 739196343, 689143
739801600, 740505714, 704114
741243772, 741812800, 569028
742569143, 743260686, 691543
743880000, 744580572, 700572
745329257, 745904457, 575200
746678400, 747370400, 692000
747972000, 748676914, 704914
749427657, 749981029, 553372
750740686, 751442172, 701486
752206172, 752779886, 573714
753537029, 754225600, 688571
754834857, 755530857, 696000
756267315, 756835314, 567999
757615200, 758291315, 676115
758895771, 759610514, 714743
760357257, 760930400, 573143
761693372, 762378515, 685143
762981371, 763695772, 714401
764443200, 764998514, 555314
765763657, 766459200, 695543
767209372, 767794171, 584799
768553943, 769251772, 697829
769859429, 770562743, 703314
771305600, 771879314, 573714
772648800, 773343086, 694286
773946743, 774657143, 710400
775405372, 775961829, 556457
776732800, 777422629, 689829
778165829, 778739772, 573943
780007657, 780800114, 792457
781579886, 782265715, 685829
782876457, 783598172, 721715
784348686, 784920800, 572114
785692229, 786377829, 685600
786982171, 787695429, 713258
788450629, 789000343, 549714
789761600, 790445486, 683886
791198286, 791762514, 564228
792518857, 793206858, 688001
793819886, 794515657, 695771
795253600, 795821371, 567771
796596686, 797299657, 702971
797921829, 798416229, 494400
799391543, 799947086, 555543
800714629, 801402172, 687543
802146400, 802713714, 567314
803474857, 804169372, 694515
804779086, 805476000, 696914
806230286, 806800343, 570057
807562514, 808259200, 696686
808883200, 809592229, 709029
810340915, 810902171, 561256
811672800, 812354857, 682057
812957943, 813662743, 704800
814405029, 814951429, 546400
815710743, 816403657, 692914
817004571, 817710629, 706058
818471543, 819022286, 550743
819781486, 820472229, 690743
821222629, 821788229, 565600
822554400, 823246858, 692458
823865371, 824561829, 696458
825308800, 825875771, 566971
826641372, 827330057, 688685
827933143, 828643772, 710629
829388115, 829939200, 551085
830705143, 831391886, 686743
831993943, 832716000, 722057
833470629, 834156343, 685714
834781486, 835469143, 687657
836227315, 836796000, 568685
837562857, 838250629, 687772
838862971, 839567200, 704229
840318286, 840885943, 567657
841651886, 842360915, 709029
842967886, 843692800, 724914
844445600, 844993828, 548228
845756343, 846441715, 685372
847190172, 847759200, 569028
848534743, 849221829, 687086
849829371, 850528800, 699429
851272572, 851841943, 569371
852605600, 853296572, 690972
853906743, 854617486, 710743
855368686, 855923314, 554628
856689714, 857016914, 327200
857978514, 858695086, 716572
859443086, 859991314, 548228
860751886, 861434743, 682857
862189372, 862762857, 573485
863530057, 864216800, 686743
864831429, 865532572, 701143
866280000, 866850057, 570057
867613714, 868302400, 688686
868915200, 869654172, 738972
870402400, 870951314, 548914
871724572, 872534972, 810400
873322857, 873894971, 572114
874666629, 875350972, 684343
875956343, 876666400, 710057
877415886, 877978057, 562171
878750743, 879435886, 685143
880188458, 880757371, 568913
881520229, 882215086, 694857
882830629, 883537486, 706857
884279543, 884857143, 577600
885634286, 886321943, 687657
886924686, 887634172, 709486
888380686, 888934171, 553485
889705943, 890389600, 683657
890992914, 891700686, 707772
892453029, 893001257, 548228
893765486, 894448343, 682857
895197486, 895756457, 558971
896522629, 897211543, 688914
897821371, 898513714, 692343
899256115, 899829829, 573714
900603886, 901290057, 686171
901895086, 902892229, 997143
903677943, 904380229, 702286
904986286, 905705600, 719314
906464229, 907170972, 706743
907794971, 908484800, 689829
909241258, 909827200, 585942
910596686, 911277600, 680914
911884914, 912597600, 712686
913346972, 913911771, 564799
914672914, 915370172, 697258
915977714, 916695772, 718058
917449486, 917995543, 546057
918762057, 919439657, 677600
920186743, 920764343, 577600
921520800, 922210400, 689600
922816229, 923514400, 698171
924256343, 924829143, 572800
925606172, 926301486, 695314
926920343, 927629143, 708800
928383315, 928942743, 559428
929713372, 930408457, 695085
931164458, 931726743, 562285
932495086, 933177829, 682743
933787772, 934472115, 684343
935226400, 935794514, 568114
936554972, 937243886, 688914
937854400, 938569829, 715429
939342286, 939907543, 565257
940675314, 941366172, 690858
941968114, 942470172, 502058
943197486, 947227885, 4030399
947874742, 948591656, 716914
949341142, 949899428, 558286
950674056, 951352685, 678629
951958742, 952677371, 718629
953436114, 953988571, 552457
954748228, 955446971, 698743
956203428, 956772799, 569371
957532228, 958234857, 702629
958846171, 959529828, 683657
960276685, 960849942, 573257
961620457, 962292799, 672342
962900228, 963617485, 717257
964369942, 964944228, 574286
965705714, 966395428, 689714
967000799, 967514857, 514058
968228914, 971887200, 3658286
972684800, 973391315, 706515
974139658, 974711543, 571885
975468915, 976164572, 695657
976783200, 977500343, 717143
978255429, 978823657, 568228
980317372, 980968343, 650971
981754286, 982452115, 697829
983206400, 983779543, 573143
984540000, 985252115, 712115
985876914, 986581829, 704915
987334057, 987897829, 563772
988671314, 989363315, 692001
989965371, 990672229, 706858
991423315, 991984343, 561028
992753372, 993442172, 688800
994190743, 994766857, 576114
995522629, 996213486, 690857
996819086, 997510514, 691428
998251315, 998820000, 568685
999587314, 273715, -999313599
889714, 1603200, 713486
2351772, 2915886, 564114
3677257, 4385600, 708343
4991314, 5701029, 709715
6448457, 6998400, 549943
7757029, 8452229, 695200
9202172, 9767200, 565028
10528914, 11214972, 686058
11826286, 12529143, 702857
13266286, 13841486, 575200
14606172, 15279086, 672914
15884914, 16594400, 709486
17340115, 17903086, 562971
18675200, 19357486, 682286
19960343, 20667543, 707200
21414743, 21963543, 548800
22719772, 23399543, 679771
24006743, 24712457, 705714
25468572, 26015657, 547085
26775886, 27465143, 689257
28212915, 28795314, 582399
29562857, 30266743, 703886
30887314, 31597829, 710515
32346286, 32915086, 568800
33677372, 34369943, 692571
34973943, 35693143, 719200
36440229, 36989829, 549600
37749829, 38444686, 694857
39201372, 39764457, 563085
40526857, 41228343, 701486
41848457, 42542972, 694515
43275200, 43837029, 561829
44597143, 45276915, 679772
45882971, 46596229, 713258
47347086, 48580914, 1233828
49428686, 50160115, 731429
50788571, 51482972, 694401
52234515, 52807200, 572685
53571086, 54275429, 704343
54895200, 55611543, 716343
56364915, 56923657, 558742
57696800, 58392800, 696000
59000343, 59714972, 714629
60471772, 61015657, 543885
61772000, 62466857, 694857
63217829, 63790629, 572800
64555086, 65256229, 701143
65880571, 66585600, 705029
67339315, 67906400, 567085
68679200, 69366972, 687772
69972229, 70672457, 700228
71436686, 71985486, 548800
72747543, 73427772, 680229
74179658, 74752343, 572685
75512686, 76202172, 689486
76810971, 77516457, 705486
78257715, 78825029, 567314
79590286, 80260458, 670172
80865943, 81592572, 726629
82342057, 82910514, 568457
83674857, 84382057, 707200
85140572, 85713829, 573257
86470629, 87016686, 546057
87781257, 88469372, 688115
89216915, 89584114, 367199
90304572, 94437371, 4132799
95228571, 95803199, 574628
96570171, 97257714, 687543
97866971, 98568914, 701943
99314514, 99875771, 561257
100641028, 101338514, 697486
101946514, 102666285, 719771
103416457, 103965599, 549142
104720571, 105406285, 685714
106154628, 106716914, 562286
107474285, 108019199, 544914
108784456, 109251657, 467201
109847771, 113654285, 3806514
114461028, 115156114, 695086
115777142, 116468342, 691200
117224457, 117793714, 569257
118557599, 119249942, 692343
119858742, 120558171, 699429
121303771, 121864456, 560685
122631771, 123309371, 677600
123912685, 124617828, 705143
125372685, 125937142, 564457
126704114, 127390171, 686057
127993371, 128705142, 711771
129458742, 130005485, 546743
130780342, 131464685, 684343
132216685, 132792571, 575886
133563428, 134269257, 705829
134893371, 135606742, 713371
136356914, 136922514, 565600
137689942, 138397714, 707772
139005828, 139714399, 708571
140467314, 141161371, 694057
141785714, 142471885, 686171
143226514, 143791999, 565485
144554399, 145248799, 694400
145860342, 146567199, 706857
147319542, 147876456, 556914
148642971, 149327657, 684686
149934628, 150625714, 691086
151372799, 151939999, 567200
152715656, 153410057, 694401
154174857, 154736228, 561371
155504571, 156196571, 692000
156807656, 157486971, 679315
158234628, 158798285, 563657
159561485, 160249599, 688114
160859314, 161559542, 700228
162295885, 162861599, 565714
163643199, 164331657, 688458
164946971, 165645028, 698057
166393371, 166961142, 567771
167733599, 168427199, 693600
169185028, 169755085, 570057
170527199, 171226285, 699086
171845371, 172555771, 710400
173308114, 173886056, 577942
174663314, 175370971, 707657
175978399, 176697485, 719086
177454857, 178006628, 551771
178779314, 179477485, 698171
180241257, 180820456, 579199
181592456, 182292457, 700001
182910856, 183615771, 704915
184370399, 184933485, 563086
185703885, 186386514, 682629
186990171, 187699314, 709143
188951428, 189747428, 796000
190515085, 191214285, 699200
191831428, 192519771, 688343
193267999, 193841142, 573143
194614857, 195315771, 700914
195932456, 196634742, 702286
197383314, 197948914, 565600
198722514, 199421714, 699200
200029828, 200742628, 712800
201498742, 202204914, 706172
202817828, 203506628, 688800
204254857, 204833371, 578514
205609942, 206299428, 689486
206915771, 207625828, 710057
208375428, 208943085, 567657
209704571, 210404114, 699543
211013028, 211733942, 720914
212495085, 213189714, 694629
213814971, 214488114, 673143
215233371, 215807656, 574285
216572114, 217252914, 680800
217859314, 218560685, 701371
219312228, 219875885, 563657
220637942, 221341599, 703657
221957942, 222666171, 708229
223422399, 223973828, 551429
224748342, 225438399, 690057
226187314, 226761142, 573828
227525714, 228222742, 697028
228834742, 229536799, 702057
230274171, 230850399, 576228
231616114, 232316228, 700114
232933942, 233638856, 704914
234389028, 234946971, 557943
235708342, 236409485, 701143
237010285, 237730285, 720000
238501942, 239202399, 700457
239822971, 240521028, 698057
241270742, 241846056, 575314
242616571, 243317599, 701028
243935771, 244642399, 706628
245393028, 245950628, 557600
246714171, 247409257, 695086
248149714, 248714171, 564457
249474171, 250018742, 544571
250778971, 251473257, 694286
252220685, 252805714, 585029
253575314, 254261028, 685714
254870171, 255581257, 711086
256336799, 256897599, 560800
257671314, 258348685, 677371
258951428, 259664342, 712914
260413599, 260971656, 558057
261734628, 262419314, 684686
263165942, 263723085, 557143
264477828, 264819199, 341371
265774285, 266465714, 691429
267220342, 267806971, 586629
268577942, 269257714, 679772
269863542, 270576799, 713257
271325371, 271889485, 564114
272657257, 273359085, 701828
273969028, 274677714, 708686
275423428, 275973828, 550400
276736685, 277420799, 684114
278026171, 278727314, 701143
279492342, 280175657, 683315
280788456, 281481371, 692915
282236571, 282803314, 566743
283579885, 284266857, 686972
284871771, 285584228, 712457
286339085, 286897828, 558743
287664342, 288349371, 685029
288955428, 289676456, 721028
290424228, 290983771, 559543
291755314, 292449828, 694514
293204799, 293788685, 583886
294564457, 295267428, 702971
295877828, 296580799, 702971
297329142, 297900342, 571200
298667771, 299356799, 689028
299960914, 300679314, 718400
301439085, 301989256, 550171
302758171, 303437828, 679657
304185942, 304752228, 566286
305512685, 306199542, 686857
306806056, 307490285, 684229
308237599, 308804456, 566857
309943771, 310688685, 744914
311452228, 312004571, 552343
312766514, 313449942, 683428
314197485, 314766628, 569143
315529257, 316220571, 691314
316827542, 317519085, 691543
318264457, 318827199, 562742
319596799, 320281142, 684343
320897942, 321603999, 706057
322355428, 322913485, 558057
323683314, 324366057, 682743
324973142, 325680571, 707429
326421828, 326981028, 559200
327743999, 328427314, 683315
329178171, 329750514, 572343
330518171, 331225828, 707657
331839542, 332547885, 708343
333284685, 333848228, 563543
334605028, 335275428, 670400
335884228, 336599999, 715771
337357142, 337911999, 554857
338686742, 339363657, 676915
339968685, 340675657, 706972
341421371, 341975885, 554514
342734056, 343444114, 710058
344200228, 344769028, 568800
345522171, 346209828, 687657
346817485, 347510057, 692572
348249028, 348812685, 563657
349589714, 350282971, 693257
350889599, 351592114, 702515
352339314, 352896799, 557485
353662514, 354351542, 689028
354956685, 355659656, 702971
356410514, 356971542, 561028
357732228, 358418857, 686629
359022971, 359725714, 702743
360480114, 361174971, 694857
361783199, 362475885, 692686
363229485, 363813714, 584229
364579885, 365264114, 684229
365874628, 366591999, 717371
367342857, 367906514, 563657
368681828, 369371657, 689829
369979656, 370696571, 716915
371453599, 372008799, 555200
372769028, 373469714, 700686
374221142, 374801256, 580114
375565485, 376262057, 696572
376875199, 377589028, 713829
378346171, 378906514, 560343
379681714, 380368114, 686400
380973256, 381691999, 718743
382926399, 383719542, 793143
384489257, 385174171, 684914
385797142, 386487657, 690515
387233828, 387803542, 569714
388582628, 389259085, 676457
389867542, 390582514, 714972
391328457, 391894056, 565599
392660114, 393349257, 689143
393954285, 394663999, 709714
395413485, 395975085, 561600
396736914, 397428457, 691543
398175771, 398743885, 568114
399511657, 400202514, 690857
400817371, 401524571, 707200
402261828, 402837828, 576000
403608685, 404288457, 679772
404895999, 405600685, 704686
406346857, 406905485, 558628
407677485, 408357485, 680000
408961714, 409668114, 706400
410415199, 410969599, 554400
411726742, 412430742, 704000
413186399, 413769028, 582629
414533942, 415224914, 690972
415839314, 416533371, 694057
417273371, 417845485, 572114
418629371, 419343314, 713943
419951542, 420648571, 697029
421394399, 421954171, 559772
422714514, 423422399, 707885
424175771, 424739314, 563543
425503085, 426213142, 710057
426831085, 427506399, 675314
428254514, 428821942, 567428
429587771, 430272571, 684800
430878742, 431592914, 714172
432345142, 432903771, 558629
433667314, 434349257, 681943
434956685, 435674171, 717486
436425485, 436979199, 553714
437756114, 438442628, 686514
439192799, 439774514, 581715
440547199, 441244228, 697029
441856342, 442557485, 701143
443303771, 443879999, 576228
444649257, 445357371, 708114
445975428, 446689256, 713828
447441028, 447992342, 551314
448764342, 449456342, 692000
450206057, 450574057, 368000
451282742, 463783655, 12500913
464606285, 465316342, 710057
465932914, 466632457, 699543
467383086, 467949257, 566171
468720114, 469417486, 697372
470182972, 470759200, 576228
471523314, 472218515, 695201
472832000, 473532457, 700457
474280457, 474850743, 570286
475627314, 476313372, 686058
476928914, 477632914, 704000
478386400, 478943543, 557143
479710057, 480403200, 693143
481007086, 481714857, 707771
482471772, 483162400, 690628
483783543, 484472229, 688686
485219200, 485793486, 574286
486557143, 487246858, 689715
487857600, 488562057, 704457
489313943, 489887886, 573943
490656914, 491352572, 695658
491958857, 492681714, 722857
493432572, 493983657, 551085
494746857, 495429029, 682172
496176115, 496745486, 569371
497514972, 498233715, 718743
498856343, 499561029, 704686
500310629, 500889371, 578742
501662057, 502367543, 705486
502982400, 503696914, 714514
504449257, 504993486, 544229
505758400, 506438172, 679772
507186972, 507770057, 583085
508537600, 509221600, 684000
509832800, 510532343, 699543
511273486, 511836800, 563314
512592457, 513267086, 674629
513880686, 514594172, 713486
515347315, 515905029, 557714
516677143, 517364800, 687657
517966743, 518678743, 712000
519425143, 519986743, 561600
520754400, 521450857, 696457
522208115, 522789371, 581256
523544229, 524229258, 685029
524841029, 525536800, 695771
526270743, 526847543, 576800
527621829, 528319429, 697600
528935200, 529645257, 710057
530396686, 530959314, 562628
531722172, 532419657, 697485
533162172, 533720457, 558285
534484915, 535168115, 683200
535790057, 536478286, 688229
537235315, 537802857, 567542
538572914, 539250515, 677601
539862171, 540570743, 708572
541317372, 541879886, 562514
542644572, 543339315, 694743
543945714, 544647657, 701943
545400229, 545968343, 568114
546739314, 547422972, 683658
548166400, 548739543, 573143
549506857, 550198286, 691429
550808457, 551485029, 676572
552233029, 552806971, 573942
553570972, 554250058, 679086
554863200, 555562286, 699086
556309486, 556865829, 556343
557633600, 558304572, 670972
558913143, 559612343, 699200
560359886, 560925829, 565943
561697372, 562400686, 703314
563011886, 563725829, 713943
564490400, 565192915, 702515
565809714, 566500229, 690515
567251886, 567829371, 577485
568602057, 569305143, 703086
569923657, 570632000, 708343
571385943, 571949029, 563086
572710057, 573413143, 703086
574169715, 574740686, 570971
575505029, 576222058, 717029
576838286, 577542629, 704343
578279886, 578862400, 582514
579641600, 580343315, 701715
580958057, 581678172, 720115
582440800, 582997486, 556686
583763771, 584468343, 704572
585218400, 585788571, 570171
586556114, 587253257, 697143
587870629, 588355315, 484686
589833943, 590644229, 810286
591407086, 591972229, 565143
592748686, 593444572, 695886
594193029, 594774514, 581485
595553029, 595885257, 332228
596850057, 597559429, 709372
598315429, 598871200, 555771
599645372, 600356572, 711200
600974857, 601686286, 711429
602440457, 602993371, 552914
603748686, 604449257, 700571
605214743, 605791314, 576571
606548800, 607248686, 699886
607862400, 608552914, 690514
609308800, 609872457, 563657
610640114, 611334857, 694743
611943543, 612660572, 717029
613405143, 613971543, 566400
614742514, 615444800, 702286
616203429, 616775429, 572000
617539886, 618259658, 719772
618884914, 619600457, 715543
620354400, 620915657, 561257
621680572, 622363315, 682743
622965714, 623676000, 710286
624431886, 624982743, 550857
625748571, 626429143, 680572
627177143, 627743771, 566628
628511772, 629225258, 713486
629847771, 630547429, 699658
631282972, 631844914, 561942
632612114, 633284229, 672115
633891771, 634598172, 706401
635345715, 635908343, 562628
636670400, 637352343, 681943
637958514, 638666743, 708229
639411657, 639964914, 553257
640726400, 641419086, 692686
642156686, 642734857, 578171
643499200, 644177143, 677943
644789829, 645484800, 694971
646242400, 646805943, 563543
647564457, 648241372, 676915
648854171, 649554172, 700001
650295086, 650863657, 568571
651628800, 652317372, 688572
652926857, 653632686, 705829
654388457, 654943200, 554743
655701714, 656401943, 700229
657012114, 657725943, 713829
658477943, 659155886, 677943
659773143, 660462286, 689143
661214743, 661581714, 366971
662572343, 663257029, 684686
663867771, 664593486, 725715
665349372, 665911429, 562057
666684686, 667369257, 684571
667972457, 668684914, 712457
669441600, 669990628, 549028
670748114, 671436572, 688458
672187315, 672748457, 561142
673513029, 674208572, 695543
674817143, 675507429, 690286
676256686, 676820114, 563428
677594286, 678292115, 697829
678911657, 679622514, 710857
680378972, 680933257, 554285
681696686, 682373943, 677257
682980114, 683688800, 708686
684434172, 684984800, 550628
685749029, 686443543, 694514
687205829, 687776343, 570514
688534972, 689239772, 704800
689862629, 690562514, 699885
691310400, 691876686, 566286
692647429, 693333143, 685714
693939657, 694648000, 708343
695396000, 695951657, 555657
696718057, 697397715, 679658
698001714, 698700457, 698743
699462400, 700002628, 540228
700762972, 701456229, 693257
702208458, 702781714, 573256
703544914, 704225143, 680229
704838971, 705540114, 701143
706280000, 706845257, 565257
707623543, 708336115, 712572
708952343, 709656572, 704229
710405029, 710964571, 559542
711724114, 712420915, 696801
713021029, 713734172, 713143
714494743, 715190858, 696115
715798057, 716489029, 690972
717243772, 717809143, 565371
718573600, 719258857, 685257
719865600, 720601372, 735772
721356000, 721921714, 565714
722693372, 723390172, 696800
723992914, 724699086, 706172
725457029, 726000571, 543542
726769600, 727452686, 683086
728205029, 728774743, 569714
729538400, 730218743, 680343
730829029, 731526629, 697600
732263315, 732832000, 568685
733608686, 734290743, 682057
734897600, 735608343, 710743
736361943, 736918057, 556114
737688914, 738369372, 680458
738970629, 739680914, 710285
740439657, 740983543, 543886
741744686, 742428457, 683771
743187772, 743758286, 570514
744528800, 745230629, 701829
745846629, 746562057, 715428
747315200, 747888114, 572914
748662857, 749342286, 679429
749947086, 750659886, 712800
751412800, 751973486, 560686
752737829, 753433372, 695543
754178858, 754745372, 566514
755515772, 756210400, 694628
756821600, 757518057, 696457
758263772, 758846629, 582857
759618057, 760327543, 709486
760947657, 761662629, 714972
762418972, 762985943, 566971
763747771, 764431315, 683544
765181829, 765762514, 580685
766525372, 767225029, 699657
767839314, 768557257, 717943
769305600, 769671886, 366286
770662857, 771350972, 688115
771957943, 772483086, 525143
773464000, 774014628, 550628
774774057, 775478629, 704572
776227543, 776805486, 577943
777570286, 778279772, 709486
778902971, 779614857, 711886
780366172, 780928343, 562171
781697372, 782387543, 690171
783661714, 784483086, 821372
785239429, 785806400, 566971
786568686, 787259886, 691200
787870629, 788574857, 704228
789324229, 789887543, 563314
790690743, 791371657, 680914
791977486, 792681029, 703543
793438515, 793992343, 553828
794758514, 795462743, 704229
796206629, 796789257, 582628
797554057, 798239429, 685372
798847543, 799343543, 496000
800309257, 800670400, 361143
801641029, 802340915, 699886
802945829, 803657257, 711428
804404800, 804971771, 566971
805744571, 806434286, 689715
807196572, 807763771, 567199
808522629, 809239429, 716800
809859543, 810568800, 709257
811323315, 811884343, 561028
812658286, 813337829, 679543
813940571, 814651086, 710515
815401600, 815953714, 552114
816708914, 817414172, 705258
818163315, 818525486, 362171
819504572, 820195658, 691086
820799543, 821480800, 681257
822236572, 822805714, 569142
823567429, 824245943, 678514
824856686, 825555314, 698628
826287543, 826852343, 564800
827615886, 828301829, 685943
828906286, 829612343, 706057
830359429, 830718286, 358857
831710514, 832418286, 707772
833185486, 833763200, 577714
834525829, 835220572, 694743
835825714, 836519657, 693943
837267315, 837828229, 560914
838595314, 839273600, 678286
839879314, 840592343, 713029
841346286, 841905714, 559428
842690286, 843390286, 700000
843991771, 844693600, 701829
845444800, 845990057, 545257
846751086, 847433029, 681943
848184686, 848752114, 567428
849520686, 850217029, 696343
850832457, 851543772, 711315
852288457, 852851543, 563086
853617829, 854297943, 680114
854906971, 855614057, 707086
856360915, 856919771, 558856
857678286, 858372457, 694171
858981257, 859490515, 509258
860444800, 860989600, 544800
861754057, 862221715, 467658
862819543, 863606743, 787200
864362972, 864922971, 559999
865695086, 866373829, 678743
866977257, 867681943, 704686
868430172, 868977371, 547199
869746400, 870446172, 699772
871203200, 871783771, 580571
872546514, 873238400, 691886
873861029, 874858400, 997371
875644000, 876343657, 699657
876960914, 877669943, 709029
878419200, 878973029, 553829
879735086, 880413600, 678514
881017829, 881731429, 713600
882491086, 883185029, 693943
883792114, 884488115, 696001
885245258, 885820343, 575085
886581372, 887273372, 692000
887889943, 888595200, 705257
889346057, 889905371, 559314
890674286, 891369029, 694743
891979886, 892693143, 713257
893452686, 893998171, 545485
894755543, 895453829, 698286
896207086, 896779657, 572571
897546743, 898222515, 675772
898837371, 899534857, 697486
900273600, 900851657, 578057
901629486, 902314172, 684686
902919200, 903631772, 712572
904639657, 905375315, 735658
905981943, 906697486, 715543
907454400, 908003200, 548800
908774286, 909473943, 699657
910224458, 910792686, 568228
911560229, 912239086, 678857
912853486, 913559657, 706171
914309143, 914876571, 567428
915648229, 916334857, 686628
916937371, 917645143, 707772
918394629, 918946971, 552342
919707657, 920411086, 703429
921162400, 921725829, 563429
922480229, 923176686, 696457
923788114, 924477029, 688915
925231200, 925798971, 567771
926566514, 927247772, 681258
927857714, 928578514, 720800
929332572, 929903771, 571199
930669486, 931356115, 686629
931961371, 932669029, 707658
933418743, 933968914, 550171
934735314, 935419086, 683772
936160343, 936722972, 562629
937484915, 938170743, 685828
938789486, 939484000, 694514
940230629, 940798743, 568114
941561714, 942249143, 687429
942858743, 943570514, 711771
944319772, 944880229, 560457
945651543, 946333029, 681486
946936571, 947652457, 715886
948403772, 948964686, 560914
949730972, 950431429, 700457
951184000, 951765486, 581486
952531429, 953245600, 714171
953866971, 954574514, 707543
955329715, 955890400, 560685
956669943, 957352572, 682629
957958400, 958672229, 713829
959422172, 959979543, 557371
960746286, 961451086, 704800
962210858, 962785714, 574856
963546172, 964227429, 681257
964840686, 965558857, 718171
966313829, 966679429, 365600
967663657, 968351429, 687772
968957943, 969670857, 712914
970426400, 970979200, 552800
971744914, 972435543, 690629
973187658, 973760800, 573142
974531200, 975237143, 705943
975850514, 976566172, 715658
977822286, 978618286, 796000
979379086, 979947771, 568685
980720114, 981415543, 695429
982156458, 982720000, 563542
983477029, 984162172, 685143
984781372, 985470400, 689028
986216115, 986785257, 569142
987544000, 988218743, 674743
988828571, 989537372, 708801
990278515, 990845600, 567085
991601486, 992294286, 692800
992911429, 993623314, 711885
994374972, 994933600, 558628
995698172, 996387886, 689714
996989829, 997697143, 707314
998454286, 999002743, 548457
999765943, 452457, -999313486
1206515, 1768686, 562171
2520457, 3235429, 714972
3848800, 4558400, 709600
5304000, 5866400, 562400
6630857, 7307200, 676343
7912114, 8608914, 696800
9355086, 9924571, 569485
10697029, 11380915, 683886
11986057, 12694057, 708000
13435772, 13985600, 549828
14748914, 15443772, 694858
16200000, 16773714, 573714
17532229, 18220800, 688571
18828686, 19544000, 715314
20283886, 20849371, 565485
21608114, 22318857, 710743
22937371, 23650286, 712915
24399657, 24957943, 558286
25721257, 26414629, 693372
27163772, 27738629, 574857
28504572, 29198743, 694171
29806857, 30488572, 681715
31241600, 31814400, 572800
32574743, 33257143, 682400
33865257, 34575429, 710172
35323772, 35886057, 562285
36660343, 37337715, 677372
37941943, 38658514, 716571
39404915, 39956000, 551085
40713257, 41406743, 693486
42153029, 42717372, 564343
43471886, 44158286, 686400
44778514, 45464343, 685829
46221143, 46792229, 571086
47553943, 48766286, 1212343
49612800, 50340457, 727657
50956114, 51666857, 710743
52420000, 52971429, 551429
53742514, 54432686, 690172
55181143, 55747314, 566171
56506286, 57198058, 691772
57803543, 58505257, 701714
59250172, 59821714, 571542
60587429, 61266286, 678857
61879429, 62592114, 712685
63343315, 63901143, 557828
64672000, 65352800, 680800
65958286, 66669029, 710743
67418857, 67968000, 549143
68724800, 69420000, 695200
70162286, 70723086, 560800
71480343, 72023086, 542743
72782172, 73497486, 715314
74244000, 74812343, 568343
75582972, 76261829, 678857
76872229, 77582857, 710628
78335200, 78896114, 560914
79662743, 80346057, 683314
80951314, 81654743, 703429
82399657, 82966629, 566972
83738514, 84420686, 682172
85021371, 85726172, 704801
86490400, 87183886, 693486
87793486, 88481372, 687886
89226515, 89799314, 572799
90565600, 91254515, 688915
91866400, 92570286, 703886
93321600, 93882171, 560571
94653257, 95334972, 681715
95939886, 96645372, 705486
97394400, 97963771, 569371
98729486, 99428686, 699200
100177258, 100749829, 572571
101513486, 102199086, 685600
102806171, 103481372, 675201
104225029, 104796686, 571657
105567314, 106249258, 681944
106863200, 107566629, 703429
108316800, 108880914, 564114
109648229, 110322629, 674400
110932343, 111649714, 717371
112400800, 112959657, 558857
113729372, 114414515, 685143
115016114, 115721829, 705715
116488000, 117173829, 685829
117782400, 118475315, 692915
119227543, 119795314, 567771
120558514, 121244915, 686401
121855886, 122554629, 698743
123288457, 123853714, 565257
124626057, 125314172, 688115
125918514, 126615772, 697258
127363200, 127924457, 561257
128690743, 129378857, 688114
129987543, 130696572, 709029
131453029, 132000228, 547199
132767657, 133453143, 685486
134206172, 134771429, 565257
135536686, 136219086, 682400
136828914, 137525943, 697029
138264572, 138826857, 562285
139593943, 140275315, 681372
140887886, 141595429, 707543
142346743, 142902971, 556228
143672800, 144353829, 681029
144958743, 145674172, 715429
146431657, 146971086, 539429
147728572, 148418972, 690400
149165715, 149731886, 566171
150487200, 151188572, 701372
151795771, 152478172, 682401
153227200, 153790400, 563200
154554743, 155240115, 685372
155848000, 156557257, 709257
157304115, 157865257, 561142
158631086, 158962971, 331885
159932000, 160638857, 706857
161391657, 161961486, 569829
162729372, 163425943, 696571
164029028, 164732457, 703429
165510514, 166210515, 700001
166817714, 167510629, 692915
168256229, 168836571, 580342
169610972, 170307772, 696800
170923429, 171634400, 710971
172380800, 172946629, 565829
173714172, 174414172, 700000
175170515, 175739543, 569028
176507657, 177204115, 696458
177818057, 178500229, 682172
179768571, 180572800, 804229
181330857, 181892571, 561714
182670286, 183350286, 680000
183954171, 184667657, 713486
185419772, 185967086, 547314
186722400, 187421829, 699429
188171543, 188749714, 578171
189515657, 190229486, 713829
190852000, 191556800, 704800
192307657, 192872114, 564457
193645943, 194315429, 669486
194921714, 195624800, 703086
196370857, 196936571, 565714
197702629, 198414743, 712114
199169715, 199750971, 581256
200515657, 201203315, 687658
201811429, 202488229, 676800
203234172, 203800571, 566399
204561714, 205235429, 673715
205845486, 206556343, 710857
207313943, 207874514, 560571
208645714, 209322629, 676915
209928343, 210637257, 708914
211384115, 211943771, 559656
212706057, 213388457, 682400
213990514, 214699314, 708800
215447543, 215993943, 546400
216746514, 217439200, 692686
218198058, 218763429, 565371
219525372, 220217600, 692228
220826629, 221520343, 693714
222270857, 222839314, 568457
223602172, 224287200, 685028
224896457, 225602629, 706172
226353715, 226911657, 557942
227670743, 228363886, 693143
228967886, 229672457, 704571
230422857, 230967657, 544800
231731086, 232413829, 682743
233158629, 233725714, 567085
234490057, 235177715, 687658
235791543, 236485372, 693829
237238286, 237805143, 566857
238570286, 239253486, 683200
239865600, 240573714, 708114
241321372, 241892343, 570971
242668229, 243349143, 680914
243954057, 244661600, 707543
245409029, 245966514, 557485
246719772, 247414057, 694285
248014171, 248714743, 700572
249476686, 250166286, 689600
250780229, 251469600, 689371
252223543, 252794857, 571314
253560457, 254251429, 690972
254864914, 255563543, 698629
256310857, 256869600, 558743
257631086, 258304115, 673029
258914286, 259616914, 702628
260365029, 260922171, 557142
261691772, 262394057, 702285
263001371, 263719314, 717943
264481257, 265169829, 688572
265786743, 266480229, 693486
267235658, 267810057, 574399
268578743, 269257829, 679086
269870971, 270568800, 697829
271313943, 271876114, 562171
272650629, 273325486, 674857
273927886, 274645257, 717371
275392915, 275945257, 552342
276705714, 277397715, 692001
278141943, 278702857, 560914
279454972, 280145600, 690628
280765143, 281446172, 681029
282197143, 282762972, 565829
283531314, 284209486, 678172
284818171, 285518857, 700686
286266629, 286840800, 574171
287604343, 288294743, 690400
288906286, 289617600, 711314
290372229, 290933943, 561714
291695657, 292382743, 687086
292982629, 293682972, 700343
294424000, 294979771, 555771
295747314, 296428000, 680686
297178972, 297747771, 568799
298512686, 299211200, 698514
299825714, 300536343, 710629
301285372, 301850743, 565371
302617257, 303297943, 680686
303905943, 304613486, 707543
305359429, 305922286, 562857
306683314, 307364000, 680686
307969829, 308667314, 697485
309412229, 309963086, 550857
311257372, 311847429, 590057
312610057, 313314972, 704915
313935543, 314643200, 707657
315389829, 315953829, 564000
316718400, 317406743, 688343
318147315, 318714629, 567314
319473143, 320165029, 691886
320781029, 321477029, 696000
322231658, 322804114, 572456
323569029, 324263886, 694857
324888343, 325595314, 706971
326349943, 326910286, 560343
327677143, 328378743, 701600
328992800, 329697943, 705143
330454286, 330994514, 540228
331754629, 332446743, 692114
333195543, 333761943, 566400
334514172, 335209029, 694857
335820229, 336511200, 690971
337254515, 337815314, 560799
338585372, 339267657, 682285
339876457, 340578057, 701600
341331772, 341893371, 561599
342660000, 343349829, 689829
343953829, 344655086, 701257
345403886, 345960800, 556914
346723657, 347403772, 680115
348151658, 348716343, 564685
349476343, 350183886, 707543
350798857, 351507772, 708915
352250743, 352826971, 576228
353597829, 354287886, 690057
354896457, 355617829, 721372
356372115, 356950057, 577942
357719314, 358412800, 693486
359159658, 359733600, 573942
360502400, 361202858, 700458
361813257, 362513600, 700343
363259886, 363629372, 369486
364607657, 365292115, 684458
365899657, 366611314, 711657
367363315, 367933143, 569828
368694172, 369411315, 717143
370164229, 370740914, 576685
371504457, 372205372, 700915
373501029, 374291086, 790057
374907086, 375626400, 719314
376384343, 376947429, 563086
377705486, 378402972, 697486
379147772, 379713372, 565600
380468000, 381156115, 688115
381775657, 382464115, 688458
383211200, 383786057, 574857
384546286, 385231772, 685486
385839429, 386554514, 715085
387298400, 387866857, 568457
388630743, 389319657, 688914
389925829, 390628457, 702628
391376115, 391933257, 557142
392693829, 393379657, 685828
393983771, 394686057, 702286
395444000, 395991771, 547771
396750057, 397433486, 683429
398186629, 398753029, 566400
399527314, 400214172, 686858
400829371, 401520914, 691543
402265829, 402835429, 569600
403608229, 404280572, 672343
404889714, 405600000, 710286
406351429, 406912457, 561028
407677257, 408359657, 682400
408968914, 409674172, 705258
410416457, 410961714, 545257
411725829, 412404686, 678857
413148800, 413715086, 566286
414473029, 415171772, 698743
415781029, 416475657, 694628
417228343, 417801829, 573486
418569486, 419252572, 683086
419862057, 420574286, 712229
421321372, 421879200, 557828
422642514, 423318972, 676458
423919086, 424617486, 698400
425363772, 425938400, 574628
426704114, 427397829, 693715
427999086, 428707314, 708228
429472686, 430017714, 545028
430781600, 431470515, 688915
432219086, 432793829, 574743
433568800, 434256000, 687200
434865600, 435566972, 701372
436312229, 436880114, 567885
437663886, 438354515, 690629
438959886, 439661600, 701714
440407772, 440970971, 563199
441743543, 442428000, 684457
443174286, 443540572, 366286
444501372, 445216343, 714971
445828343, 446551314, 722971
447304915, 447870629, 565714
448633486, 449307772, 674286
449915886, 450633372, 717486
451387772, 451948686, 560914
452716686, 453400000, 683314
454003314, 454701486, 698172
455464686, 456008571, 543885
456764572, 457458629, 694057
458211543, 458788229, 576686
459556114, 460234629, 678515
460846971, 461550972, 704001
462294286, 462864000, 569714
463630057, 464302857, 672800
464911086, 465613486, 702400
466360915, 466938514, 577599
467702172, 468397715, 695543
469145143, 469711429, 566286
470475657, 471168343, 692686
471780571, 472468457, 687886
473224800, 473798057, 573257
474563086, 475249143, 686057
475856686, 476345029, 488343
476937029, 482854969, 5917940
483663428, 484362742, 699314
484962628, 485661943, 699315
486409257, 486962743, 553486
487719772, 488405943, 686171
489156686, 489521829, 365143
490500343, 491196115, 695772
491806857, 492481143, 674286
493229143, 493798057, 568914
494563772, 495253829, 690057
495863429, 496561143, 697714
497295657, 497856914, 561257
498622857, 499309486, 686629
499917029, 500615086, 698057
501361600, 501924571, 562971
502695543, 503380457, 684914
503985714, 504699543, 713829
505464572, 506154972, 690400
506781029, 507468686, 687657
508225715, 508792457, 566742
509552343, 510239429, 687086
510847543, 511550629, 703086
512283315, 512848114, 564799
513605372, 514289143, 683771
514896457, 515616114, 719657
516370629, 516929029, 558400
517696572, 518386286, 689714
518986400, 519686286, 699886
520434515, 520981829, 547314
521737486, 522431200, 693714
523185258, 523748914, 563656
524518514, 524853714, 335200
525820914, 526515886, 694972
527262400, 527831543, 569143
528599429, 529290172, 690743
529902514, 530610286, 707772
531361372, 531917143, 555771
532682972, 533375543, 692571
533979543, 534674514, 694971
535428800, 535777029, 348229
536753029, 537454743, 701714
538221600, 538800457, 578857
539571772, 540275772, 704000
540896800, 541613143, 716343
542366515, 542939771, 573256
543709372, 544398972, 689600
544999771, 545709486, 709715
546467429, 547012571, 545142
547765143, 548458743, 693600
549215086, 549578972, 363886
550298515, 552674399, 2375884
553482057, 553830056, 347999
554822056, 555503199, 681143
556255999, 556834171, 578172
557607428, 558298628, 691200
558907428, 559617028, 709600
560375314, 560945371, 570057
561709142, 562398514, 689372
563005371, 563725028, 719657
564483314, 565187771, 704457
565798856, 566492914, 694058
567239542, 567822856, 583314
568601257, 569304457, 703200
569923771, 570640457, 716686
571400457, 571958514, 558057
572719542, 573194514, 474972
574740799, 575545599, 804800
576312114, 576878971, 566857
577651885, 578335314, 683429
578941828, 579447885, 506057
580187199, 583838285, 3651086
584639199, 585334857, 695658
585943771, 586647085, 703314
587394857, 587957942, 563085
588732114, 589421142, 689028
590182399, 590550399, 368000
591536228, 591871199, 334971
592832799, 593534857, 702058
594281942, 594860342, 578400
595637599, 596322742, 685143
596932914, 597630285, 697371
598376914, 598945142, 568228
599717256, 600412342, 695086
601165485, 601728342, 562857
602495885, 603195771, 699886
603811199, 604499885, 688686
605245828, 605822742, 576914
606589942, 607285142, 695200
607904342, 608608457, 704115
609360228, 609720571, 360343
610690514, 611404799, 714285
612015428, 612731999, 716571
613491885, 614198057, 706172
614812571, 615501028, 688457
616248342, 616825028, 576686
617597142, 618290514, 693372
618907314, 619612685, 705371
620364914, 620933142, 568228
621706856, 622413714, 706858
623167428, 623730856, 563428
624496342, 625202857, 706515
625817828, 626506628, 688800
627254971, 627837828, 582857
628613828, 629297599, 683771
629905142, 630619428, 714286
631368799, 631930056, 561257
632691999, 633395885, 703886
634007542, 634724456, 716914
635483314, 636176342, 693028
636785485, 637476228, 690743
638233028, 638804456, 571428
639570628, 640261028, 690400
640871885, 641574971, 703086
642324685, 642887656, 562971
643664114, 644356799, 692685
644959885, 645662971, 703086
646409714, 646958399, 548685
647716799, 648401371, 684572
649004799, 649709028, 704229
650474399, 651016456, 542057
651780342, 652469714, 689372
653219885, 653793371, 573486
654559657, 655237828, 678171
655847771, 656549599, 701828
657298057, 657864914, 566857
658646057, 659353828, 707771
659971885, 660679085, 707200
661437942, 661984456, 546514
662756456, 663449599, 693143
664201371, 664762399, 561028
665534285, 666222399, 688114
666837714, 667556799, 719085
668310742, 668876799, 566057
669644228, 670349599, 705371
670965028, 671670171, 705143
672418285, 672965942, 547657
673741142, 674425599, 684457
675172457, 675750285, 577828
676514628, 677204114, 689486
677809828, 678492457, 682629
679239999, 679824914, 584915
680595085, 681282285, 687200
681893256, 682606628, 713372
683360114, 683924914, 564800
684695199, 685384342, 689143
685986399, 686694628, 708229
687440228, 687984799, 544571
688748685, 689448114, 699429
690203199, 690774514, 571315
691533485, 692207999, 674514
692819885, 693526514, 706629
694263999, 694842856, 578857
695613371, 696299885, 686514
696907656, 697628114, 720458
698379428, 698946856, 567428
699707885, 700037028, 329143
701148799, 701728114, 579315
702498742, 703202171, 703429
703817714, 704521828, 704114
705265714, 705844114, 578400
706623199, 707317485, 694286
707921371, 708636457, 715086
709389257, 709944571, 555314
710711085, 711410514, 699429
712160342, 712739656, 579314
713503314, 714198171, 694857
714802628, 715482399, 679771
716236914, 716806171, 569257
717570285, 718255885, 685600
718865599, 719577828, 712229
720333028, 720891656, 558628
721680914, 722371314, 690400
722970628, 723676571, 705943
724423771, 724971428, 547657
725729942, 726418399, 688457
727165142, 727744571, 579429
728509371, 729205942, 696571
729815428, 730492914, 677486
731240228, 731820799, 580571
732591085, 733281257, 690172
733902056, 734600571, 698515
735349599, 735909142, 559543
736683085, 737393028, 709943
738149714, 738727428, 577714
739488685, 740180457, 691772
740793714, 741481828, 688114
742232685, 742808342, 575657
743577028, 743911885, 334857
744875428, 745602628, 727200
746357142, 746916228, 559086
747689256, 748373485, 684229
748976914, 749676114, 699200
750425599, 750975885, 550286
751737028, 752425714, 688686
753171999, 753741599, 569600
754509599, 755204799, 695200
755822514, 756528799, 706285
757270628, 757842628, 572000
758609714, 759296114, 686400
759902742, 760611657, 708915
761366857, 761935656, 568799
762700456, 763398857, 698401
764006742, 764721371, 714629
765479199, 766185142, 705943
766794628, 767482171, 687543
768237599, 768807199, 569600
769577942, 770271085, 693143
771572228, 772401714, 829486
773166057, 773743428, 577371
774503999, 775191314, 687315
775799314, 776473942, 674628
777231199, 777798856, 567657
778562399, 779254514, 692115
779864342, 780559199, 694857
781293257, 781864914, 571657
782634971, 783334171, 699200
783949485, 784655199, 705714
785404914, 785957028, 552114
786731199, 787418285, 687086
788164685, 788743428, 578743
789509714, 790197028, 687314
790810742, 791489257, 678515
792236685, 792803999, 567314
793566971, 794246171, 679200
794860228, 795559771, 699543
796308114, 796666171, 358057
797631656, 798309828, 678172
798915885, 799629028, 713143
800381828, 800938399, 556571
801704799, 802390514, 685715
802995085, 803696914, 701829
804452228, 804998742, 546514
805754285, 806455314, 701029
807211085, 807780571, 569486
808538399, 809218628, 680229
809833942, 810541714, 707772
811288228, 811846056, 557828
812610514, 813298399, 687885
813905599, 814609142, 703543
815353599, 815712914, 359315
816683771, 817370399, 686628
817972114, 818673599, 701485
819423199, 819966856, 543657
820723314, 821406514, 683200
822012685, 822720685, 708000
823479314, 824177371, 698057
824787885, 825477942, 690057
826228457, 826794971, 566514
827559885, 828243999, 684114
828850742, 829555885, 705143
830306171, 830866971, 560800
831629371, 832313371, 684000
832921714, 833621828, 700114
834369257, 834930971, 561714
835698171, 836382514, 684343
836986628, 837706742, 720114
838470514, 839162971, 692457
839780456, 840476228, 695772
841232457, 841800685, 568228
842566857, 843256114, 689257
843866971, 844580457, 713486
845331199, 845901828, 570629
846685485, 847376571, 691086
847978628, 848684456, 705828
849431428, 849971885, 540457
850729599, 851419314, 689715
852164228, 852742971, 578743
853507885, 854218971, 711086
854835542, 855544685, 709143
856294628, 856850056, 555428
857629828, 858320685, 690857
858925142, 859641942, 716800
860395428, 860946399, 550971
861704228, 862394399, 690171
863141028, 863503314, 362286
864490171, 865202171, 712000
865817256, 866506285, 689029
867257714, 867835999, 578285
868599657, 869285942, 686285
869891428, 870610971, 719543
871364457, 871924228, 559771
872687885, 873394742, 706857
874003428, 874725028, 721600
875491885, 876318514, 826629
876948685, 877455999, 507314
878190971, 883782970, 5591999
884593485, 885282858, 689373
885892343, 886605829, 713486
887358743, 887916914, 558171
888684572, 889371772, 687200
889978171, 890689372, 711201
891445600, 891996229, 550629
892773829, 893464115, 690286
894222400, 894800229, 577829
895569372, 896246515, 677143
896853486, 897551429, 697943
898290172, 898858743, 568571
899625600, 900299657, 674057
900907314, 901622857, 715543
902376115, 902933600, 557485
903698514, 904404115, 705601
905168572, 905749029, 580457
906806286, 907522972, 716686
908273943, 908836800, 562857
909611543, 910297029, 685486
910902971, 911624686, 721715
912374629, 912930743, 556114
913692229, 914379315, 687086
914985600, 915694057, 708457
916439086, 916989829, 550743
917753029, 918437143, 684114
919193029, 919558972, 365943
920553029, 921234629, 681600
921851200, 922561372, 710172
923318400, 923888686, 570286
924701943, 925415657, 713714
926181258, 926748686, 567428
927515772, 928198286, 682514
928811086, 929491086, 680000
930240800, 930810514, 569714
931568000, 932262972, 694972
932875200, 933571657, 696457
934323543, 934883429, 559886
935654743, 936339772, 685029
936940114, 937642743, 702629
938394515, 938945486, 550971
939705600, 940396686, 691086
941146286, 941714057, 567771
942467429, 943162286, 694857
943782057, 944469600, 687543
945227200, 945804114, 576914
946573372, 947265486, 692114
947873943, 948593829, 719886
949347772, 949925029, 577257
950693257, 951392000, 698743
952144800, 952719086, 574286
953473715, 954179429, 705714
954791314, 955484915, 693601
956232572, 956825029, 592457
957599657, 958280686, 681029
958889943, 959622057, 732114
960371886, 960728572, 356686
961718972, 962404343, 685371
963153943, 963728572, 574629
964495314, 965196229, 700915
965803200, 966489372, 686172
967237372, 967826971, 589599
968592000, 969273943, 681943
970548457, 971360572, 812115
971983771, 972696229, 712458
973455086, 974013600, 558514
974780457, 975476000, 695543
976224115, 976797029, 572914
977573372, 978266057, 692685
978888571, 979595657, 707086
980350172, 980913371, 563199
981678972, 982366972, 688000
982966629, 983668914, 702285
984415543, 984965714, 550171
985722629, 986407429, 684800
987161829, 987730400, 568571
988489715, 989195429, 705714
989809257, 990500800, 691543
991247429, 991830743, 583314
992600914, 993283772, 682858
993890857, 994613714, 722857
995363543, 995930286, 566743
996690857, 997396915, 706058
998006514, 998726057, 719543
999493372, 195200, -999298172
809943, 1501486, 691543
2244800, 2827429, 582629
3605257, 4297943, 692686
4906743, 5622057, 715314
6371086, 6935771, 564685
7700457, 8383315, 682858
8990171, 9712000, 721829
10464800, 11154286, 689486
11770629, 12460457, 689828
13216000, 13789029, 573029
14547314, 15231772, 684458
15839314, 16535086, 695772
17279886, 17845371, 565485
18616343, 19286400, 670057
19892000, 20601829, 709829
21373829, 21932571, 558742
22694286, 23022857, 328571
23993829, 24724457, 730628
25498972, 26195543, 696571
26808571, 27493029, 684458
28242058, 28828800, 586742
29597943, 30280343, 682400
30888000, 31599086, 711086
32350057, 32911086, 561029
33680686, 34378172, 697486
34985257, 35497600, 512343
36222743, 39594629, 3371886
40390057, 40955886, 565829
41717829, 42403772, 685943
43151429, 43729829, 578400
44496229, 45191429, 695200
45800229, 46486172, 685943
47230286, 47815314, 585028
49317143, 49898514, 581371
50666057, 51361600, 695543
51963314, 52671543, 708229
53412000, 53956571, 544571
54717943, 55398172, 680229
56141600, 56725029, 583429
57487429, 58183315, 695886
58789943, 59485257, 695314
60232115, 60803543, 571428
61567314, 62269600, 702286
62885143, 63579429, 694286
64324457, 64884229, 559772
65658286, 66341715, 683429
66943657, 67651429, 707772
68399657, 68945486, 545829
69703886, 70389029, 685143
70996343, 71714514, 718171
72481829, 73168800, 686971
73787657, 74478286, 690629
75231886, 75805371, 573485
76566743, 77261715, 694972
77884343, 78592457, 708114
79344915, 79910857, 565942
80672114, 81376457, 704343
81984571, 82496686, 512115
83484457, 84191658, 707201
84803886, 85497943, 694057
86248572, 86832229, 583657
87596800, 88283886, 687086
88887543, 89601486, 713943
90354629, 90916000, 561371
91688000, 92388800, 700800
92997486, 93718400, 720914
94482400, 94827086, 344686
95803086, 96498514, 695428
97248343, 97816914, 568571
98591772, 99276229, 684457
99886057, 100596000, 709943
101349257, 101914286, 565029
102673714, 103364800, 691086
103971086, 104681486, 710400
105434629, 105981486, 546857
106748457, 107428000, 679543
108186629, 108757257, 570628
109531086, 110230400, 699314
110844571, 111545829, 701258
112280915, 112842057, 561142
113601372, 114286400, 685028
114895086, 115617829, 722743
116374972, 116930971, 555999
117699657, 118382515, 682858
118983314, 119688572, 705258
120445600, 120992800, 547200
121753486, 122440457, 686971
123193600, 123759314, 565714
124514514, 125201143, 686629
125808229, 126483772, 675543
127230172, 127799543, 569371
128558743, 129281943, 723200
129909600, 130623429, 713829
131380572, 131943657, 563085
132714057, 133412000, 697943
134167543, 134733600, 566057
135495086, 136192115, 697029
136805143, 137493372, 688229
138240458, 138822743, 582285
139593372, 140278172, 684800
140883314, 141595772, 712458
142345029, 142908114, 563085
143665829, 144372915, 707086
144979543, 145689257, 709714
146450515, 147008800, 558285
147776000, 148464572, 688572
149222858, 149793143, 570285
150560229, 151254972, 694743
151866171, 152564572, 698401
153301715, 153871771, 570056
154642400, 155333257, 690857
155938857, 156642172, 703315
157383657, 157944914, 561257
158719772, 159400572, 680800
160148800, 160728686, 579886
161489372, 162187886, 698514
162796343, 163495315, 698972
164242743, 164816686, 573943
165577714, 166267886, 690172
166878514, 167589029, 710515
168340000, 168906286, 566286
169681714, 170372000, 690286
170976229, 171685029, 708800
172444686, 172994514, 549828
173756114, 174440000, 683886
175701143, 176508229, 807086
177273600, 177845029, 571429
178611200, 179288915, 677715
179894057, 180613143, 719086
181365715, 181928914, 563199
182691543, 183020800, 329257
183987771, 184694743, 706972
185453143, 186005486, 552343
186773829, 187245486, 471657
187838629, 194389713, 6551084
195183085, 195755200, 572115
196519315, 197207315, 688000
197824914, 198505943, 681029
199275200, 199853143, 577943
200629143, 200955886, 326743
201929143, 202639886, 710743
203388343, 203743771, 355428
204486286, 206230286, 1744000
206873714, 207591314, 717600
208345943, 208912457, 566514
209689372, 210384572, 695200
210994057, 211707543, 713486
212462515, 213014400, 551885
213782743, 214476800, 694057
215242400, 215816571, 574171
216591086, 217284115, 693029
217898857, 218391543, 492686
218986057, 219891771, 905714
220671657, 221002743, 331086
221990400, 222714743, 724343
223477257, 224184115, 706858
224800571, 225493715, 693144
226243772, 226823086, 579314
227588914, 228295200, 706286
228914171, 229620114, 705943
230376572, 230940571, 563999
231719657, 232408800, 689143
233182515, 233763543, 581028
234530857, 235226743, 695886
235838400, 236538743, 700343
237296115, 237863429, 567314
238637372, 239334857, 697485
239956343, 240665600, 709257
241425143, 241969486, 544343
242737600, 243436457, 698857
244195086, 244764572, 569486
245534286, 246221600, 687314
246846971, 247551086, 704115
248297372, 248877600, 580228
249652343, 250340457, 688114
250950743, 251652914, 702171
252407200, 252967543, 560343
253735429, 254421029, 685600
255184686, 255764114, 579428
256533257, 257226515, 693258
257839771, 258538400, 698629
259282172, 259848914, 566742
260611886, 261294972, 683086
261916229, 262619657, 703428
263372000, 263926057, 554057
264703200, 265382629, 679429
265994628, 266711086, 716458
267476000, 268177943, 701943
268791543, 269483886, 692343
270240458, 270813829, 573371
271590514, 272288572, 698058
272911200, 273631429, 720229
274390629, 274946743, 556114
275711429, 276393143, 681714
277147772, 277720686, 572914
278486857, 279184343, 697486
279800571, 280505372, 704801
281255543, 281825829, 570286
282597486, 283275657, 678171
283891086, 284606972, 715886
285367086, 285929714, 562628
286700686, 287388572, 687886
287998743, 288710172, 711429
289473372, 290021600, 548228
290791657, 291482857, 691200
292242058, 292813029, 570971
293592343, 294273372, 681029
294886971, 295591657, 704686
296346857, 296910857, 564000
297683200, 298376229, 693029
298989371, 299709714, 720343
300485029, 301178858, 693829
301795314, 302478286, 682972
303235429, 303816229, 580800
304593714, 305274629, 680915
305889257, 306603429, 714172
307358972, 307925714, 566742
308689372, 309384343, 694971
309995657, 310707086, 711429
311847429, 312592343, 744914
313359315, 313921943, 562628
314698172, 315388457, 690285
316143429, 316711200, 567771
317475315, 318171543, 696228
318787886, 319469943, 682057
320226858, 320794629, 567771
321571429, 322250286, 678857
322864800, 323568914, 704114
324329829, 324895886, 566057
325667200, 326351429, 684229
326966743, 327667200, 700457
328419200, 328971086, 551886
329737943, 330418400, 680457
331167429, 331732000, 564571
332502286, 333188572, 686286
333800686, 334480686, 680000
335239086, 335808571, 569485
336583314, 337271315, 688001
337888800, 338601600, 712800
339360457, 339923657, 563200
340695886, 341378400, 682514
341989829, 342696686, 706857
343462743, 344007771, 545028
344772114, 345465600, 693486
346225715, 346799657, 573942
347570972, 348258629, 687657
348874857, 349602514, 727657
350363886, 350920686, 556800
351700572, 352375657, 675085
352986286, 353695429, 709143
354463200, 355014057, 550857
355776000, 356474286, 698286
357228458, 357805371, 576913
358581714, 359278057, 696343
359909714, 360629714, 720000
361388915, 361944229, 555314
362721486, 363407315, 685829
364155543, 364716343, 560800
365494172, 366183200, 689028
366800343, 367663772, 863429
368440800, 368995657, 554857
369768229, 370469600, 701371
371229943, 371802514, 572571
372575200, 373268000, 692800
373891086, 374602857, 711771
375367772, 375930057, 562285
377402629, 378194515, 791886
378823314, 379506743, 683429
380264343, 380831886, 567543
381602857, 382296915, 694058
382918286, 383617257, 698971
384377943, 384946857, 568914
385726857, 386410286, 683429
387168229, 387727314, 559085
388507315, 389205143, 697828
389826743, 390527200, 700457
391281486, 391848000, 566514
392623314, 393295429, 672115
393911657, 394617943, 706286
395382972, 395943200, 560228
396722400, 397402286, 679886
398162629, 398729943, 567314
399511429, 400202858, 691429
400825600, 401510057, 684457
402267657, 402834514, 566857
403606172, 404283772, 677600
404904571, 405626172, 721601
406393829, 406942400, 548571
407715314, 408398743, 683429
409159658, 409726629, 566971
410506172, 411198172, 692000
411818971, 412516800, 697829
413264800, 413830971, 566171
414605143, 415297486, 692343
415921486, 416631886, 710400
417391429, 417942629, 551200
418714629, 419398515, 683886
420157258, 420723086, 565828
421494972, 422187543, 692571
422805829, 423516800, 710971
424278743, 424846743, 568000
425624572, 426310286, 685714
426932686, 427644343, 711657
428409715, 428962971, 553256
429735200, 430416343, 681143
431171429, 431752914, 581485
432524343, 433202858, 678515
433819657, 434527429, 707772
435279772, 435853371, 573599
436645943, 437320115, 674172
437952000, 438651543, 699543
439419086, 439975429, 556343
440749372, 441430972, 681600
442195429, 442760457, 565028
443533143, 444249258, 716115
444877486, 445584343, 706857
446341600, 446906171, 564571
447683200, 448362972, 679772
448979657, 449698286, 718629
450472686, 451166058, 693372
451785600, 452476686, 691086
453234743, 453801600, 566857
454576000, 455262972, 686972
455885257, 456602057, 716800
457360343, 457926514, 566171
458701943, 459407429, 705486
460020914, 460737143, 716229
461501714, 462204115, 702401
462820686, 463508114, 687428
464263429, 464843086, 579657
465624572, 466302972, 678400
466918743, 467622286, 703543
468378057, 468940229, 562172
469711772, 470398515, 686743
471165029, 471730857, 565828
472511086, 473199772, 688686
473823657, 474504229, 680572
475265143, 475833600, 568457
476606400, 477286972, 680572
477908800, 478615886, 707086
479373372, 479941486, 568114
480721029, 481400686, 679657
482157372, 482720457, 563085
483501600, 484194858, 693258
484814514, 485506286, 691772
486259543, 486827429, 567886
487608000, 488285943, 677943
488905829, 489618172, 712343
490380229, 490939886, 559657
491714057, 492389829, 675772
493149829, 493720000, 570171
494491772, 495182515, 690743
495800343, 496500229, 699886
497253029, 497817143, 564114
498589714, 499262972, 673258
499884229, 500602400, 718171
501359429, 501924800, 565371
502697372, 503386057, 688685
503998400, 504713257, 714857
505486057, 506023657, 537600
506798743, 507488800, 690057
508247086, 508817486, 570400
509596914, 510280343, 683429
510906400, 511617143, 710743
512379429, 512930514, 551085
513702743, 514388000, 685257
515143886, 515710172, 566286
516475200, 517160000, 684800
517790629, 518472686, 682057
519234172, 519807771, 573599
520581600, 521279543, 697943
521907886, 522617714, 709828
523380457, 523940686, 560229
524711886, 525409029, 697143
526165486, 526726743, 561257
527504000, 528209600, 705600
528826514, 529516114, 689600
530274629, 530840457, 565828
531619429, 532301029, 681600
532920114, 533629372, 709258
534388915, 534941829, 552914
535722172, 536412000, 689828
537173943, 537737829, 563886
538510286, 539209943, 699657
539837143, 540541029, 703886
541293372, 541865486, 572114
542646400, 543331429, 685029
543949600, 544646286, 696686
545404572, 545967886, 563314
546739314, 547448343, 709029
548210858, 548793714, 582856
549568686, 550274629, 705943
550904571, 551614514, 709943
552379086, 552936914, 557828
553713600, 554402400, 688800
555164915, 555746743, 581828
556514857, 557215315, 700458
557831200, 558518972, 687772
559274515, 559846857, 572342
560621143, 561301715, 680572
561923086, 562643429, 720343
563410743, 563967314, 556571
564743200, 565435657, 692457
566205143, 566774514, 569371
567549486, 568245258, 695772
568868914, 569583314, 714400
570347772, 570915314, 567542
571693714, 572379086, 685372
573676572, 574494629, 818057
575264343, 575836000, 571657
576606286, 577282400, 676114
577903200, 578617257, 714057
579378400, 579937600, 559200
580713372, 581393143, 679771
582156915, 582722972, 566057
583504114, 584197029, 692915
584819429, 585515543, 696114
586269257, 586833257, 564000
587614972, 588292572, 677600
588911314, 589612229, 700915
590372343, 590927771, 555428
591706172, 592396229, 690057
593149029, 593714857, 565828
594498286, 595198286, 700000
595819771, 596492343, 672572
597250057, 597817486, 567429
598596000, 599279886, 683886
599900686, 600611200, 710514
601372800, 601936914, 564114
602718057, 603404000, 685943
604161258, 604724914, 563656
605505486, 606192686, 687200
606818057, 607498743, 680686
608258629, 608828343, 569714
609601600, 610272686, 671086
610894629, 611611543, 716914
612372115, 612927429, 555314
613702743, 614379200, 676457
614996800, 615707657, 710857
616485829, 617172800, 686971
617797486, 618482286, 684800
619242172, 619821257, 579085
620597029, 621269600, 672571
621889829, 622613029, 723200
623375086, 623926286, 551200
624702972, 625379886, 676914
625993600, 626710286, 716686
627483429, 628176915, 693486
628796114, 629485143, 689029
630250286, 630820914, 570628
631601486, 632282629, 681143
632899543, 633618172, 718629
634381372, 634947086, 565714
635731886, 636433143, 701257
637199543, 637778400, 578857
638553600, 639245258, 691658
639867543, 640566514, 698971
641329600, 641890743, 561143
642667314, 643365829, 698515
643982857, 644711657, 728800
645485257, 646175200, 689943
646796000, 647491886, 695886
648251429, 648819543, 568114
649597600, 650271315, 673715
650889486, 651615543, 726057
652382172, 652947771, 565599
653727543, 654418972, 691429
655175772, 655738629, 562857
656513829, 657205600, 691771
657823543, 658519200, 695657
659271886, 659846514, 574628
660626629, 661310972, 684343
661926857, 662632800, 705943
663398629, 663956800, 558171
664729829, 665406743, 676914
666172229, 666740457, 568228
667522972, 668212458, 689486
668836914, 669552229, 715315
670311315, 670871200, 559885
671644229, 672337829, 693600
672953029, 673676914, 723885
674454629, 675003086, 548457
675777486, 676469029, 691543
677227772, 677809714, 581942
678589714, 679268915, 679201
679891543, 680599429, 707886
681356686, 681918171, 561485
682692000, 683383772, 691772
683998171, 684710514, 712343
685491657, 686180343, 688686
686798857, 687482515, 683658
688242172, 688812114, 569942
689586286, 690282286, 696000
690905371, 691406629, 501258
692381486, 692939657, 558171
693716343, 694418400, 702057
695182400, 695751314, 568914
696519657, 697214972, 695315
697832914, 698529257, 696343
699275200, 699845143, 569943
700627772, 701302172, 674400
701919543, 702616800, 697257
703382629, 703943657, 561028
704723772, 705419086, 695314
706177829, 706748229, 570400
707512000, 708206858, 694858
708827543, 709530972, 703429
710282172, 710855543, 573371
711634057, 712310629, 676572
712928686, 713645029, 716343
714413600, 714959086, 545486
715731657, 716410172, 678515
717170172, 717734629, 564457
718513257, 719200800, 687543
719825371, 720528457, 703086
721276229, 721837143, 560914
722610172, 723285829, 675657
723906857, 724613829, 706972
725378515, 725940000, 561485
726718400, 727399315, 680915
728155315, 728716572, 561257
729490972, 730183086, 692114
730805371, 731487086, 681715
732241829, 732810629, 568800
733586286, 734303657, 717371
734925486, 735636457, 710971
736406743, 736959886, 553143
737733143, 738426515, 693372
739203543, 739772571, 569028
740549943, 741240572, 690629
741863086, 742572114, 709028
743330857, 743897829, 566972
744681486, 745360115, 678629
745976114, 746688114, 712000
747463086, 748012343, 549257
748784914, 749481029, 696115
750245258, 750818743, 573485
751591657, 752277143, 685486
752898057, 753406972, 508915
754395086, 754956800, 561714
755736572, 756427772, 691200
757184800, 757750057, 565257
758526057, 759248229, 722172
759878171, 760594172, 716001
761358629, 761925943, 567314
762709714, 763405029, 695315
764163772, 764729143, 565371
765510972, 766206058, 695086
766829714, 767526400, 696686
768811314, 769632114, 820800
770410972, 770961600, 550628
771733829, 772421943, 688114
773174972, 773736343, 561371
774521829, 775210286, 688457
775836800, 776530972, 694172
777284572, 777849943, 565371
778626286, 779313715, 687429
779932686, 780645714, 713028
781410743, 781959314, 548571
782729486, 783435086, 705600
784197258, 784761714, 564456
785534743, 786222172, 687429
786846057, 787541257, 695200
788306629, 788874400, 567771
789648229, 790347886, 699657
790966629, 791674514, 707885
792438057, 792989257, 551200
793761486, 794458515, 697029
795223086, 795793943, 570857
796570629, 797257715, 687086
797878629, 798590972, 712343
799354057, 799908571, 554514
800681600, 801367657, 686057
801985829, 802688343, 702514
803465715, 804012457, 546742
804783429, 805480915, 697486
806236572, 806806171, 569599
807586629, 808264000, 677371
808888343, 809598629, 710286
810362286, 810929829, 567543
811707886, 812388000, 680114
813145486, 813708114, 562628
814478286, 815163658, 685372
815788800, 816474972, 686172
817233715, 817809143, 575428
818584914, 819284572, 699658
819908343, 820615200, 706857
821383315, 821941143, 557828
822718286, 823425486, 707200
824205943, 824773029, 567086
825544800, 826235315, 690515
826854971, 827559657, 704686
828322629, 828885943, 563314
829665029, 830348115, 683086
830964800, 831676457, 711657
832461829, 833005029, 543200
833778743, 834467429, 688686
835233029, 835800800, 567771
836578514, 837256343, 677829
837879200, 838600457, 721257
839360915, 839918629, 557714
840699200, 841382972, 683772
841997714, 842706057, 708343
843485829, 844181715, 695886
844800800, 845490629, 689829
846246858, 846813371, 566513
847592000, 848270515, 678515
848892114, 849613143, 721029
850377257, 850931429, 554172
851706172, 852384915, 678743
853001371, 853717829, 716458
854496800, 855192458, 695658
855809600, 856500686, 691086
857257029, 857826057, 569028
858608000, 859276800, 668800
859898857, 860611314, 712457
861375086, 861928457, 553371
862700686, 863379429, 678743
864145486, 864706057, 560571
865474057, 866180686, 706629
866798743, 867489257, 690514
868257029, 868825371, 568342
869603772, 870277257, 673485
870896800, 871610629, 713829
872369029, 872929257, 560228
873703200, 874380800, 677600
874996914, 875698629, 701715
876484686, 876823086, 338400
877579543, 887703768, 10124225
888525598, 889236228, 710630
889861143, 890574857, 713714
891340343, 891909486, 569143
892697143, 893375657, 678514
893991543, 894697257, 705714
895470057, 896156686, 686629
896782971, 897477372, 694401
898240458, 898817257, 576799
899600800, 900299315, 698515
900927657, 901646057, 718400
902412457, 902958171, 545714
903730857, 904416572, 685715
905178858, 905747886, 569028
906534857, 907218172, 683315
907841371, 908826971, 985600
909608572, 910282857, 674285
910900571, 911609943, 709372
912376343, 912933714, 557371
913706172, 914385143, 678971
915001486, 915715314, 713828
916481486, 917022171, 540685
917794286, 918489943, 695657
919242172, 919808686, 566514
920591200, 921272000, 680800
921892800, 922600114, 707314
923364457, 923926286, 561829
924703772, 925390515, 686743
926149600, 926711429, 561829
927482400, 928172915, 690515
928795886, 929476115, 680229
930235315, 930803886, 568571
931581372, 932270400, 689028
932896229, 933603886, 707657
934369829, 934929486, 559657
935711314, 936402172, 690858
937181600, 937758514, 576914
938524000, 939210058, 686058
939826514, 940529257, 702743
941275429, 941846743, 571314
942631543, 943308343, 676800
943925829, 944626514, 700685
945394857, 945950971, 556114
946724686, 947435543, 710857
948205600, 948776343, 570743
949553029, 950241715, 688686
950863429, 951566857, 703428
952325600, 952892000, 566400
953674286, 954004686, 330400
955140229, 955708686, 568457
956505943, 957200800, 694857
957821943, 958509714, 687771
959266172, 959844229, 578057
960619314, 960951086, 331772
961918629, 962635657, 717028
963396800, 963959771, 562971
964737143, 965431200, 694057
966189943, 966763200, 573257
967536572, 968225715, 689143
968850629, 969560000, 709371
970318972, 970899086, 580114
971683086, 972368457, 685371
973639543, 974461029, 821486
975224800, 975797143, 572343
976574972, 977261372, 686400
977882057, 978584114, 702057
979351657, 979908686, 557029
980686857, 981372343, 685486
981991771, 982698743, 706972
983478629, 983820000, 341371
984800114, 985494515, 694401
986255200, 986829714, 574514
987615314, 988294057, 678743
988916571, 989624686, 708115
990384115, 990952114, 567999
991731543, 992420229, 688686
993172458, 993733029, 560571
994503543, 995189029, 685486
995811543, 996488686, 677143
997250629, 997830400, 579771
998607086, 999278857, 671771
999900000, 621143, -999278857
1390400, 1745029, 354629
2712000, 3436457, 724457
4202972, 4782971, 579999
5557600, 6248115, 690515
6865943, 7562857, 696914
8322972, 8678857, 355885
9657257, 10340572, 683315
10957029, 11675657, 718628
12442286, 12982057, 539771
13754857, 14445486, 690629
15211200, 15776000, 564800
16546057, 16881486, 335429
17626400, 18702743, 1076343
19513943, 20209715, 695772
20826171, 21515086, 688915
22264229, 22827543, 563314
23605600, 24284915, 679315
24906514, 25612229, 705715
26407086, 26772686, 365600
27763314, 28459657, 696343
29218400, 29805943, 587543
30582172, 31261143, 678971
31885943, 32606400, 720457
33371315, 33926514, 555199
34696000, 35376000, 680000
35989257, 36688114, 698857
37470172, 38152800, 682628
38779657, 39472572, 692915
40228000, 40792114, 564114
41563429, 42240229, 676800
42862286, 43574972, 712686
44330400, 44886743, 556343
45664572, 45991429, 326857
46965714, 47671200, 705486
49176229, 49772686, 596457
50548114, 51233829, 685715
51859200, 52575086, 715886
53343086, 53906857, 563771
54681257, 55358286, 677029
55975086, 56682172, 707086
57451429, 57999200, 547771
58769143, 59465372, 696229
60229029, 60593143, 364114
61583886, 62263772, 679886
62885371, 63608229, 722858
64366972, 64927543, 560571
65698057, 66379429, 681372
67140000, 67702972, 562972
68470857, 69160686, 689829
69788000, 70479086, 691086
71235543, 71800229, 564686
72573829, 73273257, 699428
73900686, 74615086, 714400
75375086, 75938629, 563543
76717943, 77410743, 692800
78165258, 78727200, 561942
79504229, 80203772, 699543
80821714, 81510972, 689258
82265600, 82828000, 562400
83604800, 84270286, 665486
84892343, 85395886, 503543
86375772, 86936686, 560914
87710057, 88393829, 683772
89155658, 89727429, 571771
90502743, 91199658, 696915
91816457, 92497372, 680915
93250172, 93813943, 563771
94588800, 95268115, 679315
95887429, 96598514, 711085
97363543, 97929257, 565714
98705029, 99383315, 678286
99999314, 100702286, 702972
101486857, 102186400, 699543
102806514, 103501829, 695315
104256229, 104822514, 566285
105601486, 106280572, 679086
106900114, 107610743, 710629
108376572, 108948114, 571542
109740914, 110428229, 687315
111191886, 111760800, 568914
112531543, 113219429, 687886
113840114, 114551200, 711086
115311543, 115880457, 568914
116661486, 117348686, 687200
117961829, 118679314, 717485
119448229, 119996000, 547771
120771200, 121458400, 687200
122216229, 122787771, 571542
123564000, 124254057, 690057
124874286, 125585257, 710971
126341029, 126904229, 563200
127683886, 128364457, 680571
128980229, 129695314, 715085
130461600, 131004571, 542971
131776229, 132467772, 691543
133231429, 133595772, 364343
134595200, 135272457, 677257
135895771, 136604686, 708915
137375429, 137926286, 550857
138701372, 139398972, 697600
140172915, 140736457, 563542
141515315, 142211886, 696571
142832914, 143537600, 704686
144293943, 144860114, 566171
145637257, 146313372, 676115
146934514, 147639772, 705258
148401029, 148965029, 564000
149742057, 150437143, 695086
151197943, 151769257, 571314
152543314, 153232229, 688915
153850400, 154556800, 706400
155311657, 155879657, 568000
156658743, 157346972, 688229
157966857, 158482629, 515772
159485715, 160180458, 694743
160802629, 161505600, 702971
162261143, 162832229, 571086
163604800, 164281829, 677029
164902743, 165614972, 712229
166378857, 166951657, 572800
167731657, 168424686, 693029
169186858, 169758172, 571314
170526743, 171220686, 693943
171842971, 172547429, 704458
173309943, 173886286, 576343
174668343, 175350172, 681829
175967314, 176696914, 729600
177991771, 178768114, 776343
179553943, 180231315, 677372
180855086, 181561143, 706057
182322515, 182886971, 564456
183664343, 184347315, 682972
184963200, 185674743, 711543
186448457, 186991428, 542971
187763543, 188459086, 695543
189218058, 189787314, 569256
190565143, 191251315, 686172
191873371, 192590057, 716686
193352457, 193918057, 565600
194697600, 195380000, 682400
195994743, 196704229, 709486
197480115, 198177143, 697028
198795429, 199483657, 688228
200242058, 200810857, 568799
201585600, 202265143, 679543
202886629, 203605943, 719314
204365372, 204930514, 565142
205710057, 206405600, 695543
207019886, 207738400, 718514
208515657, 209212572, 696915
209837486, 210530286, 692800
211304572, 211876457, 571885
212659200, 213353715, 694515
213967886, 214685486, 717600
215453029, 216148343, 695314
216778629, 217475315, 696686
218230972, 218800229, 569257
219572800, 220247886, 675086
220873486, 221366057, 492571
222349029, 222914629, 565600
223691886, 224373829, 681943
224992800, 225723086, 730286
226501143, 227197486, 696343
227816571, 228511657, 695086
229262515, 229837371, 574856
230612914, 231313829, 700915
231936229, 232644800, 708571
233405486, 233966057, 560571
234738057, 235422172, 684115
236190743, 236766171, 575428
237538972, 238240686, 701714
238870857, 239581829, 710972
240347086, 240905029, 557943
241681829, 242354629, 672800
242971886, 243680229, 708343
244451543, 244995543, 544000
245769943, 246471429, 701486
247223543, 247790629, 567086
248565714, 249240229, 674515
249863314, 250570172, 706858
251333943, 251894400, 560457
252671657, 253352915, 681258
253970171, 254678286, 708115
255432686, 255992800, 560114
256768800, 257463657, 694857
258226515, 258797371, 570856
259574400, 260255543, 681143
260875657, 261593257, 717600
262356115, 262909943, 553828
263686514, 264366515, 680001
264984571, 265701257, 716686
266472686, 267017257, 544571
267787429, 268483543, 696114
269235886, 269813143, 577257
270597372, 271278286, 680914
271899314, 272618972, 719658
273393486, 273942857, 549371
274720000, 275418972, 698972
276182172, 276744229, 562057
277507315, 278194629, 687314
278812686, 279517943, 705257
280266400, 280837029, 570629
281609829, 282287886, 678057
282906629, 283617829, 711200
284384572, 284953029, 568457
285734286, 286419315, 685029
287175200, 287742972, 567772
288516572, 289201600, 685028
289825143, 290311886, 486743
290914971, 293418172, 2503201
294224115, 294593600, 369485
295335429, 296229029, 893600
296854629, 297562286, 707657
298322286, 298901029, 578743
299681143, 300363200, 682057
300980114, 301722629, 742515
302497943, 303191658, 693715
303810629, 304517829, 707200
305270515, 305836800, 566285
306609257, 307280572, 671315
307901486, 308606400, 704914
309371429, 309929486, 558057
310704229, 311032343, 328114
312465715, 313270286, 804571
313914971, 314610057, 695086
315369715, 315929486, 559771
316710743, 317398172, 687429
318163200, 318738172, 574972
319518629, 320233258, 714629
320861829, 321563657, 701828
322326972, 322889143, 562171
323664000, 324363429, 699429
324988914, 325698514, 709600
326461372, 327003886, 542514
327775657, 328473943, 698286
329236115, 329809371, 573256
330586400, 331267543, 681143
331888343, 332597600, 709257
333362743, 333925371, 562628
334703314, 335399086, 695772
336152572, 336717029, 564457
337483429, 338180686, 697257
338802400, 339509943, 707543
340255315, 340818171, 562856
341591543, 342278057, 686514
342897029, 343604457, 707428
344369600, 344926400, 556800
345703657, 346382743, 679086
347001486, 347720229, 718743
348493143, 349186629, 693486
349813829, 350492457, 678628
351248000, 351824457, 576457
352616000, 353284115, 668115
353904914, 354620343, 715429
355390400, 355966286, 575886
356742514, 357432915, 690401
358194858, 358763771, 568913
359534857, 360249143, 714286
360875657, 361590743, 715086
362353715, 362914057, 560342
363690743, 364372800, 682057
364988914, 365694857, 705943
366469829, 367174629, 704800
367796571, 368492572, 696001
369252800, 369823771, 570971
370601257, 371280686, 679429
371905143, 372617600, 712457
373378857, 373939886, 561029
375423657, 376214058, 790401
376854857, 377556457, 701600
378324229, 378890171, 565942
379666172, 380346172, 680000
380963657, 381667314, 703657
382431200, 382980914, 549714
383755772, 384450286, 694514
385211200, 385782172, 570972
386558743, 387251658, 692915
387871200, 388579657, 708457
389347200, 389908000, 560800
390686857, 391366400, 679543
391985257, 392686286, 701029
393456572, 394006057, 549485
394778286, 395474743, 696457
396233372, 396803657, 570285
397581829, 398260343, 678514
398878971, 399595314, 716343
400361486, 400924229, 562743
401703657, 402386057, 682400
403003543, 403707314, 703771
404476229, 405013828, 537599
405782857, 406481829, 698972
407233715, 407818514, 584799
408605143, 409288000, 682857
409907314, 410609372, 702058
411373829, 411931543, 557714
412704572, 413381372, 676800
414145486, 414706629, 561143
415474972, 416160000, 685028
416788914, 417486400, 697486
418240115, 418813371, 573256
419589029, 420281943, 692914
420900571, 421607314, 706743
422371429, 422930971, 559542
423707200, 424389600, 682400
425004114, 425722286, 718172
426495772, 427182172, 686400
427808800, 428496229, 687429
429258286, 429826286, 568000
430598286, 431278743, 680457
431900686, 432610286, 709600
433376915, 433931086, 554171
434707886, 435395200, 687314
436151543, 436722400, 570857
437509257, 438207200, 697943
438827200, 439532114, 704914
440283315, 440850286, 566971
441624914, 442306515, 681601
442928000, 443643772, 715772
444406286, 444958286, 552000
445735657, 446421372, 685715
447176000, 447741372, 565372
448511772, 449223200, 711428
449850857, 450552800, 701943
451316000, 451881600, 565600
452657486, 453325029, 667543
453944229, 454654972, 710743
455413257, 455759086, 345829
456737829, 457423086, 685257
458185829, 458756800, 570971
459521486, 460202058, 680572
460820343, 461521829, 701486
462274057, 462842514, 568457
463612343, 464300457, 688114
464917143, 465624914, 707771
466392229, 466956114, 563885
467729029, 468409715, 680686
469169715, 469743886, 574171
470513029, 471204915, 691886
471827543, 472528000, 700457
473277715, 473843086, 565371
474614857, 475299772, 684915
475920800, 476615314, 694514
477374972, 477932229, 557257
478707772, 479402286, 694514
480162058, 480728000, 565942
481506857, 482203200, 696343
482820571, 483521372, 700801
484269829, 484844571, 574742
485623429, 486298972, 675543
486919314, 487623200, 703886
488381943, 488937029, 555086
489712000, 490410629, 698629
491173372, 491745486, 572114
492516914, 493211658, 694744
493834629, 494540114, 705485
495298743, 495872229, 573486
496652572, 497332000, 679428
497948343, 498661943, 713600
499426172, 499976229, 550057
500749714, 501215429, 465715
502211886, 502779657, 567771
503560457, 504236115, 675658
504862743, 505576229, 713486
506331657, 506892229, 560572
507673943, 508002171, 328228
508986400, 509506743, 520343
510237600, 511257829, 1020229
511912343, 512425486, 513143
513166400, 518581828, 5415428
519392457, 519751543, 359086
520505486, 521431886, 926400
522193143, 522772457, 579314
523538629, 523873943, 335314
524621943, 527650285, 3028342
528467428, 529170628, 703200
529799085, 530494514, 695429
531254171, 531819542, 565371
532592342, 533262628, 670286
533886056, 534594742, 708686
535353828, 535920799, 566971
536702171, 537401599, 699428
538163771, 538736228, 572457
539519199, 540212228, 693029
540839314, 541543771, 704457
542306285, 542868571, 562286
543642514, 544342514, 700000
544966285, 545674971, 708686
546605256, 547333028, 727772
547959999, 548664114, 704115
549427085, 549980799, 553714
550767428, 551455999, 688571
552211999, 552786856, 574857
553561714, 554246399, 684685
554863542, 555581485, 717943
556341599, 556908799, 567200
557696571, 558397257, 700686
559013942, 559738171, 724229
560516571, 561219999, 703428
561846628, 562527657, 681029
563288342, 563867085, 578743
564649714, 565351314, 701600
565977371, 566690971, 713600
567457142, 568005142, 548000
568786514, 569481485, 694971
570240457, 570818628, 578171
571595885, 572299428, 703543
572927885, 573639999, 712114
574410742, 574973256, 562514
575757942, 576450628, 692686
577218057, 577795314, 577257
579257599, 579898171, 640572
580695656, 581394285, 698629
582010056, 582717714, 707658
583489599, 584181028, 691429
584799199, 585485942, 686743
586253257, 586828228, 574971
587605714, 588292457, 686743
588911085, 589622857, 711772
590379199, 590942628, 563429
591722171, 592411199, 689028
593169028, 593731314, 562286
594511885, 595207542, 695657
595825828, 596516457, 690629
597272114, 597857371, 585257
598627771, 599336342, 708571
599959771, 600669714, 709943
601437714, 601993714, 556000
602776342, 603467885, 691543
604233599, 604809828, 576229
605584571, 606280571, 696000
606909142, 607623657, 714515
608384342, 608943199, 558857
609721942, 610420685, 698743
611174971, 611746285, 571314
612523885, 613213485, 689600
613835085, 614541828, 706743
615300114, 615860914, 560800
616635314, 617327542, 692228
617950285, 618651771, 701486
619414857, 619964456, 549599
620737142, 621422857, 685715
622180114, 622753828, 573714
623525142, 624213599, 688457
624832914, 625534971, 702057
626286742, 626851999, 565257
627623542, 628297257, 673715
628922856, 629630399, 707543
630391085, 630940456, 549371
631713942, 632405371, 691429
633177257, 633765599, 588342
634537028, 635233828, 696800
635851542, 636566057, 714515
637328685, 637892228, 563543
638674514, 639354857, 680343
639974056, 640687199, 713143
641455428, 642005485, 550057
642777828, 643473599, 695771
644236685, 644802056, 565371
645582742, 646266399, 683657
646885942, 647592228, 706286
648350171, 648911085, 560914
649692571, 650389257, 696686
651006628, 651710285, 703657
652474857, 653158628, 683771
653789942, 654475199, 685257
655233485, 655801714, 568229
656576799, 657276457, 699658
657897942, 658616571, 718629
659381257, 659944456, 563199
660714742, 661414742, 700000
662181371, 662752456, 571085
663521714, 664208685, 686971
664827542, 665518171, 690629
666266285, 666826056, 559771
667606514, 668292342, 685828
668911656, 669625942, 714286
670390628, 670954285, 563657
671732114, 672427428, 695314
673190399, 673759542, 569143
674534628, 674869142, 334514
675851885, 676565942, 714057
677331085, 677889142, 558057
678667885, 679353257, 685372
679975085, 680682628, 707543
681452571, 682145257, 692686
682778856, 683478514, 699658
684251542, 684818742, 567200
685598971, 686307314, 708343
686932571, 687643657, 711086
688410628, 688964799, 554171
689738514, 690427999, 689485
691194857, 691763771, 568914
692539085, 693224342, 685257
693849714, 694552228, 702514
695306971, 695878628, 571657
696656228, 697333371, 677143
697949256, 698659542, 710286
699422514, 699775428, 352914
700762056, 701451885, 689829
702218628, 702793142, 574514
703568228, 704244799, 676571
704865942, 705573714, 707772
706335199, 706906742, 571543
707690399, 708371085, 680686
708990171, 709701256, 711085
710471314, 711014056, 542742
711784571, 712476685, 692114
713230742, 713801256, 570514
714583771, 715271657, 687886
715896914, 716608914, 712000
717378285, 717939656, 561371
718711656, 719402971, 691315
720160228, 720724914, 564686
721496914, 722209828, 712914
722834628, 723526171, 691543
724279199, 724849485, 570286
725623542, 726312457, 688915
726929485, 727624685, 695200
728388114, 728948228, 560114
729719656, 730417371, 697715
731177485, 731745485, 568000
732530971, 733214399, 683428
733845028, 734528914, 683886
735286857, 735857485, 570628
736645142, 737326057, 680915
737942171, 738652456, 710285
739420114, 739976685, 556571
740756228, 741449257, 693029
742203542, 742773942, 570400
743548914, 744224685, 675771
744850971, 745566742, 715771
746325257, 746884799, 559542
747667999, 747994971, 326972
748979428, 749691885, 712457
750461257, 750999999, 538742
751777485, 752476914, 699429
753232685, 753801714, 569029
754581714, 755269599, 687885
755890285, 756813028, 922743
757604914, 758293257, 688343
758911771, 759630399, 718628
760400685, 760957828, 557143
761734856, 762422057, 687201
763180457, 763758628, 578171
764527199, 765213599, 686400
765840914, 766544914, 704000
767307771, 767870856, 563085
768648114, 769333028, 684914
769948114, 770658514, 710400
771424342, 771975199, 550857
772748228, 773451085, 702857
774743085, 775555657, 812572
776335771, 776899314, 563543
777682399, 778360914, 678515
778977714, 779689256, 711542
780464228, 781013371, 549143
781790971, 782481142, 690171
783237942, 783812228, 574286
784589714, 785270742, 681028
785891999, 786600799, 708800
787363428, 787922056, 558628
788697485, 789379885, 682400
789993828, 790699199, 705371
791464685, 792171885, 707200
792799428, 793493028, 693600
794250171, 794813714, 563543
795584914, 796260571, 675657
796883542, 797600914, 717372
798363999, 798917142, 553143
799689371, 800384342, 694971
801000114, 801715542, 715428
802492228, 803184685, 692457
803816914, 804497714, 680800
805256342, 805828228, 571886
806598628, 807299999, 701371
807927314, 808631656, 704342
809399428, 809966399, 566971
810746399, 811426971, 680572
812182171, 812750971, 568800
813522514, 814212228, 689714
814830285, 815538971, 708686
816290514, 816852799, 562285
817625599, 818295771, 670172
818915885, 819632685, 716800
820397371, 820941142, 543771
821713599, 822397942, 684343
823010971, 823723428, 712457
824494514, 825188685, 694171
825821028, 826501257, 680229
827260685, 827839885, 579200
828625828, 829303885, 678057
829926171, 830626856, 700685
831391771, 831961256, 569485
832739314, 833419999, 680685
834180685, 834761599, 580914
835546742, 836221942, 675200
836843314, 837543885, 700571
838293142, 838872571, 579429
839655885, 840340342, 684457
840959999, 841683085, 723086
842454857, 842994742, 539885
843765942, 844459428, 693486
845223542, 845810056, 586514
846582628, 847265714, 683086
847883199, 848592456, 709257
849356342, 849920799, 564457
850707085, 851399771, 692686
852158399, 852733256, 574857
853512114, 854203314, 691200
854822514, 855511999, 689485
856267428, 856840114, 572686
857626399, 857956342, 329943
858935199, 859651771, 716572
860419085, 860970514, 551429
861758742, 862454285, 695543
863210742, 863777599, 566857
864549142, 865243428, 694286
865858856, 866560685, 701829
867318057, 867876228, 558171
868650285, 869347542, 697257
869971314, 870676914, 705600
871438971, 871981028, 542057
872751885, 873443314, 691429
874205257, 874771542, 566285
875543771, 876224799, 681028
876845256, 877561942, 716686
878324228, 878889028, 564800
879668342, 880481942, 813600
881269028, 881841942, 572914
882613828, 883300914, 687086
883921599, 884631314, 709715
885393714, 885952114, 558400
886725256, 887414057, 688801
888167999, 888739199, 571200
889515657, 890217942, 702285
890836571, 891534971, 698400
892284114, 892651885, 367771
893394285, 903642055, 10247770
904456570, 905012456, 555886
905785371, 906481600, 696229
907240343, 907816000, 575657
908591429, 909292572, 701143
909917714, 910912800, 995086
911712114, 912405943, 693829
913159886, 913720572, 560686
914502743, 915193029, 690286
915812914, 916495772, 682858
917255543, 917819543, 564000
918593600, 919294515, 700915
919920686, 920630057, 709371
921396000, 921956229, 560229
922727543, 923411772, 684229
924171658, 924735543, 563885
925520229, 926216686, 696457
926840686, 927552800, 712114
928317715, 928886971, 569256
929666972, 930350057, 683085
930967657, 931680686, 713029
932441600, 932983886, 542286
933757029, 934448800, 691771
935213029, 935791086, 578057
936567200, 937243658, 676458
937863429, 938567200, 703771
939330286, 939891314, 561028
940669600, 941372686, 703086
941996914, 942703429, 706515
943470172, 944018286, 548114
944791886, 945484572, 692686
946244000, 946810286, 566286
947587200, 948261258, 674058
948879543, 949590857, 711314
950355543, 950911886, 556343
951687314, 952363315, 676001
952981143, 953694743, 713600
954466629, 955151315, 684686
955784114, 956479772, 695658
957234286, 957810057, 575771
958591314, 959267200, 675886
959888229, 960606514, 718285
961370400, 961937486, 567086
962720114, 963433715, 713601
964198515, 964766514, 567999
965539886, 966221486, 681600
966850629, 967559314, 708685
968323200, 968883657, 560457
969661943, 970349257, 687314
970970629, 971673600, 702971
972438857, 972990857, 552000
973765829, 974463772, 697943
975230058, 975807543, 577485
976583543, 977277029, 693486
977896457, 978607886, 711429
979865029, 980675086, 810057
981465486, 982011771, 546285
982785257, 983475315, 690058
984231429, 984799086, 567657
985578286, 986261715, 683429
986881486, 987600914, 719428
988368915, 988934057, 565142
989714972, 990418743, 703771
991184343, 991766171, 581828
992535657, 993222058, 686401
993844914, 994545714, 700800
995304229, 995864800, 560571
996640343, 997325143, 684800
997940229, 998645257, 705028
999409829, 999964800, 554971
744800, 1431200, 686400
2181029, 2749714, 568685
3511429, 4198058, 686629
4816229, 5513600, 697371
6264000, 6836114, 572114
7605943, 8289943, 684000
8903086, 9601029, 697943
10365257, 10926171, 560914
11697714, 12392115, 694401
13153372, 13717257, 563885
14487429, 15189258, 701829
15810514, 16490629, 680115
17250172, 17817257, 567085
18585943, 19270857, 684914
19888571, 20592457, 703886
21354629, 21915086, 560457
22693829, 23401600, 707771
24018743, 24734172, 715429
25500686, 26189372, 688686
26812114, 27510400, 698286
28260686, 28827657, 566971
29602057, 30289715, 687658
30906971, 31606286, 699315
32366629, 32931086, 564457
33702057, 34394172, 692115
35154172, 35714172, 560000
36484686, 37184572, 699886
37802057, 38492915, 690858
39246743, 39820114, 573371
40597600, 41288457, 690857
41906629, 42751657, 845028
43544229, 44238972, 694743
44875429, 45602972, 727543
46385029, 46959771, 574742
47744800, 49231658, 1486858
49886400, 50614629, 728229
51394286, 51971200, 576914
52761943, 53473029, 711086
54244686, 54832914, 588228
55621257, 56320686, 699429
56954857, 57682172, 727315
58500572, 59208343, 707771
59843771, 60576914, 733143
61353486, 61930400, 576914
62712114, 63411200, 699086
64188229, 64773600, 585371
65556686, 66262743, 706057
66900457, 67626172, 725715
68401486, 68975771, 574285
69772229, 70478172, 705943
71251200, 71840800, 589600
72625600, 73318286, 692686
73948457, 74666286, 717829
75444229, 76159886, 715657
76808343, 77530172, 721829
78303543, 78883314, 579771
79671543, 80387543, 716000
81168115, 81750629, 582514
82531200, 83235543, 704343
83878171, 84600914, 722743
85376343, 85952343, 576000
86740914, 87443200, 702286
88220686, 88801143, 580457
89589600, 90286400, 696800
90920686, 91643314, 722628
92418400, 92988229, 569829
93779771, 94486972, 707201
95265486, 95851429, 585943
96642057, 97347429, 705372
97984229, 98699086, 714857
99481143, 100186400, 705257
100822857, 101535772, 712915
102298857, 102893371, 594514
103698743, 104403315, 704572
105179772, 105761029, 581257
106561372, 107257486, 696114
107892457, 108610172, 717715
109383315, 109960571, 577256
110745029, 111453486, 708457
112223086, 112801143, 578057
113585143, 114283543, 698400
114920571, 115646172, 725601
116423886, 116995314, 571428
117801714, 118510629, 708915
119285829, 119867086, 581257
120656000, 121367772, 711772
122002857, 122718172, 715315
123506743, 124207086, 700343
124841029, 125569714, 728685
126350286, 126927200, 576914
127711657, 128445372, 733715
129225715, 129821486, 595771
130613714, 131304686, 690972
131939314, 132656572, 717258
133433372, 133994286, 560914
134792686, 135501143, 708457
136279429, 136874971, 595542
137672572, 138367657, 695085
139138515, 139713486, 574971
140506057, 141207086, 701029
141844457, 142564686, 720229
143341715, 143915314, 573599
144706057, 145405486, 699429
146180800, 146772800, 592000
147562172, 148253943, 691771
148888686, 149608572, 719886
150388115, 150959314, 571199
151747429, 152460000, 712571
153229715, 153817371, 587656
154607200, 155326515, 719315
155966171, 156685029, 718858
157474400, 158185715, 711315
158817714, 159529143, 711429
160300915, 160870171, 569256
161661257, 162383657, 722400
163159429, 163737143, 577714
164523086, 165226515, 703429
165866171, 166589486, 723315
167366057, 167953829, 587772
168747772, 169458857, 711085
170230515, 170819886, 589371
171617257, 172308343, 691086
172941371, 173669829, 728458
174452800, 175159772, 706972
175794971, 176508800, 713829
177283657, 177864000, 580343
178655200, 179379086, 723886
180159429, 180755772, 596343
181542629, 182252686, 710057
182889371, 183610400, 721029
184392115, 184969486, 577371
185766286, 186473372, 707086
187758857, 188587314, 828457
189376800, 189950514, 573714
190737029, 191453372, 716343
192227658, 192805371, 577713
193597829, 194295772, 697943
194933143, 195661486, 728343
196445143, 197161143, 716000
197808229, 198498057, 689828
199273715, 199863886, 590171
200653943, 201348686, 694743
201980000, 202709486, 729486
203503886, 204206286, 702400
204841257, 205559200, 717943
206332915, 206916457, 583542
207712000, 208418057, 706057
209195543, 209779771, 584228
210566057, 211263543, 697486
211900229, 212631200, 730971
213409029, 213991086, 582057
214783314, 215492457, 709143
216279429, 216856343, 576914
217645829, 218354172, 708343
218992686, 219714057, 721371
220508686, 221209143, 700457
221841486, 222556114, 714628
223328457, 223913829, 585372
224706286, 225413943, 707657
226192115, 226778286, 586171
227566743, 228288000, 721257
228932457, 229652114, 719657
230430172, 231000457, 570285
231787771, 232496800, 709029
233269600, 233849257, 579657
234642629, 235335772, 693143
235966171, 236682629, 716458
237468115, 238171658, 703543
238816457, 239529143, 712686
240293257, 240875886, 582629
241673029, 242384915, 711886
243153143, 243734972, 581829
244516457, 245231886, 715429
245865600, 246581257, 715657
247357372, 247931543, 574171
248721829, 249418057, 696228
250193943, 250786514, 592571
251573257, 252276115, 702858
252909714, 253621257, 711543
254400800, 254978629, 577829
255771086, 256476572, 705486
257249829, 257835314, 585485
258630057, 259327886, 697829
259961486, 260685486, 724000
261456457, 262161143, 704686
262804229, 263527086, 722857
264299315, 264888343, 589028
265686629, 266390172, 703543
267159429, 267738743, 579314
268530057, 269224572, 694515
269858171, 270579657, 721486
271359315, 271938629, 579314
272723772, 273431086, 707314
274207658, 274788343, 580685
275573143, 276290972, 717829
276928800, 277649486, 720686
278422972, 278989486, 566514
279782857, 280490743, 707886
281276915, 281859429, 582514
282655086, 283359886, 704800
283988114, 284712229, 724115
285504800, 286199315, 694515
286833143, 287555886, 722743
288331315, 288915314, 583999
289710743, 290415772, 705029
291188686, 291772686, 584000
292561600, 293274057, 712457
293917029, 294643543, 726514
295419200, 295995886, 576686
296786514, 297493829, 707315
298273143, 298858743, 585600
299646972, 300342515, 695543
300973486, 301697029, 723543
302486743, 303191543, 704800
303827657, 304550057, 722400
305321143, 305907657, 586514
306704457, 307413600, 709143
308188915, 308783657, 594742
309573372, 310259658, 686286
310897143, 311623429, 726286
312402172, 312972686, 570514
314312000, 314908686, 596686
315708572, 316417143, 708571
317197829, 317775086, 577257
318553486, 319266286, 712800
319910629, 320631314, 720685
321411429, 321984686, 573257
322769029, 323477715, 708686
324251658, 324834400, 582742
325618514, 326330857, 712343
326970171, 327685600, 715429
328471086, 329176343, 705257
329817143, 330533829, 716686
331295086, 331877943, 582857
332677486, 333400800, 723314
334186629, 334775772, 589143
335554286, 336265486, 711200
336900571, 337622972, 722401
338397143, 338976000, 578857
339780686, 340493029, 712343
341281600, 341875429, 593829
342669372, 343366743, 697371
343997257, 344713143, 715886
345506743, 346204572, 697829
346837257, 347555543, 718286
348329715, 348902514, 572799
349694857, 350402057, 707200
351178400, 351754514, 576114
352537029, 353247886, 710857
353882514, 354610057, 727543
355384343, 355960114, 575771
356755886, 357460800, 704914
358231315, 358824571, 593256
359609372, 360296915, 687543
360926971, 361640343, 713372
362426743, 362996457, 569714
363784000, 364494515, 710515
365267200, 366573600, 1306400
367428686, 368174286, 745600
368812114, 369524686, 712572
370308800, 370894629, 585829
371695429, 372399086, 703657
373176686, 373757486, 580800
374550972, 375260686, 709714
375899086, 376622172, 723086
377405943, 377988686, 582743
378774057, 379486743, 712686
380263886, 380846857, 582971
381633943, 382334057, 700114
382967886, 383681257, 713371
384463429, 385165715, 702286
385813029, 386532686, 719657
387314857, 387898514, 583657
389394972, 390203886, 808914
390852571, 391569943, 717372
392351657, 392941829, 590172
393741029, 394449029, 708000
395213258, 395796343, 583085
396586743, 397285029, 698286
397921257, 398646514, 725257
399420229, 399995314, 575085
400787200, 401498743, 711543
402283886, 402864343, 580457
403684686, 404400572, 715886
405176572, 405753943, 577371
406535200, 407232458, 697258
407868914, 408589829, 720915
409368000, 409944800, 576800
410731772, 411448915, 717143
412223543, 412810743, 587200
413596000, 414288457, 692457
414921829, 415649714, 727885
416421029, 416988571, 567542
417773486, 418481715, 708229
419255657, 419839771, 584114
420624114, 420968000, 343886
421961943, 422675429, 713486
423454743, 424016686, 561943
424801714, 425296457, 494743
425912114, 427749600, 1837486
428573143, 429279543, 706400
429916800, 430629143, 712343
431404115, 431977257, 573142
432771086, 433475200, 704114
434248115, 434839200, 591085
435631086, 436323657, 692571
436954971, 437689943, 734972
438486629, 439185943, 699314
439819200, 440534172, 714972
441309143, 441895429, 586286
442691886, 443172000, 480114
444176686, 444556343, 379657
445541829, 446259429, 717600
446897029, 447620914, 723885
448400000, 448977371, 577371
449778857, 450488686, 709829
451259772, 451848686, 588914
452640114, 453352800, 712686
453989829, 454709372, 719543
455501143, 456204229, 703086
456840800, 457557257, 716457
458334172, 458911200, 577028
459703429, 460413257, 709828
461200915, 461792800, 591885
462580114, 463305600, 725486
463949600, 464664572, 714972
465437143, 466006286, 569143
466805600, 467511772, 706172
468282515, 468666514, 383999
469414172, 470547657, 1133485
471358172, 471946400, 588228
472764800, 473473372, 708572
474247200, 474846514, 599314
475658972, 476376000, 717028
477012686, 477749371, 736685
478533486, 479240572, 707086
479880571, 480599086, 718515
481373143, 481956571, 583428
482759772, 483465486, 705714
484241143, 484833029, 591886
485632229, 486346515, 714286
486983886, 487707657, 723771
488493372, 489209600, 716228
489848800, 490570057, 721257
491345257, 491918286, 573029
492706172, 493415772, 709600
494185372, 494760572, 575200
495542743, 496251543, 708800
496891543, 497611886, 720343
498385943, 498969943, 584000
499769029, 500477257, 708228
501249372, 501833143, 583771
502616343, 503327086, 710743
503968343, 504688229, 719886
505470515, 506166858, 696343
506808686, 507518172, 709486
508297829, 508878971, 581142
509684686, 510379543, 694857
511145829, 511737714, 591885
512526286, 513235543, 709257
513868571, 514600114, 731543
515378972, 515945371, 566399
516732686, 517439772, 707086
518228800, 518822743, 593943
519616572, 520316572, 700000
520947886, 521663543, 715657
522441143, 523001943, 560800
523789371, 524498972, 709601
525272115, 525856457, 584342
526650857, 527359772, 708915
527990286, 528714972, 724686
529498743, 530202515, 703772
530840686, 531570629, 729943
532348229, 532921600, 573371
533713257, 534413600, 700343
535187086, 535768343, 581257
536556343, 537262743, 706400
537900800, 538626286, 725486
539403886, 539970171, 566285
540756914, 541471772, 714858
542247200, 542830743, 583543
543623657, 544319086, 695429
544952000, 545674057, 722057
546450515, 547162400, 711885
547806171, 548532343, 726172
549307543, 549886629, 579086
550678400, 551376572, 698172
552005371, 552522972, 517601
553541714, 554251200, 709486
554883429, 555604800, 721371
556384686, 556958400, 573714
557754400, 558468115, 713715
559243086, 559826171, 583085
560619886, 561314400, 694514
561949829, 562681829, 732000
563467200, 564180229, 713029
564819771, 565543886, 724115
566325143, 569415657, 3090514
570937486, 572505029, 1567543
573346172, 573937829, 591657
574725829, 575442515, 716686
576222743, 576819657, 596914
577608114, 578319086, 710972
578953829, 579683200, 729371
580466743, 581191886, 725143
581826629, 582552686, 726057
583331657, 583924914, 593257
584720229, 585431657, 711428
586211772, 586810171, 598399
587606286, 588312457, 706171
588952571, 589671086, 718515
590463086, 591183429, 720343
591817600, 592542743, 725143
593313143, 593897371, 584228
594691429, 595401943, 710514
596726514, 597555086, 828572
598343543, 598925600, 582057
599714400, 600426515, 712115
601207658, 601797029, 589371
602581600, 603278515, 696915
603910171, 604641029, 730858
605411886, 605981257, 569371
606766743, 607480343, 713600
608255658, 608841486, 585828
609641829, 610331543, 689714
610966400, 611688114, 721714
612466972, 613186058, 719086
613823086, 614538172, 715086
615310057, 615889714, 579657
616674743, 617379772, 705029
618011657, 618735657, 724000
619521829, 620225258, 703429
620859086, 621573372, 714286
622343657, 622926057, 582400
623716686, 624408343, 691657
625183772, 625766857, 583085
626564914, 627271086, 706172
627907086, 628624914, 717828
629399200, 629975771, 576571
630767543, 631475200, 707657
632249600, 632834286, 584686
633617486, 634308343, 690857
634942400, 635662743, 720343
636433715, 636999086, 565371
637788000, 638497600, 709600
639270515, 639856571, 586056
640653943, 641361943, 708000
641993486, 642723429, 729943
643519086, 643874171, 355085
644885600, 645616343, 730743
646388915, 646978971, 590056
647781029, 648490972, 709943
649260115, 649846057, 585942
650640800, 651335886, 695086
651972686, 652684686, 712000
653466743, 654179772, 713029
654828000, 655517600, 689600
656291086, 656884686, 593600
657691200, 658390629, 699429
659160800, 659741257, 580457
660529257, 661238058, 708801
661870286, 662589714, 719428
663362972, 663938400, 575428
664725372, 665425029, 699657
666203429, 666784457, 581028
667568686, 668273829, 705143
668907086, 669640800, 733714
670412457, 670981714, 569257
671768000, 672481372, 713372
673256457, 673846971, 590514
674653372, 675375772, 722400
676151772, 676734057, 582285
677522172, 678221486, 699314
678858743, 679580229, 721486
680352115, 680930400, 578285
681716229, 682420457, 704228
683200000, 683794514, 594514
684579200, 685278857, 699657
685912686, 686643314, 730628
687417486, 687985829, 568343
688771886, 689481372, 709486
690256229, 690847200, 590971
691654514, 692359657, 705143
692989829, 693724914, 735085
694516457, 695211200, 694743
695850514, 696579314, 728800
697352572, 697931657, 579085
698717714, 699429943, 712229
700215315, 700792229, 576914
701577714, 702273829, 696115
702910171, 703640229, 730058
704413257, 704991657, 578400
705789829, 706499543, 709714
707273715, 707874400, 600685
708678972, 709378743, 699771
710155315, 710733600, 578285
711527314, 712238858, 711544
712873600, 713591772, 718172
714364457, 714946857, 582400
715734972, 716444686, 709714
717221715, 717805943, 584228
718588343, 719288457, 700114
719923429, 720639314, 715885
721415657, 721983429, 567772
722774743, 723484915, 710172
724257943, 724640114, 382171
725644457, 726364915, 720458
727001943, 727730172, 728229
728528572, 729232229, 703657
729867771, 730600572, 732801
731381486, 731950286, 568800
732757372, 733467315, 709943
734241029, 734824686, 583657
735605600, 736307086, 701486
736945600, 737663657, 718057
738437372, 739017829, 580457
739805257, 740513486, 708229
741286972, 741879886, 592914
742676114, 743383772, 707658
744158858, 744750286, 591428
745542629, 746257715, 715086
746893714, 747618172, 724458
748394857, 748966171, 571314
749752343, 750457143, 704800
751227886, 751825943, 598057
752609943, 753310743, 700800
753943543, 754670514, 726971
755451772, 756016343, 564571
756805257, 757510286, 705029
758281257, 758866857, 585600
759665143, 760367543, 702400
761147315, 761730972, 583657
762526972, 763221143, 694171
763858629, 764574743, 716114
765350629, 765932686, 582057
766722514, 767425029, 702515
768198400, 768778172, 579772
769568229, 770273600, 705371
770911429, 771629829, 718400
772399086, 772966286, 567200
773750743, 774466972, 716229
775241943, 775830857, 588914
776617600, 777322515, 704915
777959314, 778692800, 733486
779476686, 780195772, 719086
780832000, 781338172, 506172
782338857, 782931200, 592343
783724114, 784441715, 717601
785213258, 785802171, 588913
786604114, 787298857, 694743
787931314, 788652343, 721029
789426286, 790005257, 578971
790795086, 791511772, 716686
792286743, 792869600, 582857
793659086, 794369029, 709943
795150972, 795733486, 582514
797195429, 797848229, 652800
798644114, 799369143, 725029
800149943, 800736800, 586857
801538286, 802243543, 705257
802880457, 803611086, 730629
804385029, 804969714, 584685
805766171, 806476572, 710401
807252800, 807838857, 586057
808622172, 809320572, 698400
809952686, 810678743, 726057
811461029, 812171886, 710857
812815086, 813529714, 714628
814292800, 814874629, 581829
815668114, 816362629, 694515
817144343, 817727200, 582857
818512115, 819218172, 706057
819849714, 820562972, 713258
821338172, 821917714, 579542
822710972, 823414172, 703200
824197600, 824778286, 580686
825567657, 826274286, 706629
826910743, 827638286, 727543
828412915, 828985257, 572342
829775429, 830484000, 708571
831253029, 831837714, 584685
832627429, 833325143, 697714
833958629, 834675772, 717143
835454286, 836018400, 564114
836803200, 837494743, 691543
838266857, 838860114, 593257
839652457, 840360229, 707772
840993257, 841724343, 731086
842519429, 843220229, 700800
843861143, 844581029, 719886
845354857, 845932800, 577943
846720229, 847435315, 715086
848219200, 848803657, 584457
849596229, 850300457, 704228
850936914, 851655086, 718172
852434515, 853005371, 570856
853793829, 854504572, 710743
855278743, 855857143, 578400
856644229, 857344457, 700228
857977371, 858692229, 714858
859472000, 859832114, 360114
860830171, 861543429, 713258
862311543, 862898514, 586971
863690057, 864389829, 699772
865159429, 865734629, 575200
866523886, 867226629, 702743
867862171, 868579429, 717258
869350515, 869929029, 578514
870716686, 871428457, 711771
872207886, 872799200, 591314
873586972, 874287886, 700914
874928571, 875644914, 716343
876420115, 876983657, 563542
877777371, 878484686, 707315
879257715, 879837029, 579314
880624343, 881336915, 712572
881973600, 882972914, 999314
883762514, 884472915, 710401
885241715, 885826971, 585256
886609029, 887299543, 690514
887936686, 888656343, 719657
889429600, 890007657, 578057
890797943, 891510172, 712229
892278629, 892864914, 586285
893665829, 894358857, 693028
894988114, 895717829, 729715
896507657, 897212686, 705029
897856800, 898565714, 708914
899339543, 899913829, 574286
900706400, 901406057, 699657
902182058, 902775086, 593028
903563772, 904271543, 707771
904908571, 905629029, 720458
906402286, 906979314, 577028
907778514, 908484229, 705715
909259657, 909857257, 597600
910654857, 911356000, 701143
911986514, 913002514, 1016000
913802743, 914512229, 709486
915289372, 915872114, 582742
916673943, 917393143, 719200
918178058, 918760457, 582399
919542172, 920265715, 723543
920909029, 921630743, 721714
922411772, 922991771, 579999
923785714, 924496686, 710972
925284000, 925864800, 580800
926655772, 927376457, 720685
928008800, 928729372, 720572
929522743, 930236343, 713600
930884343, 931616000, 731657
932391543, 932964114, 572571
933762171, 934471315, 709144
935248115, 935830514, 582399
936624686, 937328686, 704000
937966743, 938682172, 715429
939461257, 940170629, 709372
940806057, 941499543, 693486
942274400, 942870629, 596229
943662286, 944361486, 699200
944996343, 945720457, 724114
946510857, 947224115, 713258
947870743, 948595429, 724686
949366972, 949952000, 585028
950750400, 951462172, 711772
952236686, 952822400, 585714
953615429, 954322857, 707428
954960343, 955676914, 716571
956452343, 957010057, 557714
957794971, 958502972, 708001
959274400, 959853371, 578971
960641257, 961346057, 704800
961985029, 962707429, 722400
963503772, 964226058, 722286
964866629, 965576914, 710285
966351772, 966935771, 583999
967728343, 968431543, 703200
969207086, 969794629, 587543
970588457, 971292457, 704000
971933714, 972645714, 712000
973420572, 973993943, 573371
974782629, 975493372, 710743
976278857, 976863771, 584914
977658857, 978378515, 719658
979156229, 979756457, 600228
980540114, 981272686, 732572
981915429, 982650972, 735543
983429715, 984004228, 574513
984792571, 985518172, 725601
986286857, 986879771, 592914
987672914, 988383543, 710629
989013029, 989737943, 724914
990532686, 991259543, 726857
991905143, 992635886, 730743
993406972, 993981714, 574742
994770057, 995480457, 710400
996253029, 996850171, 597142
998353943, 999048686, 694743
999825029, 550286, -999274743
1331657, 1705829, 374172
2713372, 3424572, 711200
4197943, 4783429, 585486
5573829, 6267200, 693371
6901714, 7626629, 724915
8403657, 8978286, 574629
9770514, 10482057, 711543
11256229, 11843429, 587200
12636229, 13339657, 703428
13975086, 14701029, 725943
15482629, 16192229, 709600
16828343, 17542514, 714171
18310743, 18898971, 588228
19690057, 20396343, 706286
21173486, 21760571, 587085
22551886, 23263315, 711429
23898514, 24622286, 723772
25403315, 25975429, 572114
26770057, 27485372, 715315
28258058, 28849829, 591771
29646286, 30349943, 703657
30984229, 31709600, 725371
32501829, 33207658, 705829
33842400, 34553257, 710857
35319429, 35906171, 586742
36698743, 37401486, 702743
38178286, 38758857, 580571
39548572, 40256458, 707886
40893714, 41411429, 517715
42374172, 42970629, 596457
43775314, 44482743, 707429
45253600, 45848457, 594857
46652914, 47364800, 711886
48668572, 49496000, 827428
50276915, 50862400, 585485
51645372, 52348343, 702971
52985143, 53708114, 722971
54493486, 55210286, 716800
55842971, 56550286, 707315
57323429, 57901371, 577942
58694286, 59399315, 705029
60181258, 60763543, 582285
61551200, 62263429, 712229
62900914, 63629143, 728229
64408686, 64986057, 577371
65769943, 66488800, 718857
67261829, 67853943, 592114
68644800, 69365372, 720572
70005828, 70730172, 724344
71518972, 72260458, 741486
72902971, 73419200, 516229
74414629, 75019200, 604571
75783200, 76492000, 708800
77264000, 77849371, 585371
78642057, 79367657, 725600
80149829, 80727886, 578057
81511772, 82213715, 701943
82851314, 83563429, 712115
84334629, 84920000, 585371
85711657, 86407657, 696000
87184229, 87765600, 581371
88562172, 89270743, 708571
89906971, 90634857, 727886
91410057, 91972800, 562743
92759543, 93468915, 709372
94242515, 94832000, 589485
95618172, 96311543, 693371
96941943, 97672457, 730514
98446286, 99012000, 565714
99796914, 100488572, 691658
101260343, 101855314, 594971
102656229, 103372800, 716571
104152686, 104730172, 577486
105520114, 106219086, 698972
106856114, 107578743, 722629
108352915, 108931771, 578856
109719543, 110419200, 699657
111193715, 111779086, 585371
112560914, 113261029, 700115
113899314, 114624229, 724915
115403315, 115979429, 576114
116766629, 117480686, 714057
118257372, 118642857, 385485
119662972, 120386057, 723085
121157715, 121740572, 582857
122521143, 123233486, 712343
123874057, 124605600, 731543
125381600, 125968914, 587314
126761143, 127468686, 707543
128245943, 128830743, 584800
129619543, 130329486, 709943
130972571, 131697029, 724458
132491200, 133202515, 711315
133837714, 134560800, 723086
135340229, 135923314, 583085
136715200, 137431772, 716572
138209715, 138793371, 583656
139581486, 140281029, 699543
140916457, 141634514, 718057
142403886, 142976914, 573028
143769257, 144480000, 710743
145254057, 145850743, 596686
146648343, 147369372, 721029
148003086, 148727200, 724114
149525486, 150256458, 730972
150898857, 151624229, 725372
152396915, 152973600, 576685
153768343, 154483086, 714743
155258629, 155854400, 595771
156652229, 157351657, 699428
157982514, 158709829, 727315
159494172, 160233715, 739543
160883771, 161619886, 736115
162398057, 162977029, 578972
163767657, 164479543, 711886
165258857, 165846171, 587314
166650057, 167352915, 702858
167985257, 168715543, 730286
169497714, 170205143, 707429
170838629, 171561600, 722971
172339315, 172917486, 578171
173709029, 174425715, 716686
175204915, 175791086, 586171
176580914, 177285600, 704686
177925600, 178649600, 724000
179422857, 180006514, 583657
180794400, 181486172, 691772
182257829, 182844457, 586628
183648572, 184362972, 714400
185141829, 185722286, 580457
186510743, 187234172, 723429
187878743, 188599886, 721143
189378629, 189969143, 590514
190764686, 191479086, 714400
192255543, 192843429, 587886
193631086, 194331657, 700571
194968343, 195693943, 725600
196474972, 197187886, 712914
197824571, 198540914, 716343
199305486, 199898286, 592800
200691086, 201399086, 708000
202180343, 202769714, 589371
203561143, 204272000, 710857
204913143, 205639314, 726171
206412229, 206995429, 583200
208521829, 209343886, 822057
209990628, 210713257, 722629
211503314, 212208915, 705601
212847886, 213568114, 720228
214343429, 214916571, 573142
215710743, 216422515, 711772
217205715, 217809486, 603771
218600914, 219295772, 694858
219928914, 220642514, 713600
221418172, 221997486, 579314
222782972, 223484115, 701143
224254172, 224849486, 595314
225646743, 226353029, 706286
226985029, 227708572, 723543
228497486, 229198172, 700686
229833257, 230571543, 738286
231349486, 231925600, 576114
232712572, 233417600, 705028
234195886, 234778857, 582971
235569143, 236274286, 705143
236911543, 237628000, 716457
238401029, 238981943, 580914
239772686, 240481600, 708914
241257372, 241846629, 589257
242640686, 243339772, 699086
243970171, 244686172, 716001
245470629, 246185143, 714514
246832914, 247548800, 715886
248325943, 248906286, 580343
249696800, 250399200, 702400
251174515, 251753829, 579314
252537372, 253246743, 709371
253883771, 254607772, 724001
255377372, 255956114, 578742
256752000, 257461143, 709143
258238515, 258836914, 598399
259632457, 260326857, 694400
260958629, 261679543, 720914
262464572, 263024343, 559771
263807771, 264518286, 710515
265284000, 265865257, 581257
266663086, 267366857, 703771
267999543, 268727543, 728000
269512114, 270217143, 705029
270861600, 271581600, 720000
272349943, 272929257, 579314
273724343, 274422400, 698057
275198743, 275783543, 584800
276573029, 277277372, 704343
277916229, 278625143, 708914
279402286, 279985829, 583543
280775086, 281491543, 716457
282266172, 282858971, 592799
283668114, 284015771, 347657
285152572, 285736457, 583885
286534972, 287253829, 718857
287891314, 288613714, 722400
289385829, 289958743, 572914
290751772, 291461943, 710171
292238400, 292816457, 578057
293610514, 294322400, 711886
294957143, 295672343, 715200
296445715, 297011086, 565371
297796914, 298491200, 694286
299262515, 299850629, 588114
300661486, 301356915, 695429
301989371, 302714172, 724801
303513143, 304228800, 715657
304867429, 305606057, 738628
306385029, 306958514, 573485
307746286, 308454172, 707886
309229943, 309817257, 587314
310608686, 311317943, 709257
311951657, 312675429, 723772
313455772, 314476229, 1020457
315345829, 315937029, 591200
316725714, 317440000, 714286
318219086, 318804571, 585485
319588114, 320313372, 725258
320950743, 321667314, 716571
322440115, 323015886, 575771
323804114, 324516800, 712686
325286286, 325867086, 580800
326666400, 327364343, 697943
327997600, 328716914, 719314
329512000, 330221143, 709143
330854971, 331580000, 725029
332354515, 332929600, 575085
333723200, 334423657, 700457
335198629, 335781029, 582400
336570629, 337271086, 700457
337906400, 338628572, 722172
339400115, 339973714, 573599
340760457, 341473829, 713372
342247200, 342629600, 382400
343622972, 344339772, 716800
344977257, 345700686, 723429
346485143, 347200000, 714857
347832000, 348543657, 711657
349316115, 349895657, 579542
350688343, 351395200, 706857
352163429, 352741257, 577828
353531429, 354259086, 727657
354903086, 355626286, 723200
356406629, 356978857, 572228
357763086, 358474400, 711314
359248800, 359843429, 594629
360637486, 361352915, 715429
361986743, 362721486, 734743
363513257, 364230058, 716801
364872114, 365590972, 718858
366365715, 366937371, 571656
367723657, 368431086, 707429
369205829, 369790743, 584914
370578172, 371298400, 720228
371940343, 372660572, 720229
373436343, 374003086, 566743
374786972, 375481143, 694171
376255658, 376849943, 594285
377640686, 378357600, 716914
379143772, 379725372, 581600
380516343, 381241600, 725257
381883200, 382611657, 728457
383388457, 383957143, 568686
384746057, 385448229, 702172
386224800, 386812914, 588114
387600343, 388298515, 698172
388936114, 389661486, 725372
390433829, 391164686, 730857
391809143, 392520229, 711086
393295543, 393890857, 595314
394694172, 395405143, 710971
396190629, 396779543, 588914
397569029, 398273143, 704114
398910286, 399638514, 728228
400413943, 400994057, 580114
401780686, 402497600, 716914
403271543, 403862286, 590743
404659543, 405366629, 707086
405998400, 406731657, 733257
407515200, 408216915, 701715
409535429, 410363200, 827771
411157029, 411744914, 587885
412531086, 413246515, 715429
413887314, 414610857, 723543
415391200, 415963657, 572457
416750972, 417461143, 710171
418237829, 418821600, 583771
419611086, 420305600, 694514
420939314, 421656457, 717143
422427543, 422996686, 569143
423784114, 424495429, 711315
425269486, 425861714, 592228
426660000, 427376686, 716686
428152915, 428731429, 578514
429521029, 430250172, 729143
430894629, 431621600, 726971
432396343, 432969257, 572914
433760114, 434468343, 708229
435266857, 435858743, 591886
436651086, 437363086, 712000
437996457, 438718400, 721943
439510629, 440222286, 711657
440863200, 441589486, 726286
442371886, 442942857, 570971
443737600, 444437600, 700000
445206172, 445795429, 589257
446589372, 447281600, 692228
447913371, 448636229, 722858
449412000, 449979657, 567657
450775886, 451485372, 709486
452258172, 452842971, 584799
453636457, 454353486, 717029
454986971, 455716914, 729943
456508343, 457235200, 726857
457872457, 458600686, 728229
459374972, 459947200, 572228
460736914, 461432572, 695658
462200343, 462798743, 598400
463591886, 464287429, 695543
464924914, 465655314, 730400
466430972, 467000343, 569371
467782971, 468494172, 711201
469267315, 469861486, 594171
470654057, 471003200, 349143
471994857, 472714743, 719886
473511886, 474231086, 719200
474869143, 475587657, 718514
476364229, 476940686, 576457
477734057, 478450057, 716000
479224572, 479803657, 579085
480593143, 481301257, 708114
481940914, 482656343, 715429
483429715, 484002743, 573028
484793714, 485505257, 711543
486278172, 486876000, 597828
487671772, 488365943, 694171
488997600, 489714172, 716572
490505600, 491216458, 710858
491852800, 492574743, 721943
493348800, 493926400, 577600
494724457, 495428343, 703886
496202400, 496787200, 584800
497574857, 498270972, 696115
498907771, 499635657, 727886
500411200, 500992914, 581714
501777257, 502483886, 706629
503257829, 503854629, 596800
504654972, 505391657, 736685
506177829, 506761829, 584000
507550057, 508258858, 708801
508895543, 509615543, 720000
510390286, 510962171, 571885
511749257, 512460686, 711429
513236800, 513617714, 380914
514635086, 515361257, 726171
516146515, 516732114, 585599
517530857, 518241715, 710858
518877829, 519590400, 712571
520373600, 520949257, 575657
521741143, 522447315, 706172
523216686, 523800343, 583657
524593600, 525287657, 694057
525924686, 526634972, 710286
527404229, 527993143, 588914
528785714, 529487429, 701715
530263886, 530860457, 596571
531658172, 532351200, 693028
532982400, 533717486, 735086
534511315, 535218743, 707428
535851657, 536566286, 714629
537338857, 537916000, 577143
538707886, 539416343, 708457
540198058, 540785714, 587656
541572686, 542271657, 698971
542908457, 543632914, 724457
544407200, 544979314, 572114
545773143, 546477372, 704229
547253943, 547840457, 586514
548637829, 548981943, 344114
549977029, 550702857, 725828
551485943, 552197372, 711429
552830400, 553523657, 693257
554299657, 554894514, 594857
555697143, 556409372, 712229
557187886, 557766171, 578285
558558857, 559261143, 702286
559896114, 560621486, 725372
561399086, 561979314, 580228
562773829, 563481715, 707886
564257600, 564844457, 586857
565637372, 566339772, 702400
566972343, 567701714, 729371
568483086, 569211315, 728229
569844343, 570557829, 713486
571331543, 571910057, 578514
572706743, 573404572, 697829
574181715, 574765257, 583542
575547543, 576253486, 705943
576891314, 577618629, 727315
578401257, 578971771, 570514
579761029, 580473029, 712000
581248800, 581841714, 592914
582638972, 583365600, 726628
584004571, 584735314, 730743
585520229, 586255772, 735543
586899200, 587629257, 730057
588405143, 588989257, 584114
589783314, 590489372, 706058
591258857, 591847771, 588914
592639772, 593344572, 704800
593977371, 594703086, 725715
595488343, 596203200, 714857
596836457, 597534286, 697829
598312457, 598897257, 584800
599688343, 600405143, 716800
601187658, 601785143, 597485
602572914, 603276457, 703543
603914857, 604629829, 714972
605401029, 605983886, 582857
606777257, 607493943, 716686
608280229, 608874514, 594285
609669257, 610385715, 716458
611722172, 612557714, 835542
613346057, 613934057, 588000
614733143, 615439772, 706629
616212800, 616804343, 591543
617592457, 618286286, 693829
618919543, 619636686, 717143
620413943, 620988800, 574857
621773600, 622484115, 710515
623262057, 623856800, 594743
624651543, 625352800, 701257
625985029, 626708572, 723543
627488572, 628206058, 717486
628836457, 629545029, 708572
630316572, 630891657, 575085
631682972, 632380457, 697485
633007543, 633730286, 722743
634517143, 635222858, 705715
635855086, 636575200, 720114
637352000, 637924114, 572114
638713943, 639419543, 705600
640198400, 640779772, 581372
641568457, 642287200, 718743
642926171, 643644800, 718629
644416229, 644982514, 566285
645773257, 646483772, 710515
647259429, 647846743, 587314
648642514, 649343543, 701029
649975657, 650698172, 722515
651485715, 652197943, 712228
652833143, 653544686, 711543
654320686, 654896229, 575543
655688229, 656389715, 701486
657162286, 657756914, 594628
658542972, 659251315, 708343
659888800, 660613029, 724229
661387886, 661974971, 587085
662773829, 663481600, 707771
664258286, 664842400, 584114
665631886, 666332000, 700114
666963314, 667684000, 720686
668473600, 669172686, 699086
669823086, 670515886, 692800
671292343, 671874057, 581714
672674172, 673382857, 708685
674012228, 674742629, 730401
675523314, 676225943, 702629
676865371, 677592343, 726972
678364000, 678951429, 587429
679743543, 680456000, 712457
681238858, 681833829, 594971
682629486, 683343543, 714057
683976914, 684696914, 720000
685475086, 686192343, 717257
686829486, 687519314, 689828
688296457, 688876686, 580229
689673486, 690392457, 718971
691171658, 691750629, 578971
692545257, 693254172, 708915
693888686, 694618743, 730057
695385143, 695961714, 576571
696749600, 697459543, 709943
698233943, 698829714, 595771
699617829, 700302286, 684457
700932114, 701654514, 722400
702426629, 702995200, 568571
703784571, 704494515, 709944
705263772, 705841486, 577714
706627314, 707320457, 693143
707952343, 708680457, 728114
709454286, 710171772, 717486
710814971, 711508000, 693029
712278515, 712858286, 579771
713650057, 714344457, 694400
714975086, 715690400, 715314
716478286, 717197029, 718743
717835200, 718526172, 690972
719301372, 719882400, 581028
720682972, 721385143, 702171
722153486, 722729714, 576228
723519429, 724227543, 708114
724865371, 725591200, 725829
726360343, 726936686, 576343
727732114, 728429715, 697601
729207086, 729792914, 585828
730587314, 730933943, 346629
731934400, 732669486, 735086
733443772, 734010171, 566399
734796571, 735506057, 709486
736275657, 736866057, 590400
737674629, 738380115, 705486
739009829, 739726057, 716228
740519429, 741237372, 717943
741874057, 742596686, 722629
743369257, 743948114, 578857
744733943, 745438172, 704229
746212229, 746794629, 582400
747587086, 748282629, 695543
748916114, 749640000, 723886
750408800, 750981257, 572457
751768229, 752492000, 723771
753263543, 753864343, 600800
754676572, 755380915, 704343
756151772, 756735657, 583885
757532114, 758250858, 718744
758894743, 759613372, 718629
760385372, 760966743, 581371
761760914, 762470629, 709715
763246743, 763827314, 580571
764617143, 765339315, 722172
765970171, 766694057, 723886
767469372, 768195315, 725943
768836571, 769547314, 710743
770324915, 770902057, 577142
771694743, 772390857, 696114
773161829, 773740686, 578857
774533829, 775249715, 715886
775890971, 776610057, 719086
777384800, 777963429, 578629
778747314, 779456343, 709029
780232000, 780812800, 580800
781602972, 782332572, 729600
782974400, 783706972, 732572
784489943, 785204686, 714743
785836457, 786551314, 714857
787321372, 787899543, 578171
788692229, 789398400, 706171
790174743, 790760114, 585371
791550172, 792278629, 728457
792919314, 793650514, 731200
794429372, 795006171, 576799
795797371, 796511886, 714515
797279315, 797863771, 584456
798654400, 799358286, 703886
799988914, 800725372, 736458
801516800, 802243772, 726972
802882171, 803609829, 727658
804389829, 804972800, 582971
805760000, 806476686, 716686
807254400, 807849600, 595200
808639543, 809343086, 703543
809974629, 810691429, 716800
811985143, 812794514, 809371
813593600, 814289257, 695657
814927657, 815664229, 736572
816446172, 817150858, 704686
817796343, 818506972, 710629
819281372, 819868343, 586971
820667772, 821363086, 695314
821994743, 822721143, 726400
823518857, 824222058, 703201
824860343, 825585257, 724914
826359657, 826933600, 573943
827726629, 828436457, 709828
829206629, 829794171, 587542
830584914, 831286286, 701372
831932914, 832655086, 722172
833432115, 833997714, 565599
834787772, 835500914, 713142
836274286, 836849714, 575428
837633829, 838332686, 698857
838966857, 839680914, 714057
840464457, 841175086, 710629
841821029, 842509829, 688800
843281829, 843869714, 587885
844664800, 845372343, 707543
846010171, 846736114, 725943
847527429, 848239658, 712229
848876686, 849597029, 720343
850371315, 850949943, 578628
851736800, 852442972, 706172
853218172, 853806514, 588342
854599086, 855296229, 697143
855930400, 856645600, 715200
857416229, 857987314, 571085
858777143, 859485372, 708229
860260572, 860859771, 599199
861671657, 862380686, 709029
863014971, 863743086, 728115
864530400, 865226629, 696229
865862857, 866583543, 720686
867357715, 867934400, 576685
868730286, 869465829, 735543
870237029, 870818171, 581142
871610286, 872313372, 703086
872946286, 873676000, 729714
874460115, 875162172, 702057
875807657, 876513829, 706172
877283543, 877884571, 601028
878681372, 879390629, 709257
880169600, 880748229, 578629
881539314, 882249829, 710515
882884571, 883605829, 721258
884508800, 885274972, 766172
885915314, 886631657, 716343
887405600, 887976571, 570971
888763886, 889477029, 713143
890250972, 890836457, 585485
891627429, 892332800, 705371
892966971, 893692343, 725372
894474172, 895190286, 716114
895824457, 896532229, 707772
897304343, 897887543, 583200
898685829, 899384915, 699086
900158515, 900749029, 590514
901531886, 902231086, 699200
902866743, 903591314, 724571
904365600, 904937486, 571886
905728343, 906432457, 704114
907204915, 907790171, 585256
908571429, 909279086, 707657
909918400, 910644572, 726172
911414172, 911980800, 566628
912770857, 913486057, 715200
914512915, 915290057, 777142
915931543, 916656914, 725371
917432457, 918005828, 573371
918797143, 919511314, 714171
920282743, 920888114, 605371
921685372, 922390515, 705143
923167772, 923759086, 591314
924550172, 925261257, 711085
925900571, 926623429, 722858
927404457, 927981714, 577257
928765714, 929476686, 710972
930254058, 930848571, 594513
931644686, 932351657, 706971
932985829, 933708914, 723085
934488457, 935204343, 715886
935838743, 936559429, 720686
937331429, 937910057, 578628
938706743, 939404915, 698172
940189715, 940772229, 582514
941562400, 942272115, 709715
942913486, 943624457, 710971
944403086, 944970743, 567657
945760686, 946475429, 714743
947250743, 947846400, 595657
948639200, 949342857, 703657
949977829, 950693029, 715200
951465600, 952193372, 727772
952828000, 953542057, 714057
954312572, 954893257, 580685
955687200, 956398057, 710857
957171429, 957751657, 580228
958534629, 959231086, 696457
959868114, 960590972, 722858
961364229, 961946971, 582742
962740229, 963442515, 702286
964212343, 964798057, 585714
965586057, 966307315, 721258
966946514, 967668343, 721829
968440572, 969008571, 567999
969803429, 970517600, 714171
971291086, 971871086, 580000
972666743, 973357829, 691086
973989143, 974703429, 714286
975486515, 976202858, 716343
976838514, 977552114, 713600
978328572, 978909486, 580914
979705943, 980417143, 711200
981189372, 981767200, 577828
982554972, 983277143, 722171
983917829, 984642743, 724914
985420000, 985994857, 574857
986779200, 987489715, 710515
988278515, 988858629, 580114
989651314, 990356686, 705372
990993829, 991705714, 711885
992492915, 993210629, 717714
993844800, 994562286, 717486
995338857, 995923657, 584800
996718857, 997436000, 717143
998211543, 998800800, 589257
999594743, 329143, -999265600
972686, 1694400, 721714
2472572, 3203429, 730857
3835086, 4551886, 716800
5329715, 5922057, 592342
6719314, 7441486, 722172
8212800, 8814286, 601486
9614057, 10344229, 730172
10979657, 11696229, 716572
12488000, 13203658, 715658
13836114, 14561600, 725486
15840457, 16671886, 831429
17466857, 18188686, 721829
18825029, 19519314, 694285
20290400, 20872229, 581829
21665943, 22373257, 707314
23005486, 23731772, 726286
24522857, 25238058, 715201
25873257, 26592572, 719315
27365600, 27940229, 574629
28732457, 29435772, 703315
30212800, 30805257, 592457
31591657, 32303086, 711429
32943086, 33664000, 720914
34435886, 35010514, 574628
35804343, 36513600, 709257
37283657, 37871086, 587429
38661714, 39367086, 705372
40002057, 40716914, 714857
41504800, 42210629, 705829
42849257, 43580229, 730972
44352000, 44926743, 574743
45720114, 46432457, 712343
47212915, 47799886, 586971
49331429, 49926171, 594742
50715772, 51415315, 699543
52192915, 52778057, 585142
53570514, 54271772, 701258
54906171, 55629714, 723543
56405486, 56975657, 570171
57762971, 58472686, 709715
59247429, 59830171, 582742
60618972, 61321257, 702285
61958286, 62680686, 722400
63459657, 64187772, 728115
64820114, 65511543, 691429
66281257, 66864571, 583314
67656800, 68353943, 697143
68985600, 69499543, 513943
70525143, 71229715, 704572
71869371, 72591657, 722286
73365372, 73942743, 577371
74738857, 75439086, 700229
76208800, 76794743, 585943
77580343, 78289486, 709143
78930514, 79640686, 710172
80419543, 80987086, 567543
81772686, 82482057, 709371
83255429, 83852229, 596800
84650743, 85361600, 710857
85993828, 86706972, 713144
87488229, 88194629, 706400
88829829, 89542972, 713143
90316229, 90902971, 586742
91696229, 92402172, 705943
93179886, 93762629, 582743
94552800, 95267886, 715086
95906857, 96624229, 717372
97403200, 97973714, 570514
98762057, 99473143, 711086
100245829, 100837943, 592114
101627543, 102334172, 706629
102970857, 103692114, 721257
104469600, 105185143, 715543
105828571, 106522972, 694401
107296572, 107882171, 585599
108684457, 109388572, 704115
110164572, 110748114, 583542
111545257, 112264229, 718972
112904457, 113632800, 728343
114413257, 114986514, 573257
115772000, 116482972, 710972
117257029, 117837143, 580114
118625143, 119342172, 717029
119976114, 120695200, 719086
121473029, 122184343, 711314
122823200, 123511657, 688457
124287429, 124871314, 583885
125668800, 126362057, 693257
126993943, 127713600, 719657
128498972, 129210400, 711428
129848000, 130579314, 731314
131353829, 131926286, 572457
132718057, 133421029, 702972
134197600, 134782286, 584686
135574172, 136284800, 710628
136923314, 137648343, 725029
138423657, 138984914, 561257
139770171, 140478057, 707886
141250972, 141837143, 586171
142631200, 143330515, 699315
143960457, 144683200, 722743
145458400, 146174743, 716343
146810743, 147530743, 720000
148293715, 148868229, 574514
149656800, 150363429, 706629
150995543, 151722057, 726514
152506057, 153231086, 725029
153866286, 154587314, 721028
155359657, 155936914, 577257
156731086, 157431543, 700457
158207543, 158790400, 582857
159577943, 160276000, 698057
160916229, 161636457, 720228
162415086, 162987886, 572800
163770971, 164479657, 708686
165252915, 165840457, 587542
166628914, 167325715, 696801
167959771, 168679429, 719658
169460000, 170177600, 717600
170825600, 171516800, 691200
172288343, 172872114, 583771
173670514, 174373943, 703429
175147886, 175724114, 576228
176517600, 177225029, 707429
177862286, 178585257, 722971
179361486, 179936686, 575200
180730857, 181439657, 708800
182211086, 182808000, 596914
183594057, 184306515, 712458
184942857, 185661829, 718972
186436229, 186996800, 560571
187788686, 188498972, 710286
189269143, 189859429, 590286
190654057, 191352800, 698743
191984457, 192704229, 719772
193487772, 194203200, 715428
194836571, 195552114, 715543
196331086, 196914857, 583771
197712114, 198416229, 704115
199190858, 199768571, 577713
200560114, 201282743, 722629
201922857, 202635200, 712343
203410629, 203983086, 572457
204771543, 205481257, 709714
206254972, 206846057, 591085
207655200, 208371086, 715886
209010057, 209730972, 720915
210529943, 211241258, 711315
211880343, 212594972, 714629
213371657, 213961257, 589600
214757372, 215472572, 715200
216251200, 216841714, 590514
217637943, 218343429, 705486
218986514, 219712914, 726400
220506172, 221219886, 713714
222567200, 223392800, 825600
224184115, 224765486, 581371
225557486, 226280000, 722514
226925257, 227643200, 717943
228421372, 228986629, 565257
229776000, 230485257, 709257
231257943, 231846057, 588114
232632343, 233327200, 694857
233957486, 234685600, 728114
235469257, 236179086, 709829
236812000, 237505600, 693600
238273715, 238874629, 600914
239672000, 240381143, 709143
241161486, 241743200, 581714
242524000, 243221372, 697372
243858857, 244373829, 514972
245370400, 245958171, 587771
246760800, 247467200, 706400
248242400, 248823657, 581257
249619772, 250333029, 713257
250968571, 251694857, 726286
252479315, 253183086, 703771
253829486, 254544000, 714514
255320000, 255906743, 586743
256699657, 257406629, 706972
258191886, 258774286, 582400
259565600, 260270172, 704572
260907886, 261616686, 708800
262411543, 262999429, 587886
263792800, 264502057, 709257
265280000, 265857600, 577600
266651200, 267368800, 717600
268154286, 268745372, 591086
269533829, 270236000, 702171
270871886, 271586857, 714971
272363315, 272932457, 569142
273721600, 274428686, 707086
275209829, 275788686, 578857
276573714, 277269486, 695772
277907657, 278620343, 712686
279392115, 279971886, 579771
280757714, 281465715, 708001
282245029, 282831771, 586742
283622629, 284341486, 718857
284978057, 285691772, 713715
286477257, 287189943, 712686
287832914, 288547086, 714172
289327543, 289909829, 582286
290701257, 291432800, 731543
292206172, 292792686, 586514
293572457, 294272000, 699543
294909600, 295620343, 710743
296392800, 296972914, 580114
297756914, 298468343, 711429
299242743, 299840114, 597371
300635886, 301336229, 700343
301968571, 302682514, 713943
303467200, 304170515, 703315
304815314, 305522972, 707658
306298857, 306878629, 579772
307669029, 308376115, 707086
309153372, 309734286, 580914
310516229, 311216343, 700114
311857371, 312584686, 727315
313355200, 313943657, 588457
314740686, 315808800, 1068114
316655314, 317386057, 730743
318026971, 318753486, 726515
319535886, 320240229, 704343
320870743, 321591314, 720571
322362172, 322940229, 578057
323727086, 324425600, 698514
325201829, 325788114, 586285
326581600, 327313029, 731429
327955543, 328668114, 712571
329447886, 330011428, 563542
330803543, 331514057, 710514
332314629, 332908000, 593371
333713029, 334418057, 705028
335196000, 335793029, 597029
336576914, 336931543, 354629
337923886, 338442057, 518171
339442057, 340019657, 577600
340820800, 341537600, 716800
342315200, 342906743, 591543
343713714, 344428800, 715086
345209258, 345809714, 600456
346615429, 347338172, 722743
347977029, 348697257, 720228
349490172, 350204800, 714628
350842971, 351555886, 712915
352328000, 352917943, 589943
353719543, 354424915, 705372
355205600, 355798171, 592571
356587886, 357300000, 712114
357941029, 358662743, 721714
359437715, 360010286, 572571
360808000, 361514057, 706057
362290286, 362882857, 592571
363691657, 364395543, 703886
365027543, 365761029, 733486
366547086, 367256343, 709257
367895314, 368620457, 725143
369398057, 369972000, 573943
370773600, 371480800, 707200
372253486, 372846743, 593257
373645714, 374350515, 704801
374990057, 375720229, 730172
376504000, 377224915, 720915
377869143, 378589714, 720571
379361829, 379948914, 587085
380749714, 381460229, 710515
382234286, 382829257, 594971
383629029, 384341715, 712686
384981371, 385704914, 723543
386484572, 387205143, 720571
387846400, 388555543, 709143
389332572, 389921600, 589028
390718743, 391432343, 713600
392210286, 392805029, 594743
393598629, 394289143, 690514
394925829, 395637372, 711543
396412000, 396988800, 576800
397785143, 398493029, 707886
399272115, 399871086, 598971
400670857, 401376457, 705600
402160686, 402746629, 585943
403538286, 404259200, 720914
404900343, 405626629, 726286
406405029, 406987657, 582628
407788114, 408499543, 711429
409272343, 409867086, 594743
410668343, 411390972, 722629
412174629, 412769600, 594971
413553143, 414278515, 725372
414917943, 415644914, 726971
416415657, 416997143, 581486
417801143, 418510629, 709486
419286972, 419884571, 597599
420685829, 421399886, 714057
422182858, 422776114, 593256
424259200, 424912457, 653257
425722857, 426441600, 718743
427230286, 427825371, 595085
428617943, 429337372, 719429
429977486, 430700000, 722514
431485600, 432203429, 717829
432841829, 433557943, 716114
434328686, 434917829, 589143
435722857, 436435086, 712229
437213258, 437820114, 606856
438616914, 439319315, 702401
439951771, 440674743, 722972
441460915, 442176686, 715771
442830400, 443521257, 690857
444301257, 444890400, 589143
445697372, 446412572, 715200
447186172, 447773714, 587542
448564000, 449274400, 710400
449913029, 450636686, 723657
451413143, 452000800, 587657
452801257, 453489143, 687886
454260915, 454859200, 598285
455665257, 456390972, 725715
457176229, 457769371, 593142
458568343, 459273257, 704914
459909943, 460630972, 721029
461408000, 461984457, 576457
462786286, 463493600, 707314
464261029, 464856457, 595428
465658514, 466374515, 716001
467011771, 467749714, 737943
468536000, 469240572, 704572
469884686, 470611543, 726857
471386629, 471968457, 581828
472771086, 473479886, 708800
474257829, 474852914, 595085
475649143, 476367543, 718400
477004229, 477734286, 730057
478521600, 479234972, 713372
479867657, 480596457, 728800
481370400, 481958400, 588000
482755772, 483463886, 708114
484239886, 484834743, 594857
485638743, 486355315, 716572
486995429, 487717372, 721943
488512800, 489225372, 712572
489873829, 490597943, 724114
491372686, 491957943, 585257
492772914, 493482172, 709258
494256458, 494853829, 597371
495654286, 496371200, 716914
497163315, 497756229, 592914
498543543, 499254515, 710972
499886514, 500612686, 726172
501385600, 501966057, 580457
502768343, 503471429, 703086
504240915, 504838286, 597371
505649372, 506370057, 720685
507007771, 507721829, 714058
508508686, 509221143, 712457
509866171, 510596686, 730515
511376915, 511958629, 581714
512758286, 513466172, 707886
514238058, 514831886, 593828
515630172, 516340000, 709828
516977486, 517705600, 728114
518492000, 519210515, 718515
519843200, 520560800, 717600
521329143, 521707200, 378057
522713372, 523429372, 716000
524205715, 524804571, 598856
525592572, 526302172, 709600
526942286, 527460115, 517829
528214743, 531171999, 2957256
531848228, 532579999, 731771
533360571, 533949028, 588457
534757028, 535248342, 491314
535871999, 537815656, 1943657
538651199, 539377028, 725829
540010171, 540532685, 522514
541270514, 542315771, 1045257
542981256, 543500571, 519315
544502742, 545211199, 708457
545851085, 546578742, 727657
547359885, 547947885, 588000
548747656, 549463085, 715429
550241714, 550829942, 588228
551627199, 552337714, 710515
552980914, 553703314, 722400
554481371, 555202399, 721028
555843656, 556553371, 709715
557335885, 557711428, 375543
558708114, 559425142, 717028
560211999, 560803542, 591543
561601828, 562321485, 719657
562965028, 563687428, 722400
564473942, 565198171, 724229
565837714, 566566285, 728571
567342285, 567929371, 587086
568735542, 569443085, 707543
570219771, 570815885, 596114
571603085, 572312228, 709143
572951771, 573669028, 717257
574451771, 575171199, 719428
575825256, 576522285, 697029
577306742, 577897028, 590286
578705714, 579420228, 714514
580207428, 580589028, 381600
581599885, 582317942, 718057
582955999, 583686399, 730400
584475657, 585192799, 717142
585835999, 586549028, 713029
587335542, 587918856, 583314
588721714, 589442628, 720914
590226971, 590608228, 381257
591583542, 592326628, 743086
592963542, 593696571, 733029
594486285, 595211428, 725143
595856342, 596581371, 725029
597357828, 597941142, 583314
598735085, 599448914, 713829
600246971, 600844685, 597714
601638856, 602357028, 718172
602996571, 603715885, 719314
604509485, 605220571, 711086
605869028, 606585257, 716229
607360228, 607944685, 584457
608750056, 609462628, 712572
610238971, 610840342, 601371
611644914, 612369942, 725028
613007314, 613745485, 738171
614537828, 615254857, 717029
615893028, 616419199, 526171
617172685, 617959085, 786400
618755542, 619469371, 713829
620245714, 620842171, 596457
621634628, 622354742, 720114
622992799, 623517142, 524343
624261599, 627311657, 3050058
627974514, 628714399, 739885
629499199, 630225942, 726743
630877256, 631606171, 728915
632899656, 633720799, 821143
634520457, 635235999, 715542
635875999, 636599999, 724000
637376342, 637959314, 582972
638759199, 639473485, 714286
640250857, 640847085, 596228
641647542, 642355657, 708115
642994399, 643732456, 738057
644519542, 645232685, 713143
645880571, 646602514, 721943
647375657, 647945828, 570171
648744342, 649455542, 711200
650227199, 650821828, 594629
651612456, 652311199, 698743
652946742, 653659314, 712572
654431428, 655150399, 718971
655795771, 656514285, 718514
657297257, 657889942, 592685
658690742, 659397257, 706515
660172114, 660755542, 583428
661544571, 662262514, 717943
662902285, 663621142, 718857
664396685, 664963199, 566514
665752685, 666466742, 714057
667240685, 667836799, 596114
668622857, 669343542, 720685
669981028, 670706285, 725257
671493257, 672207428, 714171
672854971, 673366171, 511200
674331771, 674924914, 593143
675731885, 676445714, 713829
677219085, 677812914, 593829
678608685, 678959542, 350857
679944799, 680653599, 708800
681428914, 682164342, 735428
682819656, 683508685, 689029
684281599, 684873942, 592343
685663885, 686364457, 700572
686994056, 687716114, 722058
688508799, 689216799, 708000
689856571, 690585371, 728800
691361028, 691935199, 574171
692724228, 693435314, 711086
694211085, 694804456, 593371
695597599, 696294171, 696572
696927085, 697639542, 712457
698418057, 698992799, 574742
699779428, 700473599, 694171
701242057, 701829828, 587771
702620799, 702969371, 348572
703971542, 704694856, 723314
705483314, 706198514, 715200
706836799, 707552228, 715429
708329371, 708908914, 579543
709706285, 710413599, 707314
711191314, 711773028, 581714
712557714, 713282742, 725028
713925485, 714657714, 732229
715435428, 716000685, 565257
716791885, 717510399, 718514
718286399, 718867314, 580915
719660228, 720375199, 714971
721008228, 721733371, 725143
722532114, 723244571, 712457
723881028, 724608457, 727429
725392457, 725966742, 574285
726756342, 727466971, 710629
728243085, 728821942, 578857
729610171, 730300114, 689943
730935771, 731662056, 726285
732435657, 733149257, 713600
733793028, 734517942, 724914
735300571, 735887199, 586628
736688685, 737397828, 709143
738172342, 738750399, 578057
739537828, 740245599, 707771
740882514, 741601599, 719085
742377942, 742959314, 581372
743748228, 744461942, 713714
745236685, 745818856, 582171
746600571, 747290971, 690400
747925828, 748664685, 738857
749449371, 750147885, 698514
750792799, 751509942, 717143
752285828, 752865599, 579771
753658171, 754361942, 703771
754995314, 755719885, 724571
756514285, 757224228, 709943
757866628, 758583314, 716686
759365028, 759946285, 581257
760735999, 761448457, 712458
762223314, 762805028, 581714
763589828, 764284228, 694400
764921714, 765659428, 737714
766433599, 766997714, 564115
767792685, 768512685, 720000
769295428, 769887428, 592000
770687428, 771413371, 725943
772199542, 772787085, 587543
773576228, 774296457, 720229
774940114, 775655656, 715542
776433942, 777005371, 571429
777790628, 778480914, 690286
779257828, 779844685, 586857
780634514, 781330742, 696228
781963542, 782678742, 715200
783461828, 784175542, 713714
784810628, 785522171, 711543
786294285, 786869371, 575086
787669828, 788392342, 722514
789021485, 789741599, 720114
790522514, 791219542, 697028
791857714, 792576114, 718400
793357828, 793939885, 582057
794731085, 795438971, 707886
796213942, 796803428, 589486
797588342, 798288228, 699886
798921942, 799645599, 723657
800417828, 800980914, 563086
801766399, 802483314, 716915
803265142, 803847085, 581943
804634171, 805351771, 717600
805992456, 806703314, 710858
807494285, 808206742, 712457
808844914, 809571542, 726628
810350628, 810935085, 584457
811731428, 812448114, 716686
813225942, 813815999, 590057
814607542, 815331999, 724457
815973256, 816695999, 722743
817484799, 818197714, 712915
818836114, 819558057, 721943
820336342, 820910971, 574629
821709028, 822418514, 709486
823200114, 823792799, 592685
824583542, 825293028, 709486
825931314, 826659314, 728000
827447314, 828168571, 721257
828805942, 829505828, 699886
830277028, 830863314, 586286
831652914, 832349142, 696228
833708799, 834545257, 836458
835336342, 835921256, 584914
836721142, 837428914, 707772
838210514, 838803542, 593028
839596228, 840301828, 705600
840936914, 841651199, 714285
842428228, 842991542, 563314
843784914, 844494857, 709943
845265828, 845860571, 594743
846666857, 847367085, 700228
848147085, 848746742, 599657
849524914, 850229714, 704800
850864914, 851590742, 725828
852366857, 852944228, 577371
853733142, 854452914, 719772
855226171, 855811428, 585257
856601142, 857311771, 710629
857947885, 858667771, 719886
859457714, 860178628, 720914
860822628, 861540228, 717600
862314857, 862904571, 589714
863702285, 864406171, 703886
865189942, 865788685, 598743
866578742, 867312571, 733829
867952685, 868678057, 725372
869461599, 870023428, 561829
870810514, 871526057, 715543
872302171, 872877142, 574971
873669485, 874017485, 348000
875150399, 875735199, 584800
876516799, 877222399, 705600
877862971, 878595428, 732457
879370171, 879949371, 579200
880734056, 881453599, 719543
882232342, 882810628, 578286
883602514, 884301599, 699085
884936799, 885650971, 714172
886706399, 887445942, 739543
888230971, 888813142, 582171
889601714, 890298514, 696800
890934514, 891659085, 724571
892445599, 893004685, 559086
893795885, 894504799, 708914
895275771, 895860228, 584457
896650857, 897365142, 714285
898000456, 898731999, 731543
899526514, 900245257, 718743
900883085, 901599885, 716800
902375428, 902960342, 584914
903748914, 904469485, 720571
905249599, 905832456, 582857
906631999, 907334514, 702515
907967885, 908689714, 721829
909471428, 910181828, 710400
910814399, 911505028, 690629
912274742, 912859542, 584800
913654171, 914359771, 705600
914992571, 915723199, 730628
916798171, 917524685, 726514
918316799, 918899428, 582629
919700342, 920410857, 710515
921182857, 921774742, 591885
922565257, 923281485, 716228
923921599, 924651085, 729486
925427085, 926002742, 575657
926797942, 927514514, 716572
928298171, 928887428, 589257
929693485, 930413028, 719543
931194628, 931787656, 593028
932574057, 933283771, 709714
933921828, 934644114, 722286
935422514, 935990971, 568457
936783199, 937493028, 709829
938277714, 938855314, 577600
939647999, 940352685, 704686
940990399, 941709142, 718743
942499999, 943209371, 709372
943845142, 944569485, 724343
945346971, 945923199, 576228
946717942, 947435771, 717829
948220114, 948799314, 579200
949594742, 950296114, 701372
950931885, 951652228, 720343
952428685, 953000914, 572229
953800114, 954510857, 710743
955285371, 955877714, 592343
956678171, 957385485, 707314
958015314, 958735314, 720000
959524914, 960240228, 715314
960873028, 961593142, 720114
962368799, 962943542, 574743
963734056, 964443199, 709143
965221942, 965815771, 593829
966609485, 967324457, 714972
967961142, 968679657, 718515
969452799, 970015656, 562857
970806056, 971515428, 709372
972295428, 972887999, 592571
973685142, 974385371, 700229
975155428, 975738971, 583543
976520799, 977227771, 706972
977863771, 978593257, 729486
979369028, 979953828, 584800
980748799, 981469828, 721029
982249942, 982833828, 583886
983619542, 984329828, 710286
984969942, 985678514, 708572
986466971, 987178399, 711428
987827656, 988542742, 715086
989325714, 989914056, 588342
990715999, 991439771, 723772
992215657, 992811771, 596114
993599428, 994298399, 698971
994935428, 995460342, 524914
996460114, 997174514, 714400
997809599, 998544685, 735086
999326171, 999902399, 576228
714628, 1428114, 713486
2209142, 2805371, 596229
3589371, 4280914, 691543
4914742, 5647656, 732914
6417714, 6985485, 567771
7778171, 8494742, 716571
9271999, 9859428, 587429
10653142, 11372114, 718972
12010399, 12735656, 725257
13526399, 14238399, 712000
14877371, 15590856, 713485
16368799, 16952456, 583657
17742514, 18442857, 700343
19212914, 19811999, 599085
20618171, 21330742, 712571
21968114, 22697256, 729142
23486971, 24202857, 715886
24835771, 25557828, 722057
26335199, 26924685, 589486
27719771, 28437942, 718171
29218285, 29812456, 594171
30602857, 31313485, 710628
31950399, 32667542, 717143
33444685, 34019542, 574857
34821485, 35509371, 687886
36279771, 36877828, 598057
37687199, 38391657, 704458
39689714, 40512914, 823200
41299542, 41888342, 588800
42687428, 43400685, 713257
44181142, 44772914, 591772
45578057, 46276571, 698514
46917599, 47631314, 713715
48976228, 49737142, 760914
50527542, 51239885, 712343
51875199, 52592571, 717372
53365828, 53959428, 593600
54744685, 55462057, 717372
56232114, 56810285, 578171
57597942, 58300228, 702286
58932342, 59653714, 721372
60429028, 61000456, 571428
61791656, 62497828, 706172
63267999, 63850399, 582400
64634628, 65318857, 684229
65947999, 66671085, 723086
67452457, 68168685, 716228
68814856, 69509828, 694972
70279657, 70865714, 586057
71661371, 72372799, 711428
73149828, 73730514, 580686
74522857, 75232799, 709942
75862742, 76574285, 711543
77351428, 77934056, 582628
78726171, 79440571, 714400
80219428, 80815999, 596571
81606399, 82296457, 690058
82932456, 83661828, 729372
84436228, 85004571, 568343
85786285, 86488571, 702286
87265257, 87848228, 582971
88635542, 89356457, 720915
89995428, 90711771, 716343
91503428, 92208914, 705486
92853256, 93581142, 727886
94359885, 94940456, 580571
95727885, 96437714, 709829
97214171, 97796799, 582628
98580571, 99295314, 714743
99930285, 100662171, 731886
101441828, 102001142, 559314
102790399, 103510285, 719886
104292799, 104869256, 576457
105657371, 106360228, 702857
107143771, 107737485, 593714
108532228, 109246057, 713829
109888228, 110607428, 719200
111387771, 111966399, 578628
112760571, 113477828, 717257
114252457, 114840114, 587657
115636228, 116333028, 696800
116969485, 117699085, 729600
118490628, 119199085, 708457
119835199, 120562742, 727543
121335085, 121907656, 572571
122695885, 123405485, 709600
124194171, 124789485, 595314
125583199, 126284914, 701715
126921828, 127640114, 718286
128415085, 128980914, 565829
129775885, 130483428, 707543
131255657, 131842628, 586971
132643199, 133364457, 721258
133998742, 134731199, 732457
135514628, 136221028, 706400
136860456, 137593599, 733143
138370285, 138939542, 569257
139727656, 140434285, 706629
141214057, 141812571, 598514
142609142, 143300914, 691772
143941142, 144652114, 710972
145426971, 145998628, 571657
146797942, 147504342, 706400
148275885, 148864342, 588457
149660342, 150365028, 704686
150993485, 151724571, 731086
152510628, 153208457, 697829
153847314, 154581028, 733714
155355771, 155938971, 583200
156737256, 157456799, 719543
158245828, 158828685, 582857
159614971, 160335428, 720457
160975428, 161696228, 720800
162485714, 163197485, 711771
163834628, 164552457, 717829
165328114, 165905485, 577371
166698399, 167402971, 704572
168179542, 168758056, 578514
169544685, 170257828, 713143
170892228, 171627085, 734857
172403771, 172976571, 572800
173772114, 174491657, 719543
175271428, 175852228, 580800
176638742, 177350171, 711429
177989828, 178702628, 712800
179498171, 180201142, 702971
180835656, 181546399, 710743
182320114, 182900114, 580000
183694514, 184400457, 705943
185184114, 185769942, 585828
186551085, 187255542, 704457
187895428, 188625942, 730514
189404799, 189984114, 579315
190777942, 191487199, 709257
192260685, 192842514, 581829
193642171, 194353142, 710971
194990971, 195707199, 716228
196503999, 197214514, 710515
197849828, 198569714, 719886
199345714, 199922514, 576800
200707999, 201425599, 717600
202206857, 202798285, 591428
203588228, 204285371, 697143
204921599, 205637828, 716229
206422971, 206988799, 565828
207781828, 208491999, 710171
209265142, 209853599, 588457
210655199, 211353485, 698286
211985371, 212712342, 726971
213494057, 214197485, 703428
214833599, 215563314, 729715
216341599, 216930742, 589143
217723199, 218439085, 715886
219216914, 219811656, 594742
220605714, 221294742, 689028
221931542, 222637599, 706057
223416914, 224002856, 585942
224794742, 225508799, 714057
226288685, 226869485, 580800
227671885, 228376914, 705029
229147542, 229527771, 380229
230535428, 231265142, 729714
231904342, 232632685, 728343
233412799, 233987428, 574629
234774971, 235489028, 714057
236277485, 236862514, 585029
237659428, 238363199, 703771
238996342, 239731314, 734972
240522399, 241240457, 718058
241875656, 242606857, 731201
243387085, 243970514, 583429
245491428, 246299085, 807657
246948456, 247660799, 712343
248436342, 249004342, 568000
249796342, 250506171, 709829
251287314, 251876799, 589485
252678971, 253378171, 699200
254154399, 254756914, 602515
255540228, 256251657, 711429
256889485, 257619999, 730514
258389714, 258758856, 369142
259781942, 260488457, 706515
261257942, 261844685, 586743
262643428, 263363085, 719657
263999314, 264729256, 729942
265516685, 266213599, 696914
266853485, 267585485, 732000
268359885, 268932685, 572800
269720685, 270422628, 701943
271206057, 271793599, 587542
272582285, 273285599, 703314
273920914, 274638057, 717143
275414971, 275980342, 565371
276775199, 277481942, 706743
278255199, 278839542, 584343
279637371, 280328342, 690971
280961371, 281681028, 719657
282459657, 283159771, 700114
283804914, 284524685, 719771
285298171, 285882856, 584685
286681599, 287391085, 709486
288179999, 288766399, 586400
289547771, 290250857, 703086
290886285, 291607542, 721257
292385485, 292963085, 577600
293750171, 294459199, 709028
295225371, 295816456, 591085
296613714, 297313599, 699885
297947428, 298668571, 721143
299443199, 300175999, 732800
300819314, 301547199, 727885
302318514, 302695999, 377485
303695999, 304398971, 702972
305179771, 305769028, 589257
306565028, 307274742, 709714
307912342, 308638971, 726629
309414399, 309985599, 571200
310769371, 311488799, 719428
312268799, 312851542, 582743
313660342, 314387085, 726743
315020456, 315744114, 723658
316907314, 317673942, 766628
318467657, 319170857, 703200
319819999, 320546971, 726972
321326057, 321902056, 575999
322697714, 323402971, 705257
324182285, 324777714, 595429
325559542, 326266399, 706857
326902399, 327416457, 514058
328416114, 328984228, 568114
329773028, 330484457, 711429
331261142, 331841714, 580572
332637942, 333339314, 701372
333975199, 334693599, 718400
335477257, 336184457, 707200
336819428, 337534742, 715314
338334971, 338921256, 586285
339711885, 340411428, 699543
341189028, 341775085, 586057
342562628, 343286514, 723886
343923771, 344649028, 725257
345424799, 345994514, 569715
346780685, 347503542, 722857
348279542, 348865828, 586286
349663314, 350370514, 707200
351003199, 351722742, 719543
352521942, 353229828, 707886
353869371, 354379657, 510286
355366285, 355941942, 575657
356730856, 357438057, 707201
358218628, 358799199, 580571
359588342, 360289828, 701486
360925028, 361642056, 717028
362418514, 362993485, 574971
363786171, 364494514, 708343
365270285, 365858285, 588000
366651085, 367355771, 704686
367991199, 368720342, 729143
369515314, 370220685, 705371
370860114, 371366971, 506857
372370857, 372952685, 581828
373743428, 374456457, 713029
375231085, 375817485, 586400
376609257, 377310742, 701485
377949485, 378669485, 720000
379445485, 380022171, 576686
380811428, 381525942, 714514
382297942, 382883999, 586057
383688685, 384389714, 701029
385163542, 385738742, 575200
386535771, 387244799, 709028
387883314, 388610971, 727657
389384342, 389957828, 573486
390742856, 391465142, 722286
392243542, 392824914, 581372
393622856, 394330399, 707543
394965942, 395676342, 710400
396466285, 397187428, 721143
397831428, 398523314, 691886
399299885, 399891771, 591886
400694285, 401397828, 703543
402174742, 402768342, 593600
403556114, 404260799, 704685
404897028, 405628342, 731314
406403771, 406971428, 567657
407766514, 408510399, 743885
409295314, 409883771, 588457
410680342, 411388799, 708457
412162514, 412734971, 572457
413526628, 414222628, 696000
414866514, 415586971, 720457
416371542, 416948685, 577143
417736571, 418452342, 715771
419225028, 419806285, 581257
420598285, 421304114, 705829
421942628, 422655314, 712686
423428571, 423997942, 569371
424780914, 425489599, 708685
426275657, 426866971, 591314
427662628, 428364228, 701600
429000342, 429728571, 728229
430521599, 431242399, 720800
431875656, 432597028, 721372
433374971, 433953485, 578514
434745028, 435469371, 724343
436248457, 436830285, 581828
437643199, 438364342, 721143
439004914, 439729256, 724342
440522971, 441239085, 716114
441874399, 442589142, 714743
443370628, 443955314, 584686
444751314, 445465714, 714400
446728456, 447539771, 811315
448332799, 448909942, 577143
449708342, 450424228, 715886
451203085, 451783885, 580800
452577942, 453297485, 719543
453936342, 454646742, 710400
455422171, 455985714, 563543
456773714, 457485142, 711428
458257142, 458840799, 583657
459623771, 460330628, 706857
460967885, 461682628, 714743
462460342, 462819656, 359314
463817714, 464534857, 717143
465312457, 465896342, 583885
466688799, 467382514, 693715
468157485, 468737485, 580000
469528342, 470230857, 702515
470871314, 471595885, 724571
472371657, 472946285, 574628
473739999, 474449485, 709486
475218285, 475800914, 582629
476600571, 477322742, 722171
477960914, 478689028, 728114
479474971, 480181371, 706400
480828571, 481550171, 721600
482327428, 482909599, 582171
483702628, 484406399, 703771
485183885, 485772799, 588914
486559542, 487278171, 718629
487910742, 488649714, 738972
489429142, 490002399, 573257
490788685, 491486742, 698057
492261942, 492849599, 587657
493648228, 493999199, 350971
494993371, 495719199, 725828
496515314, 497224342, 709028
497854399, 498578514, 724115
499353028, 499926742, 573714
500720799, 501434628, 713829
502205942, 502795542, 589600
503584114, 504288114, 704000
504924342, 505642742, 718400
506422628, 506995771, 573143
507780799, 508478514, 697715
509248114, 509833599, 585485
510616114, 511310171, 694057
511946056, 512666171, 720115
513441942, 514008685, 566743
514794514, 515512571, 718057
516292799, 516883085, 590286
517686399, 518395428, 709029
519170971, 519744799, 573828
520529028, 521239657, 710629
521872228, 522587771, 715543
523367999, 523942171, 574172
524735885, 525447542, 711657
526224114, 526813028, 588914
527600114, 528295999, 695885
528934056, 529448114, 514058
530445371, 531169257, 723886
531818056, 532526742, 708686
533303657, 533889142, 585485
534686056, 535393485, 707429
536023085, 536739085, 716000
537517257, 538224571, 707314
538865028, 539595199, 730171
540372914, 540959771, 586857
541761371, 542474742, 713371
543254514, 543851314, 596800
544645942, 544995999, 350057
545992799, 546721828, 729029
547518399, 547873942, 355543
548637257, 555527085, 6889828
556350400, 556942286, 591886
557748000, 558460686, 712686
559232115, 559833486, 601371
560634857, 561346629, 711772
561982057, 562724686, 742629
563518743, 564231315, 712572
564873486, 565596343, 722857
566376457, 566960114, 583657
567762514, 568479543, 717029
569259772, 569851657, 591885
570652343, 571379086, 726743
572164572, 572754400, 589828
573545486, 574271543, 726057
574916114, 575637372, 721258
576414743, 576987886, 573143
577778629, 578487429, 708800
579259657, 579853371, 593714
580648914, 581369486, 720572
582150400, 582726057, 575657
583523200, 584238972, 715772
584877943, 585596800, 718857
586373372, 586953600, 580228
587747314, 588468572, 721258
589246058, 589838971, 592913
590637257, 591349372, 712115
591982743, 592720457, 737714
593506743, 594213143, 706400
594852229, 595575200, 722971
596356000, 596931429, 575429
597720572, 598423772, 703200
599202515, 599799200, 596685
600586057, 601296572, 710515
601934743, 602653600, 718857
603428343, 604003886, 575543
604801486, 605517257, 715771
606324915, 606913829, 588914
607710057, 608421486, 711429
609197258, 609780571, 583313
610569143, 611291886, 722743
611931429, 612640000, 708571
613415772, 613989029, 573257
614779429, 615487772, 708343
616259658, 616846629, 586971
617633486, 618320800, 687314
618955200, 619680457, 725257
620467772, 621167543, 699771
621811314, 622523657, 712343
623303200, 623881257, 578057
624680229, 625381143, 700914
626161258, 626743543, 582285
627541029, 628269143, 728114
628914743, 629638629, 723886
630414400, 630993029, 578629
631782286, 632491543, 709257
633263657, 633858400, 594743
634653829, 635378057, 724228
636158629, 636744572, 585943
637527429, 638221258, 693829
638861143, 639585486, 724343
640362857, 640937829, 574972
641728572, 642433143, 704571
643216115, 643795886, 579771
644593143, 645288229, 695086
645924914, 646637714, 712800
647414743, 647989829, 575086
648782400, 649491772, 709372
650266857, 650861257, 594400
651657943, 652361600, 703657
652993371, 653736914, 743543
655189029, 655824571, 635542
656627086, 657339429, 712343
657979086, 658900457, 921371
659715086, 660417143, 702057
661198400, 661792000, 593600
662586743, 663286400, 699657
663919543, 664633600, 714057
665412915, 665997257, 584342
666783200, 667494515, 711315
668269600, 668868000, 598400
669661600, 670362629, 701029
671000571, 671738172, 737601
672525029, 673225029, 700000
673863543, 674586057, 722514
675361943, 675943771, 581828
676763772, 677483429, 719657
678263543, 678856800, 593257
679650057, 680374972, 724915
681157143, 681735772, 578629
682531200, 683245372, 714172
683883314, 684604800, 721486
685385486, 685959086, 573600
686757714, 687474972, 717258
688249943, 688848343, 598400
689645600, 690354172, 708572
690987771, 691708114, 720343
692505029, 693212343, 707314
693854971, 694593943, 738972
695373257, 695949143, 575886
696737486, 697460115, 722629
698238629, 698823886, 585257
699611543, 700319543, 708000
700960571, 701676800, 716229
702463200, 702820571, 357371
703815429, 704535886, 720457
705303200, 705890971, 587771
706685829, 707392000, 706171
708167200, 708748457, 581257
709544000, 710259658, 715658
710905371, 711628800, 723429
712404457, 712968114, 563657
713764000, 714478629, 714629
715252686, 715842171, 589485
716637829, 717338857, 701028
717971886, 718710743, 738857
719503886, 720215658, 711772
720848229, 721561714, 713485
722338515, 722914171, 575656
723705257, 724410972, 705715
725198515, 725778743, 580228
726567429, 727271772, 704343
727904914, 728630629, 725715
729412457, 729988914, 576457
730776914, 731489715, 712801
732265715, 732845371, 579656
733634400, 734336915, 702515
734971543, 735704229, 732686
736501486, 737209943, 708457
737844114, 738565829, 721715
739347200, 739918286, 571086
740705943, 741415657, 709714
742199200, 742782972, 583772
743574057, 744275200, 701143
744909257, 745630286, 721029
746407657, 746982171, 574514
747779543, 748487315, 707772
749260915, 749851657, 590742
750661143, 751373029, 711886
752002400, 752726057, 723657
753516686, 754234286, 717600
754869143, 755594743, 725600
756368115, 756944571, 576456
757734286, 758451086, 716800
759229143, 759815086, 585943
760600572, 761294972, 694400
761932571, 762641829, 709258
763420800, 763788571, 367771
764781486, 765497943, 716457
766273029, 766865143, 592114
767669486, 768377372, 707886
769153486, 769729600, 576114
770518629, 771249372, 730743
771891200, 772619657, 728457
773399429, 773975314, 575885
774765943, 775474286, 708343
776250058, 776828800, 578742
777612343, 778312343, 700000
778944343, 779674400, 730057
780456915, 781017943, 561028
781805371, 782523315, 717944
783301029, 783877829, 576800
784671886, 785385715, 713829
786159772, 786737943, 578171
787537257, 788259315, 722058
788900229, 789622172, 721943
790401372, 790981600, 580228
791769943, 792485715, 715772
793258172, 793845371, 587199
794638857, 795347086, 708229
795986171, 796708800, 722629
797506172, 798219315, 713143
798868000, 799580114, 712114
800356686, 800935314, 578628
801723657, 802424115, 700458
803196800, 803778400, 581600
804564572, 805263200, 698628
805898286, 806625943, 727657
807405257, 807987200, 581943
808777829, 809495429, 717600
810273829, 810863771, 589942
811670400, 812382857, 712457
813013257, 813739314, 726057
814523315, 815246058, 722743
815885029, 816613943, 728914
817390972, 817973257, 582285
818759543, 819468686, 709143
820240915, 820826400, 585485
821618857, 822332800, 713943
822970971, 823696572, 725601
824478515, 824834743, 356228
825832000, 826536686, 704686
827322515, 827906400, 583885
828700800, 829399543, 698743
830172115, 830754286, 582171
831551314, 832253943, 702629
832890400, 833626400, 736000
834398057, 834986057, 588000
835774971, 836495086, 720115
837286172, 837866057, 579885
838661372, 839368686, 707314
840004228, 840724457, 720229
841510972, 842220229, 709257
842856000, 843578286, 722286
844362057, 844936571, 574514
845726972, 846431886, 704914
847203658, 847811771, 608113
848601486, 849321829, 720343
849962286, 850697829, 735543
851483543, 852191543, 708000
852831200, 853545943, 714743
854322629, 854902171, 579542
856419886, 857239200, 819314
857891771, 858622514, 730743
859403315, 860021600, 618285
860785829, 861499543, 713714
862271772, 862853714, 581942
863647772, 864349257, 701485
864983086, 865712572, 729486
866505029, 867215429, 710400
867849029, 868574057, 725028
869353029, 869926286, 573257
870712229, 871412915, 700686
872192686, 872789029, 596343
873585600, 874282057, 696457
874917943, 875638514, 720571
876415086, 876987543, 572457
877775314, 878485143, 709829
879259657, 879849600, 589943
880644686, 881362400, 717714
881990857, 882529714, 538857
883541372, 884266286, 724914
884904686, 885629600, 724914
886408343, 886992686, 584343
887782971, 888627886, 844915
889433600, 890004457, 570857
890795429, 891505486, 710057
892274972, 892860457, 585485
893660343, 894357372, 697029
894994171, 895721143, 726972
896503543, 897214858, 711315
897853143, 898586629, 733486
899363772, 899949943, 586171
900742514, 901460457, 717943
902244229, 902823886, 579657
903615543, 904331886, 716343
904967086, 905703429, 736343
906494286, 907201715, 707429
907839314, 908555772, 716458
909332457, 909910400, 577943
910705714, 911414172, 708458
912197258, 912792343, 595085
913579886, 914280915, 701029
914923543, 915650972, 727429
916426286, 917003543, 577257
917789257, 918786743, 997486
919601029, 920301257, 700228
920935086, 921650514, 715428
922422057, 923004571, 582514
923787429, 924504800, 717371
925286972, 925864457, 577485
926653257, 927350857, 697600
927985943, 928705029, 719086
929487200, 930192000, 704800
930825943, 931549943, 724000
932330400, 932907086, 576686
933704686, 934415543, 710857
935193372, 935785257, 591885
936570743, 937298400, 727657
937938400, 938662629, 724229
939450286, 940168229, 717943
940820229, 941519886, 699657
942299429, 942881029, 581600
943680114, 944388229, 708115
945177943, 945763314, 585371
946547543, 947256229, 708686
947893257, 948623429, 730172
949403200, 949980114, 576914
950773257, 951485257, 712000
952262515, 952852000, 589485
953646400, 954362286, 715886
954993943, 955720914, 726971
956512457, 957220343, 707886
957863429, 958609143, 745714
959385372, 959964686, 579314
960773943, 961492686, 718743
962273257, 962864686, 591429
963659086, 964365486, 706400
965000457, 965716229, 715772
966527086, 967242743, 715657
967878743, 968604572, 725829
969381029, 969950514, 569485
970741600, 971455772, 714172
972226286, 972822743, 596457
973615772, 974315086, 699314
974950514, 975677029, 726515
976453143, 977158515, 705372
977800914, 978497029, 696115
979272229, 979866514, 594285
980666743, 981372572, 705829
982152229, 982733829, 581600
983517600, 984215543, 697943
984848686, 985354286, 505600
986352229, 986930171, 577942
987716800, 988422515, 705715
989202172, 989784914, 582742
990569372, 991269829, 700457
991908000, 992625829, 717829
993400457, 993970971, 570514
994763200, 995468457, 705257
996242515, 996825143, 582628
997606057, 998300000, 693943
998934400, 999666286, 731886
457372, 1163658, 706286
1809943, 2516800, 706857
3280343, 3875886, 595543
4671657, 5371543, 699886
6143200, 6729143, 585943
7523772, 8250058, 726286
8893257, 9618400, 725143
10395429, 10968000, 572571
11759200, 12470629, 711429
13238743, 13827429, 588686
14609714, 15300686, 690972
15933029, 16644000, 710971
17419657, 17990971, 571314
18779314, 19488686, 709372
20260686, 20854171, 593485
21649143, 22347886, 698743
22982057, 23709714, 727657
24488686, 25204686, 716000
25839200, 26561257, 722057
27332457, 27711086, 378629
28700800, 29404572, 703772
30176458, 30758286, 581828
31538286, 32238172, 699886
32878286, 33607543, 729257
34377829, 34960914, 583085
35755657, 36468915, 713258
37244572, 37843314, 598742
38642286, 39360686, 718400
40146629, 40727657, 581028
41513257, 42218286, 705029
42857143, 43577257, 720114
44352915, 44938857, 585942
45734400, 46443086, 708686
47216229, 48468115, 1251886
49345143, 49943543, 598400
50744686, 51451657, 706971
52227086, 52814171, 587085
53612114, 54337943, 725829
54977371, 55700457, 723086
56493372, 57217258, 723886
57854286, 58568800, 714514
59349943, 59939429, 589486
60734286, 61449715, 715429
62223772, 62816800, 593028
64318057, 64980000, 661943
65793257, 66505372, 712115
67283657, 67874057, 590400
68678057, 69372115, 694058
70144343, 70721943, 577600
71513486, 72212458, 698972
72849257, 73559200, 709943
74332915, 74908114, 575199
75696229, 76398286, 702057
77169715, 77759314, 589599
78546172, 79264343, 718171
79907543, 80637143, 729600
81409715, 81985143, 575428
82776572, 83489715, 713143
84264457, 84847886, 583429
85637143, 86354286, 717143
87138858, 87720457, 581599
88513600, 89212572, 698972
89847657, 90570172, 722515
91344000, 91915886, 571886
92708686, 93420343, 711657
94200115, 94799314, 599199
95583772, 96279429, 695657
96912686, 97621257, 708571
98391886, 98973829, 581943
99759886, 100471543, 711657
101246400, 101842286, 595886
102639200, 103359315, 720115
103990743, 104706629, 715886
105498057, 106207315, 709258
106841371, 107554057, 712686
108332000, 108914629, 582629
109707429, 110416115, 708686
111194629, 111780114, 585485
112568457, 113269600, 701143
113907429, 114420457, 513028
115406400, 115984343, 577943
116773600, 117482057, 708457
118257715, 118847543, 589828
119641029, 120341372, 700343
120972914, 121694514, 721600
122470286, 123024343, 554057
123812686, 124530286, 717600
125302629, 125902171, 599542
126694286, 127402972, 708686
128176572, 128753143, 576571
129551657, 130256115, 704458
130890286, 131614972, 724686
132390286, 132974171, 583885
133770171, 134481600, 711429
135257257, 135850400, 593143
136643543, 137349715, 706172
137982857, 138711200, 728343
139500800, 140215772, 714972
140847543, 141562629, 715086
142333715, 142908571, 574856
143700229, 144410286, 710057
145189143, 145776914, 587771
146559772, 147263315, 703543
147897943, 148621372, 723429
149400343, 149974971, 574628
150771086, 151481372, 710286
152254629, 152838400, 583771
153629143, 154341486, 712343
154973257, 155702857, 729600
156490515, 157212458, 721943
157846171, 158564572, 718401
159336457, 159910514, 574057
160701714, 161408800, 707086
162187543, 162772914, 585371
163555886, 164262172, 706286
164898400, 165619886, 721486
166394400, 166964343, 569943
167748800, 168448800, 700000
169219772, 169805371, 585599
170596000, 171285829, 689829
171923200, 172640572, 717372
173412229, 173985600, 573371
174770514, 175478172, 707658
176251772, 176834743, 582971
177622286, 178304229, 681943
178937829, 179662743, 724914
180446172, 181007429, 561257
181790286, 182511657, 721371
183292915, 183869943, 577028
184655657, 185354286, 698629
185986057, 186705600, 719543
187490515, 188197258, 706743
188838857, 189554057, 715200
190326286, 190903657, 577371
191698514, 192406743, 708229
193182515, 193767543, 585028
194559429, 195265715, 706286
195903086, 196631429, 728343
197406629, 197977029, 570400
198769029, 199479543, 710514
200252686, 200843886, 591200
201635543, 202340572, 705029
202973600, 203697372, 723772
204474057, 205198629, 724572
205832457, 206524572, 692115
207298629, 207881600, 582971
208679543, 209372343, 692800
210144572, 210728229, 583657
211516229, 212249486, 733257
212891429, 213618286, 726857
214397600, 214967657, 570057
215754514, 216464229, 709715
217236915, 217822857, 585942
218610514, 219303657, 693143
219938971, 220654400, 715429
221423772, 221994057, 570285
222782743, 223491315, 708572
224268115, 224855657, 587542
225656686, 226357372, 700686
226988914, 227709029, 720115
228501029, 229210058, 709029
229851543, 230578972, 727429
231353715, 231926286, 572571
232715200, 233428229, 713029
234204800, 234789143, 584343
235580686, 235931429, 350743
236933257, 237648000, 714743
238424457, 238995543, 571086
239784800, 240496915, 712115
241270172, 241863771, 593599
242667429, 243371086, 703657
244146858, 244728686, 581828
245518629, 246252229, 733600
246897600, 247630400, 732800
248408343, 248995543, 587200
249788000, 250500343, 712343
251272229, 251857143, 584914
252647772, 253347200, 699428
253977943, 254702057, 724114
255492229, 256200000, 707771
256832229, 257555543, 723314
258332572, 258908686, 576114
259702286, 260406972, 704686
261188115, 261774629, 586514
262553029, 263264000, 710971
263901143, 264626057, 724914
265405143, 265986629, 581486
267507886, 268306286, 798400
268949943, 269669143, 719200
270444915, 271012800, 567885
271798629, 272521829, 723200
273284686, 273862171, 577485
274651886, 275352572, 700686
275987200, 276708000, 720800
277492800, 278199886, 707086
278834629, 279549600, 714971
280323086, 280901943, 578857
281697829, 282390286, 692457
283164915, 283749600, 584685
284538743, 285251886, 713143
285895314, 286613943, 718629
287386286, 287956571, 570285
288741486, 289449372, 707886
290222286, 290801600, 579314
291585943, 292278857, 692914
292914857, 293641600, 726743
294416229, 294997829, 581600
295792914, 296503315, 710401
297271886, 297852457, 580571
298642286, 299331429, 689143
299965257, 300489715, 524458
301478057, 302209258, 731201
302851543, 303572457, 720914
304349029, 304927771, 578742
305717943, 306416343, 698400
307192686, 307793714, 601028
308583200, 309305257, 722057
309941829, 310664686, 722857
311441372, 312004914, 563542
312797029, 313505029, 708000
314280457, 314873829, 593372
315677829, 316386400, 708571
317498514, 318311657, 813143
318962286, 319677943, 715657
320463086, 321165372, 702286
321810743, 322306972, 496229
322924229, 329152913, 6228684
329837942, 330565485, 727543
331348915, 331923314, 574399
332717714, 333421943, 704229
334199315, 334791771, 592456
335578400, 336274286, 695886
336909943, 337631314, 721371
338407086, 338982629, 575543
339768800, 340479200, 710400
341253143, 341836686, 583543
342633486, 343339200, 705714
343975771, 344693943, 718172
345468000, 346178400, 710400
346811429, 347524915, 713486
348289372, 348878971, 589599
349674743, 350384572, 709829
351013714, 351735429, 721715
352523429, 353248343, 724914
353888457, 354616686, 728229
355392686, 355969371, 576685
356759086, 357252572, 493486
358250400, 358847200, 596800
359654743, 360381486, 726743
361021371, 361753600, 732229
362542286, 363272457, 730171
363916343, 364645143, 728800
365417257, 365785714, 368457
366793829, 367502629, 708800
368276915, 368870400, 593485
369674743, 370391429, 716686
371028114, 371760114, 732000
372546629, 373256686, 710057
373896914, 374627886, 730972
375406743, 375775314, 368571
376538857, 379934285, 3395428
380747657, 381459085, 711428
382231885, 382832685, 600800
383626514, 384335542, 709028
384971999, 385694399, 722400
386479314, 387196799, 717485
387832114, 388524228, 692114
389299314, 389878514, 579200
390684342, 391389028, 704686
392158857, 392731542, 572685
393516457, 394224685, 708228
394865599, 395584571, 718972
396355314, 396943199, 587885
397741485, 398456114, 714629
399231428, 399826971, 595543
400621714, 401340914, 719200
401975771, 402704228, 728457
403496685, 404205257, 708572
404845256, 405562971, 717715
406338857, 406922285, 583428
407723199, 408425942, 702743
409202171, 409782514, 580343
410571199, 411299085, 727886
411938971, 412650171, 711200
413421714, 413994971, 573257
414807542, 415535314, 727772
416307085, 416885142, 578057
417679085, 418401714, 722629
419175199, 419766971, 591772
420558171, 421265714, 707543
421901256, 422622742, 721486
423402514, 423985485, 582971
424779999, 425490742, 710743
426262628, 426858742, 596114
427665028, 428362628, 697600
429145599, 429735999, 590400
430515199, 431219085, 703886
431854171, 432564685, 710514
433335999, 433922971, 586972
434719199, 435424228, 705029
436200114, 436781599, 581485
437598057, 438293142, 695085
438928228, 439644228, 716000
440436571, 440996228, 559657
441780228, 442489599, 709371
443256799, 443841142, 584343
444633256, 445354857, 721601
445985828, 446711885, 726057
447493828, 448201485, 707657
448842514, 449556114, 713600
450329714, 450910971, 581257
451707542, 452413714, 706172
453189257, 453794856, 605599
454582971, 455282399, 699428
455917256, 456631428, 714172
457406628, 457987656, 581028
458790285, 459501714, 711429
460276685, 460867771, 591086
461656342, 462365714, 709372
462999771, 463723085, 723314
464509371, 465246285, 736914
465889714, 466621142, 731428
467398057, 467984342, 586285
468778628, 469491999, 713371
470268342, 470863428, 595086
471671771, 472385142, 713371
473020114, 473758399, 738285
474548457, 475262514, 714057
476612799, 477443771, 830972
478223085, 478812228, 589143
479600685, 480298971, 698286
480929942, 481656228, 726286
482426514, 482993028, 566514
483779199, 484506057, 726858
485280457, 485863999, 583542
486657828, 487356114, 698286
487988228, 488703085, 714857
489495885, 489849599, 353714
490845485, 491562399, 716914
492337028, 492923199, 586171
493719542, 494434857, 715315
495204571, 495790514, 585943
496581028, 497274057, 693029
497910171, 498629028, 718857
499409028, 499984571, 575543
500770742, 501469714, 698972
502242971, 502823542, 580571
503616914, 503966514, 349600
504961714, 505675542, 713828
506460685, 507020914, 560229
507807428, 508517142, 709714
509289142, 509887428, 598286
510683428, 511390057, 706629
512164799, 512753142, 588343
513537942, 514239199, 701257
514875656, 515610285, 734629
516382285, 516952228, 569943
517739085, 518452914, 713829
519235657, 519824799, 589142
520611999, 521312571, 700572
521944456, 522675428, 730972
523461485, 524163999, 702514
524809256, 525513828, 704572
526279885, 526866971, 587086
527655657, 528353142, 697485
528983771, 529721485, 737714
530506971, 531250514, 743543
531892914, 532622628, 729714
533397828, 533979999, 582171
534768685, 535477828, 709143
536252114, 536839542, 587428
537633828, 538336457, 702629
538968914, 539691999, 723085
540482057, 541188457, 706400
541823428, 542533599, 710171
543296685, 543876342, 579657
544666514, 545392228, 725714
546175428, 546767314, 591886
547545028, 548248571, 703543
548883999, 549613599, 729600
550386057, 550966856, 580799
551757485, 552468799, 711314
553245828, 553829942, 584114
554622171, 555312685, 690514
555946285, 556673371, 727086
557457485, 558013485, 556000
558805371, 559516228, 710857
560290514, 560875656, 585142
561674057, 562387542, 713485
563169828, 563750399, 580571
564534628, 565255314, 720686
565902742, 566623085, 720343
567399428, 567981828, 582400
568770056, 569484799, 714743
570264114, 570857599, 593485
571649828, 572349942, 700114
572979885, 573696342, 716457
574478171, 575193257, 715086
575838971, 576544114, 705143
577315657, 577893256, 577599
578688114, 579394399, 706285
580182971, 580769028, 586057
581555199, 582274971, 719772
582916799, 583628685, 711886
584407542, 584988799, 581257
585779428, 586490857, 711429
587266285, 587842285, 576000
588626171, 588972799, 346628
589967656, 590693828, 726172
591481714, 592184571, 702857
592817828, 593536342, 718514
594306857, 594894742, 587885
595688228, 596402628, 714400
597192571, 597778285, 585714
598562971, 599272914, 709943
599914628, 600636456, 721828
601406285, 601975999, 569714
602768914, 603263428, 494514
603889028, 606957028, 3068000
607768456, 608260571, 492115
608882171, 612180228, 3298057
612847542, 613566057, 718515
614338399, 614926514, 588115
615728342, 616448457, 720115
617233942, 617817256, 583314
618608799, 619320799, 712000
619962285, 620681028, 718743
621461599, 622167428, 705829
622806856, 623524228, 717372
624288685, 624887656, 598971
625682742, 626419199, 736457
627201028, 627790514, 589486
628578514, 629303314, 724800
629939656, 630653256, 713600
631423771, 631990742, 566971
632779999, 633488685, 708686
634261028, 634847314, 586286
635641942, 636347085, 705143
636978628, 637708228, 729600
638504114, 639209028, 704914
639846285, 640581371, 735086
641356914, 641939542, 582628
642734399, 643438857, 704458
644210628, 644793485, 582857
645576571, 646268914, 692343
646901599, 647626399, 724800
648400342, 648969828, 569486
649755999, 650477599, 721600
651255314, 651838171, 582857
652630399, 653327999, 697600
653960571, 654683085, 722514
655460799, 656161485, 700686
656808342, 657525371, 717029
658287999, 658867542, 579543
659656571, 660365485, 708914
660997942, 661731199, 733257
662520457, 663262057, 741600
663906056, 664630399, 724343
665398057, 665981371, 583314
666767999, 667483999, 716000
668260114, 668859542, 599428
669653028, 670375657, 722629
671014514, 671744685, 730171
672541828, 673266628, 724800
673906971, 674637714, 730743
675411085, 675993028, 581943
676791428, 677508685, 717257
678279885, 678879656, 599771
679687428, 680404114, 716686
681186742, 681774856, 588114
683282285, 683935771, 653486
684738628, 685441142, 702514
686212571, 686795199, 582628
687594399, 688288685, 694286
688920914, 689637599, 716685
690413028, 690981828, 568800
691770742, 692484685, 713943
693257828, 693851314, 593486
694650171, 695349714, 699543
695982856, 696711885, 729029
697497028, 698209942, 712914
698843085, 699561485, 718400
700336228, 700908342, 572114
701701828, 702422971, 721143
703198742, 703790514, 591772
704575657, 705286857, 711200
705922628, 706650171, 727543
707426057, 708000114, 574057
708789828, 709505828, 716000
710277142, 710659085, 381943
711671428, 712376799, 705371
713163542, 713751542, 588000
714553028, 715264799, 711771
715899314, 716618056, 718742
717398399, 717979314, 580915
718768799, 719477142, 708343
720249942, 720835542, 585600
721621257, 722320571, 699314
722954399, 723691428, 737029
724479999, 725185942, 705943
725820342, 726534514, 714172
727306171, 727895314, 589143
728688685, 729384914, 696229
730160114, 730746856, 586742
731531657, 732229599, 697942
732867085, 733588114, 721029
734362285, 734943314, 581029
735730856, 736430285, 699429
737202628, 737787885, 585257
738572571, 739288457, 715886
739925256, 740645028, 719772
741415999, 741989599, 573600
742775656, 743486628, 710972
744262399, 744848914, 586515
745637371, 746347885, 710514
746983542, 747698856, 715314
748490057, 749202171, 712114
749838514, 750554514, 716000
751332685, 751907085, 574400
752734971, 753442514, 707543
754211771, 754789599, 577828
755574285, 756464342, 890057
757285142, 757873828, 588686
758659085, 759007085, 348000
760153485, 760734514, 581029
761534742, 762237599, 702857
762880799, 763607314, 726515
764390628, 764968914, 578286
765756114, 766469028, 712914
767243314, 767829485, 586171
768615314, 769320571, 705257
769954742, 770684342, 729600
771468685, 772179542, 710857
772812571, 773508457, 695886
774279542, 774864799, 585257
775657028, 776359771, 702743
776993142, 777714514, 721372
778512457, 779244571, 732114
779886628, 780604799, 718171
781384114, 781971314, 587200
782761371, 783470857, 709486
784244342, 784831085, 586743
785621942, 786327199, 705257
786960799, 787687428, 726629
788468228, 789030056, 561828
789819885, 790312914, 493029
791298628, 791878285, 579657
792672342, 793394171, 721829
794033371, 794763771, 730400
795547999, 796247314, 699315
796879999, 797609714, 729715
798383314, 798975999, 592685
799762856, 800470285, 707429
801247199, 801833714, 586515
802622056, 803328571, 706515
803962171, 804476342, 514171
805471542, 806186171, 714629
806818742, 807525828, 707086
808296342, 808876799, 580457
809679314, 810400228, 720914
811181257, 811765485, 584228
812560685, 813276457, 715772
813915085, 814638171, 723086
815413714, 815978856, 565142
816767199, 817476228, 709029
818250742, 818633028, 382286
819643999, 820329942, 685943
820966056, 821687885, 721829
822479199, 823186399, 707200
823827885, 824542057, 714172
825322057, 825898628, 576571
826691199, 827392914, 701715
828161028, 828736799, 575771
829527542, 830229371, 701829
830868914, 831594857, 725943
832368685, 832950856, 582171
833738856, 834452228, 713372
835229485, 835824914, 595429
836613942, 837320114, 706172
837951314, 838674514, 723200
839464228, 840023085, 558857
840809599, 841522285, 712686
842301942, 842883656, 581714
843674857, 844381828, 706971
845155085, 845731199, 576114
846516457, 846870056, 353599
847867428, 848593256, 725828
849374399, 849953942, 579543
850745371, 851455885, 710514
852230742, 852825028, 594286
853616685, 854322628, 705943
854960571, 855679657, 719086
856464571, 857169485, 704914
857813942, 858523771, 709829
859303999, 859890056, 586057
860691999, 861391314, 699315
862164799, 862755199, 590400
863557828, 864264571, 706743
864904914, 865628685, 723771
866409828, 866985485, 575657
867772456, 868488457, 716001
869263885, 869855199, 591314
870643771, 871366514, 722743
872005599, 872743771, 738172
873525485, 874226285, 700800
874868114, 875604342, 736228
876382057, 876968914, 586857
877759999, 878474514, 714515
879252342, 879850056, 597714
880645485, 881351085, 705600
881984114, 882712571, 728457
884002399, 884815199, 812800
885622742, 886335999, 713257
886973714, 887714056, 740342
888496685, 889204571, 707886
889846056, 890863085, 1017029
891660914, 892384228, 723314
893022171, 893763656, 741485
894547999, 895259657, 711658
895897142, 896617599, 720457
897388342, 897966856, 578514
898753371, 899464914, 711543
900239314, 900826742, 587428
901619999, 902329142, 709143
902962628, 903476685, 514057
904474285, 905187428, 713143
905829714, 906524685, 694971
907300571, 907877714, 577143
908677256, 909369942, 692686
910144685, 910727656, 582971
911516685, 912217828, 701143
912856914, 913586971, 730057
914362057, 914939314, 577257
915725714, 916428228, 702514
917205142, 917587314, 382172
918603199, 919307314, 704115
919942742, 920943656, 1000914
921753599, 922467657, 714058
923242399, 923838056, 595657
924629942, 924975885, 345943
925738971, 935468914, 9729943
936292000, 936890629, 598629
937698743, 938412000, 713257
939187429, 939776914, 589485
940568800, 941269143, 700343
941904000, 942629143, 725143
943410400, 943978286, 567886
944764572, 945481372, 716800
946257143, 946845257, 588114
947638629, 948340115, 701486
948978057, 949692114, 714057
950479886, 951217486, 737600
951861029, 952577257, 716228
953350972, 953925143, 574171
954711657, 955412457, 700800
956185029, 956770972, 585943
957560572, 958269143, 708571
958908571, 959628572, 720001
960407086, 960980229, 573143
961767086, 962480115, 713029
963252457, 963836000, 583543
964630514, 965317829, 687315
965952914, 966676914, 724000
967450172, 968173143, 722971
968815771, 969507886, 692115
970282857, 970875771, 592914
971666400, 972361257, 694857
972992686, 973707886, 715200
974492229, 975228686, 736457
975871086, 976592343, 721257
977369600, 977744686, 375086
978739086, 979452229, 713143
980228686, 980825371, 596685
981620686, 982317372, 696686
982951314, 983670514, 719200
984447772, 985011886, 564114
985800000, 986511543, 711543
987285029, 987867886, 582857
988656800, 989359086, 702286
989990400, 990708457, 718057
991492343, 992226858, 734515
992870514, 993595086, 724572
994372915, 994966743, 593828
995758629, 996477486, 718857
997255086, 997842743, 587657
998639314, 999341943, 702629
999973029, 693029, -999280000
1487657, 2198058, 710401
2830171, 3552686, 722515
4323543, 4897371, 573828
5682514, 6388686, 706172
7170400, 7753829, 583429
8532914, 9225600, 692686
9864114, 10590514, 726400
11363772, 11944686, 580914
12734057, 13433943, 699886
14200458, 14797486, 597028
15588572, 16275200, 686628
16912457, 17627886, 715429
18404457, 18979543, 575086
19767771, 20476457, 708686
21248572, 21826171, 577599
22616457, 23313943, 697486
23947429, 24671314, 723885
25441372, 26019657, 578285
26805600, 27499657, 694057
28267200, 28860114, 592914
29659086, 30382857, 723771
31020343, 31749486, 729143
32536114, 33244229, 708115
33875771, 34592572, 716801
35368800, 35948343, 579543
36731200, 37444457, 713257
38223658, 38803657, 579999
39583543, 40277715, 694172
40910514, 41644343, 733829
42417257, 42986514, 569257
43772457, 44484800, 712343
45261486, 45844457, 582971
46642743, 47353257, 710514
48665714, 49490057, 824343
50522857, 51235543, 712686
51863200, 52565143, 701943
53321486, 53885486, 564000
54669829, 55360457, 690628
55979543, 56685257, 705714
57444343, 57995543, 551200
58763772, 59457372, 693600
60220115, 60792914, 572799
61568114, 62252343, 684229
62874286, 63595429, 721143
64356915, 64916914, 559999
65688457, 66374515, 686058
66995886, 67703772, 707886
68469829, 69020114, 550285
69789486, 70482286, 692800
71236915, 71815200, 578285
72605257, 73323086, 717829
73952571, 74658057, 705486
75420686, 75977943, 557257
76747772, 77431772, 684000
78192800, 78765372, 572572
79533257, 80235315, 702058
80857257, 81576686, 719429
82336115, 82905143, 569028
83687200, 84374172, 686972
84989829, 85708000, 718171
86479429, 86825600, 346171
87795429, 88487886, 692457
89246858, 89819543, 572685
90598514, 91284000, 685486
91902286, 92616686, 714400
93376229, 93942057, 565828
94715200, 95434857, 719657
96198629, 96769600, 570971
97542286, 98237372, 695086
98853143, 99562972, 709829
100320915, 100901486, 580571
102417257, 103218400, 801143
103846629, 104544000, 697371
105295886, 105864343, 568457
106645029, 107324343, 679314
107945600, 108662972, 717372
109416915, 109983314, 566399
110762057, 111456229, 694172
112218858, 112791086, 572228
113565943, 114273143, 707200
114902743, 115610400, 707657
116372000, 116938057, 566057
117713714, 118403086, 689372
119160115, 119724800, 564685
120495429, 121204572, 709143
121827886, 122521143, 693257
123271086, 123842629, 571543
124628686, 125311200, 682514
125930857, 126631543, 700686
127398629, 127954857, 556228
128726057, 129416343, 690286
130177486, 130747772, 570286
131519772, 132209258, 689486
132832229, 133537029, 704800
134285029, 134850171, 565142
135620343, 136296343, 676000
136920571, 137638857, 718286
138400229, 138968457, 568228
139740457, 140436229, 695772
141202858, 141775771, 572913
142550629, 143226515, 675886
143850171, 144550972, 700801
145308229, 145866743, 558514
146639886, 147324686, 684800
147943086, 148651886, 708800
149406857, 149961600, 554743
150730629, 151416457, 685828
152180343, 152747086, 566743
153515086, 154214058, 698972
154834971, 155541143, 706172
156288915, 156856229, 567314
157626172, 158346286, 720114
158972686, 159680114, 707428
160435429, 160984343, 548914
161756343, 162451086, 694743
163214629, 163789714, 575085
164563543, 165245486, 681943
165866057, 166573486, 707429
167334857, 167898286, 563429
168677372, 169370515, 693143
169988457, 170698514, 710057
171468457, 172171200, 702743
172805486, 173483543, 678057
174244800, 174825600, 580800
175605372, 176309257, 703885
176939771, 177639543, 699772
178399429, 178959771, 560342
179732000, 180417715, 685715
181173715, 181752000, 578285
182518972, 183233600, 714628
183861029, 184568000, 706971
185328686, 185893829, 565143
186681714, 187372343, 690629
187984686, 188699086, 714400
189474629, 190017143, 542514
190788914, 191482743, 693829
192240229, 192809714, 569485
193586286, 194282057, 695771
194908229, 195618857, 710628
196381943, 196742172, 360229
197734514, 198436115, 701601
199200572, 199780571, 579999
200553372, 201243200, 689828
201866971, 202586743, 719772
203342629, 203911200, 568571
204689714, 205363086, 673372
205979086, 206683429, 704343
207450972, 207994628, 543656
208765600, 209455315, 689715
210218058, 210787429, 569371
211564686, 212243886, 679200
212868114, 213576686, 708572
214331315, 214890400, 559085
215668000, 216349029, 681029
216964800, 217672229, 707429
218442515, 218984000, 541485
219757371, 220448457, 691086
221207543, 221571200, 363657
222559429, 223247543, 688114
223867314, 224562972, 695658
225320800, 225891886, 571086
226675657, 227360686, 685029
227980114, 228689257, 709143
229451429, 229998286, 546857
230767429, 231459315, 691886
232221829, 232788571, 566742
233569143, 234255772, 686629
234877829, 235584114, 706285
236344686, 236914171, 569485
237698057, 238401143, 703086
239158286, 239728114, 569828
240502857, 241204458, 701601
241823200, 242298172, 474972
243281029, 243852686, 571657
244626172, 245311200, 685028
245940114, 246646514, 706400
247409600, 247972229, 562629
248743200, 249428800, 685600
250187086, 250756800, 569714
251524572, 252214743, 690171
252839771, 253534857, 695086
254278515, 254860686, 582171
255644686, 256329486, 684800
256946400, 257653829, 707429
258426172, 258968800, 542628
259742514, 260213829, 471315
260825943, 262398286, 1572343
263201943, 263771543, 569600
264534972, 265226515, 691543
265843771, 266561372, 717601
267320800, 267886400, 565600
268665143, 269350515, 685372
269968229, 270676686, 708457
271445029, 271989029, 544000
272766057, 273454629, 688572
274211772, 274772000, 560228
275539200, 276230286, 691086
276857371, 277567886, 710515
278324915, 278891886, 566971
279677829, 280365829, 688000
280986171, 281697943, 711772
282468229, 283164915, 696686
283794171, 284489829, 695658
285249486, 285824571, 575085
286605029, 287295543, 690514
287912343, 288628572, 716229
289386286, 289952571, 566285
290729372, 291420343, 690971
292173943, 292744114, 570171
293521486, 294214629, 693143
294838971, 295550972, 712001
296311657, 296882971, 571314
298380457, 298795314, 414857
299800686, 300496457, 695771
301256572, 301836457, 579885
302624457, 303306057, 681600
303930057, 304630857, 700800
305391315, 305953143, 561828
306723657, 307425372, 701715
308187543, 308753943, 566400
309521600, 309858400, 336800
310846857, 311561143, 714286
312317829, 312893486, 575657
313681372, 314379657, 698285
315143772, 315722857, 579085
316498057, 317197372, 699315
317833371, 318922171, 1088800
319766171, 320475086, 708915
321236229, 321805714, 569485
322581257, 323280229, 698972
323908571, 324619314, 710743
325378743, 325944571, 565828
326715314, 327186743, 471429
328174172, 328740457, 566285
329518286, 330208686, 690400
330836114, 331534400, 698286
332284115, 332851429, 567314
333624914, 334327772, 702858
334946514, 335649714, 703200
336407657, 336958286, 550629
337730400, 338423086, 692686
339189600, 339761371, 571771
340531314, 341219086, 687772
341841600, 342541372, 699772
343291315, 343858514, 567199
344643086, 345333486, 690400
345957029, 346457372, 500343
347431086, 347984343, 553257
348758629, 349449600, 690971
350218286, 350794171, 575885
351571886, 352259200, 687314
352879086, 353594286, 715200
354358972, 354917371, 558399
355688800, 356400686, 711886
357177258, 357749143, 571885
358519086, 359211543, 692457
359835429, 360531086, 695657
361277486, 361847429, 569943
362625943, 363302400, 676457
363920000, 364616572, 696572
365374400, 365938857, 564457
366718057, 367412572, 694515
368179315, 368746743, 567428
369512343, 370211543, 699200
370829600, 371534400, 704800
372283543, 372852229, 568686
373624800, 374297372, 672572
374915771, 375625714, 709943
376381943, 376937143, 555200
377710514, 378406972, 696458
379165829, 379734743, 568914
380509029, 381216343, 707314
381837600, 382318972, 481372
383281943, 383847314, 565371
384619657, 384950743, 331086
385941714, 386445029, 503315
387191200, 391452799, 4261599
392250742, 392618971, 368229
393359086, 394194629, 835543
394817943, 395493943, 676000
396249029, 396825943, 576914
397599086, 398296686, 697600
398920571, 399627429, 706858
400386972, 400950743, 563771
401730514, 402424457, 693943
403192000, 403773143, 581143
404550743, 405238743, 688000
405857029, 406559657, 702628
407318743, 407886743, 568000
408666972, 409369372, 702400
409994628, 410711200, 716572
411478743, 412188915, 710172
412809829, 413500457, 690628
414258286, 414836571, 578285
415615200, 416317600, 702400
416943200, 417650629, 707429
418408572, 418969257, 560685
419749371, 420441372, 692001
421206515, 421780914, 574399
422554400, 423247429, 693029
423863314, 424570172, 706858
425327657, 425895086, 567429
426678057, 427382057, 704000
428004914, 428717600, 712686
429487543, 430182058, 694515
430804686, 431505143, 700457
432257600, 432819886, 562286
433593600, 434267315, 673715
434888114, 435589029, 700915
436345143, 436908571, 563428
437695772, 438388915, 693143
439004000, 439709143, 705143
440480572, 441177486, 696914
441810400, 442502743, 692343
443263772, 443839657, 575885
444617714, 445301143, 683429
445920457, 446626286, 705829
447382972, 447957143, 574171
448736914, 449415086, 678172
450177600, 450746743, 569143
451513143, 452198515, 685372
452816457, 453521714, 705257
454277257, 454845143, 567886
455614743, 456296686, 681943
456916000, 457637714, 721714
458392686, 458952114, 559428
459725372, 460403200, 677828
461175429, 461746400, 570971
462524457, 463206400, 681943
463830514, 464533029, 702515
465290743, 465864229, 573486
466638972, 467322286, 683314
467940457, 468649486, 709029
469402515, 469956457, 553942
470726857, 471411315, 684458
472168229, 472735657, 567428
473511200, 474204572, 693372
474823429, 475520114, 696685
476274515, 476640229, 365714
477620000, 478317715, 697715
478941943, 479653600, 711657
480417257, 480972114, 554857
481743543, 482441029, 697486
483207315, 483780000, 572685
484549829, 485253029, 703200
485881943, 486590629, 708686
487347772, 487910629, 562857
488682857, 489370172, 687315
489988686, 490722514, 733828
491506629, 492207315, 700686
492830057, 493539772, 709715
494292915, 494863086, 570171
495648457, 496351657, 703200
497658286, 498465715, 807429
499235200, 499814400, 579200
500594857, 501297600, 702743
501923200, 502637257, 714057
503395543, 503951429, 555886
504724000, 505412572, 688572
506180229, 506749714, 569485
507528000, 508214058, 686058
508839657, 509551772, 712115
510307086, 510672114, 365028
511672800, 512363429, 690629
512982286, 513690172, 707886
514453829, 515154972, 701143
515789257, 516485486, 696229
517244229, 517811657, 567428
518584229, 519270057, 685828
519892800, 520598514, 705714
521358172, 521933029, 574857
522710857, 523405257, 694400
524163429, 524733257, 569828
525507543, 526199315, 691772
526816800, 527511086, 694286
528263429, 528832686, 569257
529604000, 530292572, 688572
530913486, 531623429, 709943
532386057, 532952000, 565943
533723543, 534408343, 684800
535180343, 535742400, 562057
536517486, 537214743, 697257
537840686, 538551543, 710857
539306515, 539871886, 565371
540649029, 541319772, 670743
541935086, 542644457, 709371
543399315, 543962286, 562971
544738857, 545423429, 684572
546334857, 546937600, 602743
547712229, 548419315, 707086
549183200, 549752114, 568914
550518400, 551207543, 689143
551829257, 552542743, 713486
553302857, 553868000, 565143
554641029, 555316572, 675543
555935200, 556649714, 714514
557408457, 557963543, 555086
558736800, 559416915, 680115
560190858, 560761486, 570628
561524572, 562211315, 686743
562828000, 563533143, 705143
564290515, 564860914, 570399
565634057, 566302286, 668229
566918629, 567618629, 700000
568381029, 568943429, 562400
569716343, 570405829, 689486
571164686, 571731314, 566628
572504572, 573198858, 694286
573817257, 574519429, 702172
575274400, 575845257, 570857
576617029, 577293143, 676114
577911314, 578614972, 703658
579372000, 579944571, 572571
580724457, 581416343, 691886
582175543, 582754057, 578514
583516800, 584208115, 691315
584824114, 585521600, 697486
586272457, 586842514, 570057
587617143, 588303429, 686286
588922857, 589631086, 708229
590390972, 590950971, 559999
591723314, 592405715, 682401
593162858, 593741943, 579085
594505486, 595201372, 695886
595817943, 596509715, 691772
597262629, 597835543, 572914
598608000, 599277029, 669029
599895771, 600400457, 504686
600999200, 602976686, 1977486
603791657, 604490172, 698515
605248800, 605824686, 575886
606599657, 606929600, 329943
607916914, 608643086, 726172
609400343, 609964914, 564571
610743772, 611434515, 690743
612202400, 612771886, 569486
613543886, 614233715, 689829
614861143, 615563086, 701943
616325486, 616886857, 561371
617664000, 618353257, 689257
618972914, 619684000, 711086
620450057, 620998629, 548572
621772457, 622468000, 695543
623234972, 623803429, 568457
624585714, 624916571, 330857
625914400, 626416229, 501829
627393143, 627970629, 577486
628756000, 629452572, 696572
630220915, 630794514, 573599
631563886, 632250858, 686972
632873257, 633579886, 706629
634334515, 634912229, 577714
635694514, 636381029, 686515
636996229, 637710172, 713943
638484800, 638826514, 341714
639793257, 640484686, 691429
641242972, 641613943, 370971
642608800, 643324457, 715657
643953371, 644662514, 709143
645418286, 645973486, 555200
646742286, 647439200, 696914
648200115, 648777372, 577257
649547086, 650243658, 696572
650862286, 651573943, 711657
652334629, 652902743, 568114
653686286, 654377943, 691657
655150743, 655718057, 567314
656492572, 657184458, 691886
657811543, 658506057, 694514
659265372, 659631772, 366400
660623314, 661324572, 701258
661950171, 662649143, 698972
663406972, 663957371, 550399
664726972, 665434629, 707657
666200115, 666566972, 366857
667515429, 668235086, 719657
668860114, 669566629, 706515
670324915, 670891886, 566971
671677486, 672357715, 680229
672974514, 673492572, 518058
674228686, 678652113, 4423427
679469942, 680185258, 715316
680809829, 681504000, 694171
682266057, 682840914, 574857
683614514, 684300115, 685601
684918400, 685625486, 707086
686381143, 686947200, 566057
687724000, 688406629, 682629
689167315, 689742172, 574857
690518400, 690857371, 338971
691828914, 692527772, 698858
693289143, 693859771, 570628
694649829, 695337372, 687543
695957143, 696660914, 703771
697424572, 697980800, 556228
699485257, 700292457, 807200
700928571, 701635657, 707086
702393829, 702955771, 561942
703728343, 704425943, 697600
705186286, 705754286, 568000
706525486, 707210286, 684800
707832343, 708324915, 492572
709307657, 709871771, 564114
710651772, 711329715, 677943
711946971, 712651657, 704686
713414629, 713981029, 566400
714763657, 715452686, 689029
716216343, 716792343, 576000
717565600, 718248686, 683086
718872800, 719579886, 707086
720335429, 720901829, 566400
721681943, 722366057, 684114
722984000, 723485829, 501829
724215315, 726835199, 2619884
727634742, 728320457, 685715
728938171, 729649599, 711428
730409142, 730961828, 552686
731733714, 732417028, 683314
733177371, 733744571, 567200
734516342, 735204114, 687772
735829828, 736531999, 702171
737279428, 737851885, 572457
738635428, 739306857, 671429
739925828, 740628228, 702400
741390514, 741947428, 556914
742718742, 743404342, 685600
744164342, 744731085, 566743
745501942, 746197371, 695429
746814856, 747509028, 694172
748262171, 748833256, 571085
749614285, 750295657, 681372
750915656, 751630856, 715200
752389485, 752943885, 554400
753716685, 754403542, 686857
755176342, 755739542, 563200
756531428, 757216342, 684914
757840228, 758566399, 726171
759328457, 759886514, 558057
760662742, 761347885, 685143
761965714, 762669828, 704114
763428342, 763975885, 547543
764748914, 765432685, 683771
766198399, 766766056, 567657
767537142, 768214971, 677829
768841371, 769538399, 697028
770287999, 770853142, 565143
771625942, 772322742, 696800
772947542, 773651199, 703657
774410857, 774969599, 558742
775739199, 776419771, 680572
777176914, 777748456, 571542
778525714, 779208914, 683200
779832342, 780531199, 698857
781282971, 781850056, 567085
782631542, 783307657, 676115
783926971, 784629942, 702971
785392799, 785948914, 556115
786720799, 787405257, 684458
788164457, 788735999, 571542
789504799, 790200914, 696115
790818971, 791519771, 700800
792273142, 792839542, 566400
793624456, 794300342, 675886
794919314, 795625371, 706057
796384114, 796944685, 560571
797717828, 798404457, 686629
799170285, 799739428, 569143
800505371, 801198171, 692800
801815656, 802498857, 683201
803257714, 803843542, 585828
804623771, 805299199, 675428
805916914, 806631657, 714743
807394971, 807952685, 557714
808725142, 809411428, 686286
810170628, 810747885, 577257
811514399, 812205257, 690858
812823199, 813525828, 702629
814271999, 814840342, 568343
815612571, 816298857, 686286
816918285, 817423428, 505143
818416228, 818964685, 548457
819739885, 820428571, 688686
821193257, 821762514, 569257
822537485, 823217714, 680229
823839656, 824551199, 711543
825310285, 825870514, 560229
826645485, 827331657, 686172
827950742, 828685828, 735086
829452914, 830145142, 692228
830773142, 831467428, 694286
832226857, 832794399, 567542
833569142, 834266285, 697143
834889828, 835589142, 699314
836347199, 836911542, 564343
837694171, 838387542, 693371
839150514, 839731542, 581028
840498285, 841192914, 694629
841813485, 842511085, 697600
843263085, 843835199, 572114
844610628, 845285028, 674400
845902971, 846621599, 718628
847384685, 847951542, 566857
848723085, 849418971, 695886
850176571, 850741828, 565257
851518628, 851861485, 342857
852859085, 853562285, 703200
854325599, 854899085, 573486
855683314, 856380571, 697257
856998742, 857706056, 707314
858477485, 859174171, 696686
859806399, 860487428, 681029
861243199, 861819885, 576686
862591199, 863285942, 694743
863906742, 864633257, 726515
865390514, 865943999, 553485
866725828, 867415314, 689486
868173714, 868734285, 560571
869509599, 870206971, 697372
870826171, 871506742, 680571
872262628, 872836342, 573714
873610856, 873941256, 330400
874944456, 875646856, 702400
876407428, 876960228, 552800
877742399, 878432228, 689829
879197828, 879775199, 577371
880549828, 881238285, 688457
881863199, 882573599, 710400
883333714, 883895428, 561714
884675314, 885391657, 716343
886011999, 886737028, 725029
887514628, 888214171, 699543
888842399, 889556114, 713715
890321257, 890881714, 560457
891664685, 892486857, 822172
893295428, 893869142, 573714
894651771, 895338285, 686514
896651657, 897462628, 810971
898235085, 898802628, 567543
899579542, 900270971, 691429
900892799, 901595999, 703200
902353257, 902931199, 577942
903711199, 904399542, 688343
905159085, 905741714, 582629
906508457, 907198742, 690285
907817599, 908520228, 702629
909269142, 909834856, 565714
910617599, 911299085, 681486
911917371, 912615885, 698514
913377257, 913939885, 562628
914718856, 915401942, 683086
916154171, 916741142, 586971
917522399, 918208342, 685943
918831656, 919550399, 718743
920305942, 920880685, 574743
921660228, 922612571, 952343
923414399, 923974285, 559886
924746628, 925429257, 682629
926194285, 926767085, 572800
927537142, 928219657, 682515
928844571, 929538285, 693714
930287542, 930856456, 568914
931629599, 932304799, 675200
932923999, 933636456, 712457
934394628, 934962514, 567886
935739428, 936429257, 689829
937197028, 937767542, 570514
938537828, 939220571, 682743
939842971, 940540342, 697371
941297714, 941663314, 365600
942404114, 951441143, 9037029
952242972, 952813829, 570857
953596572, 954279315, 682743
954901829, 955610400, 708571
956373600, 956935886, 562286
957720229, 958410629, 690400
959176343, 959755429, 579086
960530743, 961237486, 706743
961867543, 962569143, 701600
963332915, 963906971, 574056
964689143, 965388457, 699314
966004686, 966712457, 707771
967485600, 968175543, 689943
968805714, 969498172, 692458
970251772, 970826629, 574857
971611314, 972281943, 670629
972903200, 973617257, 714057
974385029, 974953143, 568114
975736000, 976428229, 692229
977192343, 977770171, 577828
978537600, 979253715, 716115
979882514, 980590514, 708000
981353029, 981926857, 573828
982702629, 983394400, 691771
984157943, 984725257, 567314
985505829, 986204000, 698171
986835200, 987533029, 697829
988283200, 988646629, 363429
989623086, 990307657, 684571
990929143, 991633257, 704114
992394286, 992961257, 566971
993734514, 994422172, 687658
995181943, 995748914, 566971
996529029, 997221486, 692457
997849257, 998557029, 707772
999314172, 999882400, 568228
673829, 1366743, 692914
1980571, 2692800, 712229
3458286, 4152229, 693943
4783543, 5476572, 693029
6232229, 6798743, 566514
7576229, 8269829, 693600
8890743, 9596343, 705600
10354286, 10920686, 566400
11692686, 12402515, 709829
13163772, 13741257, 577485
14506857, 15208343, 701486
15828343, 16537714, 709371
17291657, 17863543, 571886
18650857, 19345715, 694858
19963200, 20672229, 709029
21438743, 21993600, 554857
22772000, 23460115, 688115
24214058, 24792343, 578285
25571086, 26277600, 706514
26905371, 27624000, 718629
28382857, 28943771, 560914
29726172, 30415086, 688914
31171658, 31744457, 572799
32514743, 33202286, 687543
33820686, 34497943, 677257
35249829, 35835429, 585600
36614514, 37286857, 672343
37907314, 38629486, 722172
39389715, 39947200, 557485
40719657, 41417372, 697715
42180800, 42752914, 572114
43529486, 44243772, 714286
44873486, 45570857, 697371
46330972, 46896229, 565257
47672572, 48996457, 1323885
49806286, 50492686, 686400
51258057, 51821486, 563429
52594400, 53278286, 683886
53898857, 54612114, 713257
55372686, 55933714, 561028
56709029, 57389486, 680457
58146400, 58709486, 563086
59476572, 60183658, 707086
60802971, 61511086, 708115
62260915, 62840686, 579771
63617257, 64298286, 681029
64917600, 65629486, 711886
66394286, 66951657, 557371
67727543, 68421143, 693600
69186858, 69762514, 575656
70535086, 71230286, 695200
71852457, 72559772, 707315
73317486, 73881257, 563771
74659772, 75345829, 686057
75961029, 76665600, 704571
77420800, 77968229, 547429
78742286, 79428915, 686629
80183429, 80754400, 570971
81529372, 82210400, 681028
82833371, 83538400, 705029
84288800, 84853829, 565029
85628343, 86318172, 689829
86939314, 87645143, 705829
88405600, 88975200, 569600
89754743, 90442400, 687657
91207886, 91779086, 571200
92557257, 93242286, 685029
93864000, 94566743, 702743
95325372, 95897371, 571999
96679314, 97377486, 698172
97995086, 98715314, 720228
99495429, 100201715, 706286
100828457, 101511657, 683200
102268915, 102845029, 576114
103619314, 104293143, 673829
104911771, 105639429, 727658
106401600, 106969486, 567886
107751657, 108453029, 701372
109724114, 110532800, 808686
111309372, 111873943, 564571
112660343, 113345257, 684914
113963543, 114685486, 721943
115444000, 115998057, 554057
116767429, 117465715, 698286
118228343, 118801257, 572914
119574972, 120271315, 696343
120896114, 121619086, 722972
122380229, 122939771, 559542
123711772, 124389143, 677371
125002629, 125721829, 719200
126491315, 127177829, 686514
127800000, 128508686, 708686
129265257, 129842743, 577486
130623886, 131301715, 677829
131923086, 132630400, 707314
133388915, 133958743, 569828
134733486, 135416572, 683086
136188800, 136765257, 576457
137539657, 138245258, 705601
138874743, 139579657, 704914
140339200, 140911200, 572000
141691543, 142383200, 691657
143001829, 143722286, 720457
144487886, 145169143, 681257
145802857, 146273600, 470743
147261372, 147827543, 566171
148607314, 149286400, 679086
149907657, 150612572, 704915
151370515, 151929143, 558628
152704914, 153386172, 681258
154143200, 154722629, 579429
155492915, 156184915, 692000
156808229, 157522057, 713828
158278400, 158854743, 576343
159630400, 160316572, 686172
160935657, 161639429, 703772
162403657, 162965029, 561372
163738057, 164426972, 688915
165191200, 165772114, 580914
166550743, 167227543, 676800
167850743, 168549600, 698857
169306400, 169865257, 558857
170640457, 171353486, 713029
171980229, 172683772, 703543
173454172, 174008000, 553828
174777257, 175469829, 692572
176224458, 176795086, 570628
177568114, 178260000, 691886
178881714, 179594972, 713258
180353372, 180929829, 576457
181702172, 182387315, 685143
183150972, 183715657, 564685
184483543, 185186172, 702629
185807086, 186500000, 692914
187253029, 187831771, 578742
188606057, 189299315, 693258
189920000, 190632000, 712000
191390057, 191945600, 555543
192716572, 193400457, 683885
194158858, 194719314, 560456
195498286, 196192686, 694400
196814971, 197510057, 695086
198257029, 198825143, 568114
199596914, 200287429, 690515
200908686, 201634400, 725714
202394286, 202954514, 560228
203731886, 204420800, 688914
205178515, 205738286, 559771
206513715, 207204686, 690971
207830171, 208528800, 698629
209280115, 209859429, 579314
210642743, 211334629, 691886
211953371, 212668686, 715315
213428229, 213980114, 551885
214750972, 215440343, 689371
216205943, 216785257, 579314
217572229, 218271772, 699543
218893829, 219597600, 703771
220359315, 220924457, 565142
221700914, 222384343, 683429
223143086, 223728229, 585143
224498172, 225194629, 696457
225812686, 226511200, 698514
227266172, 227832914, 566742
228613943, 229293829, 679886
229916686, 230627086, 710400
231388572, 231947657, 559085
232721714, 233415657, 693943
234186515, 234764229, 577714
235529486, 236220343, 690857
236837371, 237541714, 704343
238298857, 238866057, 567200
239653829, 240349257, 695428
240966400, 241668457, 702057
242437486, 243002857, 565371
243777257, 244468115, 690858
245220458, 245802629, 582171
246579886, 247263886, 684000
247888114, 248606057, 717943
249365943, 249928914, 562971
250701600, 251386057, 684457
252151543, 252718057, 566514
253493372, 254192800, 699428
254812571, 255490743, 678172
256248458, 256836229, 587771
257616000, 258290286, 674286
258909257, 259628000, 718743
260389143, 260946743, 557600
261719086, 262403086, 684000
263164115, 263728114, 563999
264512229, 265213029, 700800
265831886, 266538057, 706171
267287315, 267851657, 564342
268624686, 269297486, 672800
269912457, 270620343, 707886
271377029, 271935771, 558742
272709486, 273395543, 686057
274160572, 274725714, 565142
275496343, 276196915, 700572
276815200, 277501143, 685943
278259543, 278826514, 566971
279602172, 280279772, 677600
280900343, 281620000, 719657
282376343, 282928229, 551886
283704229, 284389829, 685600
285156686, 285744000, 587314
286517486, 287216800, 699314
287833486, 288538972, 705486
289298857, 289865600, 566743
290654629, 291337829, 683200
291953829, 292667543, 713714
293423772, 293981029, 557257
294758286, 295464915, 706629
296225029, 296802514, 577485
297588457, 298292572, 704115
298917943, 299633257, 715314
300400457, 300961143, 560686
301734286, 302430286, 696000
303193029, 303761486, 568457
305192915, 305819543, 626628
306601943, 307291200, 689257
307913486, 308621257, 707771
309382286, 309929829, 547543
310710400, 311400800, 690400
312169600, 312741943, 572343
313522743, 314231543, 708800
314861829, 315563657, 701828
316325029, 316885143, 560114
317661714, 318372343, 710629
318990514, 320242743, 1252229
320885600, 321597829, 712229
322357372, 322919086, 561714
323690286, 324373943, 683657
324992914, 325696229, 703315
326473943, 327174286, 700343
327795886, 328488229, 692343
329241715, 329816571, 574856
330587086, 331270057, 682971
331891657, 332611314, 719657
333367772, 333926629, 558857
334703086, 335387086, 684000
336150515, 336716343, 565828
337496114, 338191315, 695201
338811200, 339504914, 693714
340255886, 340831200, 575314
341606743, 342287657, 680914
342909143, 343623200, 714057
344382400, 344954857, 572457
345736686, 346421372, 684686
347177829, 347738172, 560343
348515772, 349200800, 685028
349826971, 350506057, 679086
351260457, 351832229, 571772
352602972, 353304343, 701371
353930400, 354632229, 701829
355392800, 355957029, 564229
356735429, 357424915, 689486
358191886, 358756800, 564914
359538743, 360238400, 699657
360864000, 361561372, 697372
362321600, 362880000, 558400
363658629, 364360572, 701943
364975886, 365692114, 716228
366459429, 367157029, 697600
367783200, 368469486, 686286
369230058, 369807886, 577828
370581372, 371272572, 691200
371895886, 372606972, 711086
373365943, 373932914, 566971
374709600, 375390057, 680457
376003543, 376714743, 711200
377506286, 378201829, 695543
378824114, 379522057, 697943
380284457, 380860343, 575886
381637829, 382328457, 690628
382952914, 383644114, 691200
384407315, 384968114, 560799
385742514, 386425829, 683315
387189029, 387756800, 567771
388529600, 389249029, 719429
389877943, 390589714, 711771
391348343, 391907314, 558971
392682172, 393370629, 688457
393989143, 394487200, 498057
395220458, 399417713, 4197255
400215657, 400801485, 585828
401573715, 402279543, 705828
402904914, 403616914, 712000
404379200, 404945143, 565943
405724686, 406423886, 699200
407195429, 407771314, 575885
408541829, 409234286, 692457
409864229, 410565600, 701371
411329829, 411894743, 564914
412681829, 413382857, 701028
414002971, 414720229, 717258
415495086, 416202515, 707429
416820229, 417514857, 694628
418279543, 418854400, 574857
419634057, 420323086, 689029
420947429, 421639200, 691771
422398857, 422955086, 556229
423735886, 424428457, 692571
425195658, 425771314, 575656
426538857, 427219772, 680915
427844457, 428541029, 696572
429297829, 429873371, 575542
430649943, 431365029, 715086
431991771, 432708572, 716801
433482972, 434169143, 686171
434799657, 435492457, 692800
436246515, 436819200, 572685
437613600, 438294972, 681372
438915657, 439624800, 709143
440382172, 440953143, 570971
441727886, 442418057, 690171
443184229, 443750400, 566171
444533257, 445244800, 711543
445878171, 446578629, 700458
447338172, 447903543, 565371
448679543, 449367543, 688000
449984343, 450707429, 723086
451476686, 452017600, 540914
452786857, 453481029, 694172
454238286, 454822629, 584343
455619657, 456313486, 693829
456933600, 457641829, 708229
458405943, 458955543, 549600
459728229, 460415543, 687314
461178515, 461746743, 568228
462511543, 463212572, 701029
463828914, 464514629, 685715
465274629, 465837029, 562400
466618514, 467303315, 684801
467921143, 468625486, 704343
469385372, 469947314, 561942
470724343, 471414629, 690286
472175886, 472736000, 560114
473516000, 474232458, 716458
474865486, 475567200, 701714
476330629, 476901486, 570857
477686972, 478370172, 683200
478987200, 479709714, 722514
480483200, 481178058, 694858
481809143, 482490629, 681486
483249600, 483814514, 564914
484599657, 485290515, 690858
485915429, 486626286, 710857
487387086, 487748000, 360914
488751543, 489454172, 702629
490222058, 490790514, 568456
491571200, 491911429, 340229
492660914, 495642742, 2981828
496463199, 497166057, 702858
497794628, 498489942, 695314
499251199, 499824571, 573372
500605828, 501286628, 680800
501908456, 502617599, 709143
503379314, 503949028, 569714
504725028, 505424114, 699086
506688342, 507500228, 811886
508272114, 508843885, 571771
509619314, 510297599, 678285
510918628, 511627771, 709143
512385828, 512937028, 551200
513712914, 514402171, 689257
515172914, 515748799, 575885
516521257, 517236457, 715200
517867085, 518583542, 716457
519343314, 519905714, 562400
520686171, 521380228, 694057
521996571, 522702971, 706400
523474171, 524181142, 706971
524809142, 525488799, 679657
526246057, 526818285, 572228
527585028, 528262285, 677257
528886285, 529604457, 718172
530365714, 530939428, 573714
531719885, 532407771, 687886
533179199, 533742285, 563086
534526171, 535225942, 699771
535845256, 536542057, 696801
537301371, 537867771, 566400
538647771, 539321028, 673257
539940456, 540648799, 708343
541405828, 541968114, 562286
542744685, 543427885, 683200
544191542, 544762628, 571086
545530171, 545867085, 336914
546837028, 547326742, 489714
547929942, 551429942, 3500000
552232799, 552804114, 571315
553587085, 553918285, 331200
554671199, 555765142, 1093943
556574971, 557283542, 708571
557908685, 558614742, 706057
559377142, 559944456, 567314
560724571, 561426514, 701943
562198171, 562769256, 571085
563542171, 564238399, 696228
564867542, 565353599, 486057
566354285, 566930971, 576686
567705142, 568388114, 682972
569150399, 569718285, 567886
570504685, 571215885, 711200
571838628, 572541485, 702857
573304799, 573869714, 564915
574648456, 575333942, 685486
575950399, 576664342, 713943
577421599, 577978514, 556915
578749485, 579447771, 698286
580212457, 580793028, 580571
581570971, 582274628, 703657
582902399, 583607314, 704915
584367771, 584928685, 560914
585710285, 586391657, 681372
587151199, 587721828, 570629
588500685, 589207085, 706400
589826399, 590518742, 692343
591280799, 591857256, 576457
592634971, 593311428, 676457
593932228, 594638628, 706400
595399428, 595949942, 550514
596726628, 597425257, 698629
598182857, 598752571, 569714
599528114, 600208685, 680571
600832914, 601534171, 701257
602291885, 602860914, 569029
603643657, 604341599, 697942
604960228, 605660457, 700229
606423199, 606987999, 564800
607766856, 608234742, 467886
609227885, 609816799, 588914
610610171, 611294285, 684114
611918971, 612616685, 697714
613381257, 613951771, 570514
614733599, 615421485, 687886
616179657, 616758514, 578857
617528571, 618221942, 693371
618846514, 619561142, 714628
620320342, 620888114, 567772
621671885, 622361485, 689600
622979314, 623675771, 696457
624436685, 624999542, 562857
625778742, 626468914, 690172
627226742, 627800799, 574057
628571199, 629252914, 681715
629869028, 630574857, 705829
631331085, 631692228, 361143
632426285, 634371771, 1945486
635166857, 635735771, 568914
636532571, 637225028, 692457
637847885, 638545828, 697943
639307657, 639880456, 572799
640667885, 641380685, 712800
642143657, 642714742, 571085
643481714, 644169142, 687428
644793942, 645477942, 684000
646231885, 646806856, 574971
647579199, 648258857, 679658
648879885, 649603885, 724000
650364228, 650724799, 360571
651716228, 652410857, 694629
653163428, 653725714, 562286
654505257, 655195885, 690628
655820914, 656527657, 706743
657279771, 657857828, 578057
658648914, 659367428, 718514
659988114, 660690742, 702628
661466971, 662176342, 709371
662795999, 663488914, 692915
664246285, 664818971, 572686
665586857, 666262399, 675542
666883199, 667610971, 727772
668376114, 668731999, 355885
669715771, 670409942, 694171
671169257, 671736114, 566857
672516114, 673202514, 686400
673829142, 674533599, 704457
675289142, 675858742, 569600
676641371, 677324342, 682971
677941599, 678632114, 690515
679395199, 679963542, 568343
680739999, 681427314, 687315
682186971, 682747656, 560685
683512914, 684203657, 690743
684821942, 685526742, 704800
686282171, 686850056, 567885
687620114, 688303428, 683314
688921485, 689619657, 698172
690379999, 690949599, 569600
691725485, 692420228, 694743
693191314, 693771656, 580342
694539999, 695250857, 710858
695875542, 696604114, 728572
697364799, 697928914, 564115
698707885, 699394399, 686514
700161828, 700726056, 564228
701507428, 702202742, 695314
702820799, 703520114, 699315
704268799, 704841028, 572229
705616685, 706295657, 678972
707604228, 708416799, 812571
709192799, 709760228, 567429
710533599, 711229142, 695543
711857485, 712559428, 701943
713323428, 713889714, 566286
714669142, 715356914, 687772
715974285, 716681028, 706743
717436685, 717990399, 553714
718763314, 719465714, 702400
720223657, 720790399, 566742
721567771, 722271771, 704000
722898056, 723608457, 710401
724369485, 724928228, 558743
725702856, 726385599, 682743
727001142, 727721714, 720572
728487199, 729191085, 703886
729825028, 730527771, 702743
731279771, 731842971, 563200
732616342, 733291428, 675086
733914628, 734615542, 700914
735377142, 735936456, 559314
736709371, 737402628, 693257
738019428, 738733828, 714400
739506171, 740209257, 703086
740830399, 741531542, 701143
742284457, 742854056, 569599
743631999, 744314628, 682629
744934285, 745637714, 703429
746398857, 746951771, 552914
747725828, 748406742, 680914
749176228, 749759085, 582857
750530057, 751216799, 686742
751840342, 752545714, 705372
753303542, 753864685, 561143
754642742, 755356114, 713372
755982628, 756687542, 704914
757458857, 758014399, 555542
758787085, 759479657, 692572
760234399, 760807885, 573486
761583542, 762285142, 701600
762911428, 763631771, 720343
764393371, 764941371, 548000
765712114, 766397142, 685028
767152228, 767708571, 556343
768489828, 769179657, 689829
769801371, 770503314, 701943
771253714, 771828571, 574857
772606056, 773282171, 676115
773903542, 774621142, 717600
775379542, 775950628, 571086
776730285, 777419199, 688914
778178628, 778753142, 574514
779524914, 780226285, 701371
780851656, 781547885, 696229
782306971, 782874399, 567428
783655314, 784340914, 685600
784958399, 785666514, 708115
786431999, 786986171, 554172
787762628, 788464342, 701714
789224114, 789793371, 569257
790570628, 791260571, 689943
791881599, 792587656, 706057
793345485, 793913256, 567771
794690399, 795374857, 684458
796142971, 796715542, 572571
797486628, 798180571, 693943
798800342, 799495428, 695086
800256342, 800834285, 577943
801617485, 802314971, 697486
802937599, 803634514, 696915
804398971, 804951314, 552343
805725371, 806413828, 688457
807174971, 807738171, 563200
808510971, 809204114, 693143
809819885, 810524114, 704229
811278628, 811840228, 561600
812610171, 813284685, 674514
813905485, 814607314, 701829
815372799, 815928914, 556115
816702514, 817389599, 687085
818151657, 818720799, 569142
819495314, 820189828, 694514
820808228, 821504342, 696114
822266057, 822842856, 576799
823625599, 823957828, 332229
824933828, 825437714, 503886
826418628, 826980456, 561828
827756799, 828444342, 687543
829207657, 829572228, 364571
830311542, 833221371, 2909829
833863428, 834611314, 747886
835375085, 835736456, 361371
836727085, 837435999, 708914
838204114, 838569485, 365371
839301942, 842775428, 3473486
843585942, 844288685, 702743
844912685, 845619885, 707200
846381828, 846945371, 563543
847727428, 848420457, 693029
849179314, 849747428, 568114
850525714, 851228914, 703200
851854514, 852559885, 705371
853324685, 853895999, 571314
854682856, 855378742, 695886
855995656, 856711085, 715429
857481257, 858026856, 545599
858807885, 859503314, 695429
860265942, 860842399, 576457
861621942, 862335771, 713829
862963199, 863658742, 695543
864417942, 864975085, 557143
865755999, 866453714, 697715
867212228, 867788799, 576571
868560685, 869250857, 690172
869867656, 870581828, 714172
871341371, 871702628, 361257
872706628, 873401599, 694971
874176571, 874756228, 579657
875528114, 876220799, 692685
876842171, 877555428, 713257
878324571, 878892228, 567657
879676114, 880382514, 706400
881008114, 881720342, 712228
882494857, 883197942, 703085
883821485, 884514057, 692572
885267428, 885841714, 574286
886625485, 886956456, 330971
887933828, 888645714, 711886
889407428, 889760799, 353371
890756114, 891457257, 701143
892226628, 892806285, 579657
893583085, 894562742, 979657
895358171, 895930514, 572343
896712914, 897417599, 704685
898185371, 898761485, 576114
899546399, 900233599, 687200
900856114, 901557714, 701600
902319999, 902885599, 565600
903663428, 904373371, 709943
905144228, 905715085, 570857
906491542, 907196457, 704915
908532114, 909337942, 805828
909969828, 910674856, 705028
911436457, 911999428, 562971
912777256, 913466514, 689258
914230857, 914800342, 569485
915574628, 916262399, 687771
916885828, 917605485, 719657
918363542, 918927999, 564457
919702056, 920386399, 684343
921002056, 921711085, 709029
922479885, 923021828, 541943
923795771, 924764228, 968457
925561371, 926260799, 699428
926879885, 927577485, 697600
928342399, 928915771, 573372
929691199, 930379657, 688458
931147314, 931720114, 572800
932497942, 933198514, 700572
933818285, 934527999, 709714
935282628, 935860456, 577828
936641828, 937353371, 711543
937971656, 938674628, 702972
939435885, 939986742, 550857
940759771, 941440342, 680571
942201142, 942783885, 582743
943555657, 944245371, 689714
944863542, 945569942, 706400
946330628, 946901028, 570400
947683542, 948395085, 711543
949017714, 949741714, 724000
950507085, 951210057, 702972
951829485, 952507771, 678286
953263657, 953841485, 577828
954616228, 955317371, 701143
955942742, 956649599, 706857
957409142, 957965599, 556457
958738285, 959428914, 690629
960194057, 960755885, 561828
961527657, 961867885, 340228
962618056, 965942171, 3324115
966755085, 967450628, 695543
968212571, 968792799, 580228
969565828, 970259771, 693943
970877485, 971591085, 713600
972349142, 972914399, 565257
973695885, 974393942, 698057
975015999, 975736228, 720229
976512342, 977218171, 705829
977841828, 978541828, 700000
979301028, 979878399, 577371
980665714, 981365257, 699543
981985485, 982703656, 718171
983464914, 984016456, 551542
984794628, 985489485, 694857
986256685, 986830514, 573829
987607657, 988306399, 698742
988934514, 989635771, 701257
990396457, 990960456, 563999
991743428, 992436799, 693371
993200114, 993774628, 574514
994547885, 995238742, 690857
995857485, 996561142, 703657
997318742, 997893028, 574286
998670742, 999372114, 701372
999996456, 707542, -999288914
1468114, 2170171, 702057
2794171, 3484342, 690171
4247314, 4814971, 567657
5585714, 6281028, 695314
6899428, 7619085, 719657
8376228, 8936914, 560686
9711656, 10397485, 685829
11158399, 11725371, 566972
12495771, 13182971, 687200
13806742, 14480342, 673600
15234057, 15800456, 566399
16570057, 17250514, 680457
17868914, 18588228, 719314
19349599, 19919314, 569715
20697142, 21379885, 682743
22139885, 22703771, 563886
23472799, 24183771, 710972
24804228, 25496342, 692114
26249942, 26826285, 576343
27607657, 28293485, 685828
28917371, 29628571, 711200
30390628, 30954514, 563886
31725942, 32416685, 690743
33179428, 33739885, 560457
34522057, 35218628, 696571
35838514, 36534514, 696000
37292685, 37859542, 566857
38647085, 39345942, 698857
39968799, 40474971, 506172
41468114, 42178171, 710057
42806514, 43499199, 692685
44255314, 44837142, 581828
45621599, 46323999, 702400
46946742, 47653942, 707200
49163885, 49763428, 599543
50542171, 51240799, 698628
51861142, 52558971, 697829
53317714, 53886399, 568685
54666399, 55354514, 688115
55972914, 56701485, 728571
57466857, 58151542, 684685
58782056, 59480228, 698172
60239542, 60807656, 568114
61587657, 62270171, 682514
62891314, 63604114, 712800
64365485, 64934399, 568914
65714742, 66409142, 694400
67162057, 67726171, 564114
68492457, 69190514, 698057
69810856, 70507314, 696458
71264228, 71835656, 571428
72620914, 73326171, 705257
73951885, 74658285, 706400
75418285, 75979199, 560914
76760685, 77458742, 698057
78212571, 78790399, 577828
79561599, 80251428, 689829
80867199, 81571885, 704686
82335885, 82901714, 565829
83683314, 84374171, 690857
84991656, 85698285, 706629
86455428, 87004342, 548914
87783428, 88470285, 686857
89239314, 89821828, 582514
90593714, 91273828, 680114
91894399, 92607085, 712686
93365714, 93934742, 569028
94723085, 95418971, 695886
96188799, 96770514, 581715
97545942, 98248342, 702400
98868342, 99571771, 703429
100340342, 100913142, 572800
101699656, 102394742, 695086
103010856, 103735999, 725143
104510971, 105213599, 702628
105842171, 106551199, 709028
107311657, 107882285, 570628
108667885, 109380685, 712800
110156571, 110731428, 574857
111509142, 112219314, 710172
112840914, 113540457, 699543
114291199, 114875771, 584572
116398171, 117195542, 797371
117823428, 118518171, 694743
119277942, 119847314, 569372
120638399, 121353942, 715543
121978285, 122688228, 709943
123449485, 123998285, 548800
124776342, 125465371, 689029
126222171, 126801371, 579200
127577485, 128273142, 695657
128900456, 129609257, 708801
130370399, 130932342, 561943
131712914, 132401485, 688571
133173599, 133740456, 566857
134519199, 135215885, 696686
135838171, 136537142, 698971
137295885, 137873256, 577371
138651771, 139361028, 709257
139989942, 140707428, 717486
141483999, 142171314, 687315
142800228, 143484114, 683886
144245028, 144811314, 566286
145590057, 146268342, 678285
146888114, 147593485, 705371
148355199, 148922971, 567772
149702171, 150393942, 691771
151156342, 151731885, 575543
152506399, 153209942, 703543
153834856, 154535085, 700229
155298857, 155869371, 570514
156652571, 157363428, 710857
157989028, 158698971, 709943
159461485, 160013142, 551657
160794285, 161485257, 690972
162238057, 162816571, 578514
163607428, 164307657, 700229
164933371, 165646399, 713028
166404685, 166961828, 557143
167731199, 168432685, 701486
169193371, 169767542, 574171
170539199, 171241257, 702058
171860228, 172567657, 707429
173327885, 173900914, 573029
174686171, 175378399, 692228
176144799, 176719199, 574400
177495085, 178191999, 696914
178822285, 179516228, 693943
180285142, 180852114, 566972
181631771, 182335314, 703543
182963199, 183670171, 706972
184437599, 184991314, 553715
185777599, 186464914, 687315
187229942, 187811771, 581829
188586171, 189285599, 699428
189910514, 190623656, 713142
191382971, 191949942, 566971
192730399, 193430628, 700229
194192342, 194761599, 569257
195534285, 196232914, 698629
196849371, 197558514, 709143
198318628, 198888685, 570057
199672457, 200374285, 701828
200996228, 201724571, 728343
202500571, 203205142, 704571
203832914, 204514742, 681828
205273599, 205846742, 573143
206637142, 207340571, 703429
207966171, 208672114, 705943
209432457, 209985599, 553142
210770856, 211457599, 686743
212221371, 212799428, 578057
213572457, 214275428, 702971
214902056, 215613828, 711772
216371999, 216937142, 565143
217716914, 218417371, 700457
219176457, 219744228, 567771
220519657, 221217599, 697942
221839428, 222542057, 702629
223300228, 223871428, 571200
224664456, 225366742, 702286
225987999, 226699085, 711086
227470628, 228170971, 700343
228801485, 229493028, 691543
230252685, 230825028, 572343
231606171, 232301485, 695314
232927314, 233632228, 704914
234395542, 234952228, 556686
235733828, 236424342, 690514
237195085, 237777599, 582514
238548799, 239268457, 719658
239889256, 240596914, 707658
241356914, 241921942, 565028
242702514, 243402171, 699657
244025599, 244745485, 719886
245513028, 246213028, 700000
246831314, 247535428, 704114
248289485, 248862971, 573486
249654628, 250346399, 691771
250968342, 251681599, 713257
252444228, 252997028, 552800
253773256, 254466057, 692801
255230742, 255803885, 573143
256578285, 257281828, 703543
257909028, 258613599, 704571
259375085, 259944114, 569029
260725714, 261421371, 695657
262178514, 262749371, 570857
263515199, 264217257, 702058
264835428, 265514514, 679086
266269714, 266839885, 570171
267626971, 268339657, 712686
268963314, 269672799, 709485
270440114, 270986056, 545942
271764228, 272453257, 689029
273210857, 273788456, 577599
274559771, 275252457, 692686
275869142, 276592456, 723314
277353142, 277917714, 564572
278695999, 279391657, 695658
280010056, 280713942, 703886
281485828, 282192457, 706629
282812114, 283487771, 675657
284240571, 284818056, 577485
285601257, 286300228, 698971
286926171, 287632571, 706400
288391542, 288946171, 554629
289717714, 290418057, 700343
291183657, 291771771, 588114
292550971, 293252799, 701828
293873142, 294567657, 694515
295328685, 295902056, 573371
296685028, 297383314, 698286
298002285, 298723085, 720800
299501828, 300197828, 696000
300818056, 301533257, 715201
302289485, 302869371, 579886
303655885, 304361714, 705829
304987428, 305703085, 715657
306474971, 307176799, 701828
307810628, 308505942, 695314
309263085, 309843656, 580571
310638171, 311333371, 695200
312685485, 313502171, 816686
314269828, 314841028, 571200
315622971, 316330285, 707314
316958399, 317663999, 705600
318423999, 318976114, 552115
319748571, 320796456, 1047885
321631657, 322352914, 721257
322983428, 323696456, 713028
324467428, 325019885, 552457
325800571, 326485714, 685143
327239314, 327816342, 577028
328599542, 329300228, 700686
329926171, 330629028, 702857
331388914, 331952914, 564000
332732571, 333427657, 695086
334196914, 334772685, 575771
335550514, 336246285, 695771
336864456, 337565714, 701258
338326285, 338896571, 570286
339685942, 340381142, 695200
340999428, 341715542, 716114
342483657, 343183999, 700342
343802856, 344497828, 694972
345257028, 345831428, 574400
346610628, 347312114, 701486
347938056, 348640342, 702286
349401371, 349962971, 561600
350745942, 351438971, 693029
352202399, 352782056, 579657
353554628, 354245371, 690743
354860685, 355563885, 703200
356319771, 356885714, 565943
357671314, 358375314, 704000
358998171, 359704228, 706057
360469257, 361170399, 701142
361799771, 362489942, 690171
363252342, 363827085, 574743
364603085, 365303428, 700343
365928342, 366635199, 706857
367395428, 367967199, 571771
368747885, 369439199, 691314
370208342, 370780799, 572457
371554857, 372231428, 676571
372856571, 373562971, 706400
374322399, 374888456, 566057
375673828, 376377485, 703657
376998399, 377713828, 715429
378488799, 379193828, 705029
379816342, 380510399, 694057
381270742, 381844342, 573600
382624342, 383322628, 698286
383946971, 384646514, 699543
385406971, 385972228, 565257
386754856, 387442399, 687543
388205828, 388784456, 578628
389557485, 390251314, 693829
390873371, 391567885, 694514
392325142, 392893371, 568229
393676685, 394385028, 708343
395010171, 395720685, 710514
396496228, 397197714, 701486
397818742, 398511999, 693257
399266171, 399843314, 577143
400624456, 401324114, 699658
401946628, 402651656, 705028
403408114, 403974971, 566857
404752456, 405443771, 691315
406211085, 406784685, 573600
407554971, 408246171, 691200
408863199, 409580914, 717715
410341142, 410907999, 566857
411691999, 412390514, 698515
413171771, 413745485, 573714
414511657, 415215657, 704000
415837714, 416541028, 703314
417302285, 417871771, 569486
418656799, 419365142, 708343
419990399, 420699314, 708915
421464799, 422162742, 697943
422795314, 423482057, 686743
424238514, 424814971, 576457
425591657, 426286285, 694628
426910742, 427621942, 711200
428382057, 428947542, 565485
429727085, 430428228, 701143
431198857, 431773256, 574399
432545485, 433241028, 695543
433871771, 434576571, 704800
435337028, 435902628, 565600
436688799, 437402285, 713486
438025371, 438743542, 718171
439510171, 440211771, 701600
440832914, 441512914, 680000
442271428, 442843199, 571771
443621257, 444325142, 703885
444952571, 445648799, 696228
446410514, 446964799, 554285
447737485, 448434628, 697143
449197828, 449776342, 578514
450547085, 451235999, 688914
451852114, 452551885, 699771
453309599, 453880571, 570972
454664114, 455366628, 702514
455990514, 456702056, 711542
457466857, 458014399, 547542
458793256, 459481942, 688686
460237142, 460816799, 579657
461605371, 462304457, 699086
462927885, 463635542, 707657
464391199, 464946171, 554972
465725828, 466427771, 701943
467196571, 467768571, 572000
468535885, 469237371, 701486
469856685, 470557142, 700457
471313942, 471887885, 573943
472669828, 473372685, 702857
473994742, 474710971, 716229
475480228, 476027771, 547543
476806056, 477499314, 693258
478258857, 478830742, 571885
479611428, 480314628, 703200
480942056, 481642285, 700229
482397485, 482959999, 562514
483737942, 484423999, 686057
485191085, 485757142, 566057
486523999, 487218971, 694972
487845714, 488552228, 706514
489311771, 489892456, 580685
490675885, 491372457, 696572
491988799, 492702628, 713829
493468914, 494021828, 552914
494801714, 495493257, 691543
496247657, 496826056, 578399
497609257, 498303657, 694400
498930628, 499637371, 706743
500395428, 500960914, 565486
501740799, 502436342, 695543
503199657, 503777256, 577599
504556799, 505253142, 696343
505871885, 506575199, 703314
507339428, 507910742, 571314
509403085, 510201142, 798057
510836114, 511516685, 680571
512275314, 512849942, 574628
513642399, 514337028, 694629
514961256, 515659542, 698286
516418742, 516981942, 563200
517764114, 518453599, 689485
519207885, 519786971, 579086
520559885, 521244457, 684572
521861371, 522580571, 719200
523337485, 523903314, 565829
524685828, 525378285, 692457
525995885, 526705714, 709829
527463999, 528011085, 547086
528791314, 529479085, 687771
530251657, 530831885, 580228
531604799, 532282742, 677943
532902628, 533611885, 709257
534367771, 534932114, 564343
535711428, 536407771, 696343
537023542, 537734056, 710514
538502399, 539204571, 702172
539823999, 540501485, 677486
541259771, 541839085, 579314
542615999, 543318971, 702972
543944571, 544646514, 701943
545403657, 545971085, 567428
546751314, 547440228, 688914
548205942, 548782171, 576229
549553028, 550241028, 688000
550869485, 551570285, 700800
552330971, 552894856, 563885
553678057, 554378857, 700800
