
Start_ns, stop_ns,  spent_ns
53239553, 54137268, 897715
54441420, 55167681, 726261
55351703, 56007784, 656081
56185978, 56833372, 647394
57012022, 57913732, 901710
58098211, 58778064, 679853
58956485, 59598618, 642133
59776011, 60423174, 647163
60601023, 61247957, 646934
61426150, 62326936, 900786
62508899, 63152970, 644071
63330018, 63978776, 648758
64378934, 65033063, 654129
65211597, 66281195, 1069598
66410465, 66929375, 518910
67046645, 67515721, 469076
67632876, 68105267, 472391
68222307, 68693669, 471362
68810938, 69108569, 297631
69428944, 70084895, 655951
70212450, 70692611, 480161
70809879, 71279982, 470103
71396680, 71865640, 468960
71983251, 72441467, 458216
72556793, 73024381, 467588
73142107, 73769366, 627259
73893720, 74387478, 493758
74505317, 74972330, 467013
75089140, 75558096, 468956
75675250, 76138834, 463584
76255987, 76721514, 465527
76838782, 77302366, 463584
77455865, 78285651, 829786
78415947, 78924333, 508386
79040686, 79334540, 293854
79649309, 80117006, 467697
80238045, 80708942, 470897
80826094, 81298020, 471926
81415059, 82072824, 657765
82196948, 82671041, 474093
82788650, 83256914, 468264
83373952, 83841530, 467578
83958568, 84422146, 463578
84539869, 85011105, 471236
85127914, 85757903, 629989
85883284, 86367890, 484606
86485156, 86947360, 462204
87062797, 87530602, 467805
87647982, 88116816, 468834
88234310, 88699715, 465405
88816409, 89286157, 469748
89404223, 90244196, 839973
90374724, 90887693, 512969
91005305, 91478613, 473308
91595425, 92070333, 474908
92187602, 92652680, 465078
92769607, 93239257, 469650
93356526, 94017058, 660532
94141644, 94440878, 299234
94543176, 95159246, 616070
95276746, 95747314, 470568
95864470, 96333209, 468739
96451166, 96915105, 463939
97031804, 97655418, 623614
97780460, 98281658, 501198
98400414, 98872580, 472166
98989279, 99458245, 468966
99575401, 100037166, 461765
100154436, 100621916, 467480
100737701, 101207238, 469537
101324851, 102155909, 831058
102287694, 102801232, 513538
102918616, 103385977, 467361
103506104, 103803048, 296944
104087649, 104548839, 461190
104664965, 105128898, 463933
105246395, 105891712, 645317
106017094, 106498277, 481183
106616002, 107087013, 471011
107205423, 107669691, 464268
107787415, 108253397, 465982
108371122, 108834361, 463239
108952314, 109446984, 494670
109684603, 110207157, 522554
110324423, 110796459, 472036
110914182, 111384047, 469865
111502456, 111970949, 468493
112088786, 112545621, 456835
112661287, 113131266, 469979
113250246, 114026068, 775822
114155447, 114661877, 506430
114778341, 115247398, 469057
115366033, 115832004, 465971
115948925, 116414552, 465627
116532502, 117001901, 469399
117120537, 117754402, 633865
117880123, 118370436, 490313
118488385, 118952753, 464368
119070703, 119540100, 469397
119658392, 120121846, 463454
120239338, 120710678, 471340
120829199, 121299853, 470654
121417917, 122052233, 634316
122177496, 122638317, 460821
122755122, 123217315, 462193
123334235, 123807743, 473508
123925919, 124399541, 473622
124517261, 124981511, 464250
125099917, 125850816, 750899
125979624, 126509372, 529748
126628351, 127092838, 464487
127211359, 127507035, 295676
127795168, 128270512, 475344
128388691, 128849635, 460944
128965071, 129429786, 464715
129696088, 130218292, 522204
130335556, 130806328, 470772
130924849, 131393564, 468715
131511056, 131807189, 296133
132094749, 132560492, 465743
132678328, 133138013, 459685
133253906, 133887999, 634093
134013148, 134492945, 479797
134611237, 135085433, 474196
135203840, 135667864, 464024
135785585, 136251552, 465967
136369158, 136833868, 464710
136951246, 137414470, 463224
137793571, 138332676, 539105
138448566, 138917268, 468702
139036815, 139507918, 471103
139627236, 140099024, 471788
140219257, 140689102, 469845
140807507, 141279409, 471902
141398728, 142052582, 653854
142179444, 142648606, 469162
142767925, 143228629, 460704
143346233, 143816195, 469962
143934828, 144407419, 472591
144526623, 144823549, 296926
144927554, 145685985, 758431
145813419, 146309211, 495792
146428645, 146897807, 469162
147017241, 147489146, 471905
147608466, 148077057, 468591
148649652, 149224876, 575224
149351625, 150211408, 859783
150343409, 150854270, 510861
150970499, 151426274, 455775
151542161, 152010850, 468689
152128794, 152597369, 468575
152715199, 153187202, 472003
153305603, 153951433, 645830
154076690, 154556118, 479428
154674975, 155139204, 464229
155256689, 155726975, 470286
155844689, 156312117, 467428
156429831, 156900117, 470286
157018174, 157643429, 625255
157769600, 158098396, 328796
158392565, 158860789, 468224
158978731, 159441584, 462853
159559297, 160025007, 465710
160143406, 160613459, 470053
160731058, 161200425, 469367
161318252, 162135389, 817137
162267959, 162792298, 524339
162910697, 163379950, 469253
163500521, 163973888, 473367
164092287, 164564855, 472568
164682682, 165143593, 460911
165260963, 165902788, 641825
166028158, 166505298, 477140
166623240, 167093066, 469826
167211122, 167502663, 291541
167795347, 168268373, 473026
168386544, 168851912, 465368
168967797, 169433166, 465369
169693737, 170217394, 523657
170335565, 170806650, 471085
170924021, 171398306, 474285
171516248, 171984705, 468457
172102304, 172569732, 467428
172687903, 173145274, 457371
173261045, 174038190, 777145
174166876, 174674306, 507430
174792134, 175266307, 474173
175383907, 175854080, 470173
175971566, 176441738, 470172
176560139, 177028483, 468344
177146654, 177778314, 631660
177902657, 178390430, 487773
178508373, 178981631, 473258
179099460, 179566662, 467202
179684948, 180151577, 466629
180269978, 180731350, 461372
180848951, 181315009, 466058
181578211, 182101068, 522857
182223354, 182696383, 473029
182814897, 183283812, 468915
183401412, 183872612, 471200
183990212, 184454555, 464343
184572041, 185038441, 466400
185156727, 185913984, 757257
186041527, 186572155, 530628
186690670, 187155012, 464342
187270784, 187742098, 471314
187860726, 188326097, 465371
188443583, 188911697, 468114
189029640, 189661754, 632114
189787583, 190290783, 503200
190408611, 190878782, 470171
190996725, 191463353, 466628
191581296, 192042667, 461371
192159810, 192628496, 468686
192746324, 193209181, 462857
193326781, 193968267, 641486
194094667, 194390667, 296000
194693981, 195164495, 470514
195287466, 195753637, 466171
195871695, 196340609, 468914
196459694, 196929065, 469371
197047123, 197788608, 741485
197917294, 198445636, 528342
198562665, 199022893, 460228
199139808, 199608150, 468342
199726207, 200196264, 470057
200314664, 200777750, 463086
200895921, 201364378, 468457
201629293, 202149636, 520343
202272150, 202738893, 466743
202856721, 203328950, 472229
203447121, 203912835, 465714
204029407, 204497864, 468457
204616150, 205088264, 472114
205205064, 205833065, 628001
205958665, 206446322, 487657
206564722, 207036721, 471999
207155236, 207618207, 462971
207735807, 208029521, 293714
208132150, 209597065, 1464915
209732722, 210256836, 524114
210373179, 210847807, 474628
210966436, 211428721, 462285
211544607, 212005407, 460800
212122207, 212591807, 469600
212709293, 213180950, 471657
213299350, 214080264, 780914
214208836, 214719579, 510743
214837979, 215308150, 470171
215426093, 215896379, 470286
216014207, 216484721, 470514
216602778, 217070093, 467315
217188493, 217829750, 641257
217955007, 218438322, 483315
218556150, 219021636, 465486
219137636, 219605179, 467543
219722436, 220194321, 471885
220312264, 220781978, 469714
220899807, 221371350, 471543
221751007, 222306207, 555200
222425407, 222898779, 473372
223016721, 223487579, 470858
223605293, 224076950, 471657
224195236, 224655121, 459885
224772721, 225237407, 464686
225355121, 226000950, 645829
226126322, 226597864, 471542
226715350, 227186093, 470743
227302321, 227768493, 466172
227887007, 228347121, 460114
228462893, 228929864, 466971
229049521, 229653636, 604115
229779007, 230294893, 515886
230414207, 230889064, 474857
231008150, 231483579, 475429
231603007, 232073178, 470171
232192036, 232661750, 469714
232781178, 233240835, 459657
233358550, 234199693, 841143
234332722, 234848036, 515314
234967350, 235439350, 472000
235559236, 236032607, 473371
236152378, 236621864, 469486
236741636, 237210093, 468457
237329064, 237980493, 651429
238109064, 238592150, 483086
239140379, 239695807, 555428
239814779, 240286093, 471314
240404378, 240877293, 472915
240995350, 241603465, 608115
241730665, 242242779, 512114
242360950, 242831693, 470743
242949750, 243415579, 465829
243531807, 243998893, 467086
244116721, 244587578, 470857
244705750, 245172150, 466400
245289635, 246134436, 844801
246267236, 246785979, 518743
246904607, 247380036, 475429
247497864, 247966436, 468572
248084036, 248549864, 465828
248666321, 249125864, 459543
249243235, 249884265, 641030
250010322, 250490779, 480457
250608379, 251080150, 471771
251198321, 251664150, 465829
251781864, 252244264, 462400
252360836, 252817750, 456914
252934093, 253406664, 472571
253662207, 254192493, 530286
254311122, 254781750, 470628
254900036, 255362779, 462743
255480379, 255950779, 470400
256069064, 256532721, 463657
256649978, 257118778, 468800
257237064, 258011693, 774629
258140493, 258651007, 510514
258768607, 259228493, 459886
259345750, 259815579, 469829
259933864, 260398207, 464343
260515693, 260988378, 472685
261106893, 261741407, 634514
261866893, 262356036, 489143
262473864, 262938436, 464572
263056721, 263523350, 466629
263639693, 264111236, 471543
264228721, 264700836, 472115
264819807, 265286778, 466971
265404150, 266044722, 640572
266170322, 266634664, 464342
266750207, 267219121, 468914
267337979, 267805864, 467885
267923579, 268392607, 469028
268509407, 268976036, 466629
269092378, 269840150, 747772
269969065, 270495236, 526171
270613064, 271084036, 470972
271202321, 271671693, 469372
271789064, 272258207, 469143
272377178, 272839121, 461943
272955464, 273423350, 467886
273684493, 274210893, 526400
274328836, 274799693, 470857
274918550, 275387807, 469257
275505407, 275976379, 470972
276094893, 276560264, 465371
276677750, 277147350, 469600
277266321, 277896950, 630629
278021979, 278502436, 480457
278621636, 279085407, 463771
279204036, 279666321, 462285
279784379, 280253636, 469257
280371578, 280837636, 466058
280955578, 281417750, 462172
281795693, 282347464, 551771
282465636, 282927922, 462286
283045521, 283513293, 467772
283631236, 284100721, 469485
284217978, 284689521, 471543
284807693, 285269864, 462171
285388035, 286035464, 647429
286159579, 286632379, 472800
286751007, 287214550, 463543
287332264, 287805179, 472915
287923807, 288393750, 469943
288511121, 288982321, 471200
289100150, 289391693, 291543
289844036, 290346779, 502743
290467579, 290935464, 467885
291052950, 291507236, 454286
291623121, 292098436, 475315
292217178, 292688836, 471658
292806093, 293268150, 462057
293387350, 294225522, 838172
294357979, 294867807, 509828
294983464, 295452721, 469257
295570321, 296032836, 462515
296148607, 296620036, 471429
296738093, 297211121, 473028
297329407, 297977407, 648000
298102664, 298581179, 478515
298699350, 299173293, 473943
299291236, 299755007, 463771
299872493, 300339921, 467428
300457750, 300925064, 467314
301043007, 301655122, 612115
301780950, 302285522, 504572
302403693, 302877293, 473600
302994664, 303461864, 467200
303579464, 304044150, 464686
304159921, 304618436, 458515
304734893, 305204150, 469257
305321978, 306148836, 826858
306281864, 306801636, 519772
306919922, 307389179, 469257
307507921, 307977636, 469715
308094207, 308563921, 469714
308680378, 309139578, 459200
309255350, 309887807, 632457
310012722, 310494893, 482171
310612722, 311086779, 474057
311204493, 311675236, 470743
311792150, 312262778, 470628
312381293, 312848836, 467543
312966321, 313433407, 467086
313687465, 314209179, 521714
314326550, 314798322, 471772
314916493, 315384721, 468228
315502664, 315974664, 472000
316092950, 316558893, 465943
316676607, 317147693, 471086
317265635, 318038664, 773029
318170550, 318677864, 507314
318797407, 319267007, 469600
319385979, 319855807, 469828
319974664, 320436721, 462057
320553978, 321016950, 462972
321134664, 321761979, 627315
321888379, 322382207, 493828
322502093, 322967122, 465029
323087121, 323560607, 473486
323679921, 324150207, 470286
324270207, 325092721, 822514
325228607, 325946665, 718058
326076493, 326554436, 477943
326673407, 326969179, 295772
327074093, 327702664, 628571
328260836, 328819121, 558285
328936950, 329415921, 478971
329819236, 330359122, 539886
330475464, 330942207, 466743
331059807, 331530779, 470972
331649407, 332119693, 470286
332237864, 332704036, 466172
332821064, 333290321, 469257
333407464, 334047579, 640115
334171350, 334642093, 470743
334760493, 335221521, 461028
335337407, 335808264, 470857
335927350, 336395578, 468228
336513407, 336984493, 471086
337102550, 337730322, 627772
337855922, 338346207, 490285
338462436, 338931236, 468800
339049179, 339520493, 471314
339638436, 340107693, 469257
340224493, 340693407, 468914
340811578, 341279464, 467886
341397064, 342239007, 841943
342370207, 342885064, 514857
343003236, 343480379, 477143
343598207, 344069978, 471771
344188264, 344659807, 471543
344777636, 345240264, 462628
345358321, 346010093, 651772
346135122, 346608036, 472914
346725636, 347200150, 474514
347318550, 347786321, 467771
347905064, 348368378, 463314
348486664, 348953750, 467086
349070207, 349914322, 844115
350043693, 350568722, 525029
350684722, 351144836, 460114
351261064, 351716607, 455543
351832379, 352299693, 467314
352417521, 352890778, 473257
353009293, 353744950, 735657
353873865, 354408722, 534857
354526779, 354998436, 471657
355117293, 355583579, 466286
355700836, 356169293, 468457
356287578, 356758321, 470743
356876721, 357343121, 466400
357608379, 358131464, 523085
358252036, 358712836, 460800
358830779, 359306093, 475314
359424836, 359896150, 471314
360014436, 360485750, 471314
360603236, 361071350, 468114
361188378, 361817636, 629258
361942893, 362428836, 485943
362547007, 363010893, 463886
363128036, 363598093, 470057
363716493, 364189521, 473028
364307350, 364776493, 469143
364894436, 365361635, 467199
365746893, 366295464, 548571
366414093, 366886322, 472229
367004036, 367467693, 463657
367583579, 368052493, 468914
368171007, 368634550, 463543
368752378, 369221750, 469372
369340264, 369983236, 642972
370109179, 370585750, 476571
370704150, 371162550, 458400
371282436, 371751693, 469257
371869407, 372335807, 466400
372452036, 372919807, 467771
373037521, 373643465, 605944
373768950, 374269407, 500457
374387579, 374860722, 473143
374979807, 375446779, 466972
375564379, 376032036, 467657
376150550, 376609864, 459314
376727693, 377197293, 469600
377315807, 378149293, 833486
378281979, 378802093, 520114
378920493, 379390321, 469828
379506664, 379979121, 472457
380096836, 380561636, 464800
380679464, 381145750, 466286
381261864, 381902093, 640229
382026436, 382505064, 478628
382623122, 383093293, 470171
383211236, 383680836, 469600
383799121, 384263464, 464343
384381064, 384851350, 470286
384969978, 385432264, 462286
385686093, 386208150, 522057
386326207, 386795122, 468915
386912493, 387382664, 470171
387501293, 387961750, 460457
388079921, 388548036, 468115
388664264, 389130207, 465943
389248264, 389996722, 748458
390124607, 390635236, 510629
390753064, 391218893, 465829
391336836, 391805179, 468343
391922664, 392395921, 473257
392514093, 392989178, 475085
393107578, 393741522, 633944
393866779, 394357522, 490743
394475464, 394937636, 462172
395055236, 395525407, 470171
395643579, 396106093, 462514
396221978, 396691578, 469600
396809636, 397280378, 470742
397398093, 398033750, 635657
398157979, 398623350, 465371
398739807, 399209179, 469372
399326779, 399794664, 467885
399910893, 400380150, 469257
400496150, 400962321, 466171
401080035, 401815807, 735772
401943807, 402461522, 517715
402577064, 403049407, 472343
403168036, 403635693, 467657
403752150, 404214207, 462057
404331921, 404795578, 463657
404913064, 405382893, 469829
405645979, 406159236, 513257
406275922, 406734436, 458514
406850664, 407313979, 463315
407431007, 407907007, 476000
408026778, 408502778, 476000
408622093, 409098321, 476228
409217864, 409843007, 625143
409970322, 410453636, 483314
410572722, 411038093, 465371
411157407, 411626436, 469029
411745864, 412205978, 460114
412323693, 412791578, 467885
412911121, 413384493, 473372
413767807, 414315693, 547886
414435807, 414911579, 475772
415031350, 415504493, 473143
415625179, 416091693, 466514
416210893, 416680264, 469371
417218778, 417944379, 725601
418075922, 418560036, 484114
418678779, 419140036, 461257
419255579, 419722207, 466628
419840036, 420303350, 463314
420420721, 420888721, 468000
421006550, 421605636, 599086
421732379, 422236493, 504114
422353293, 422824607, 471314
422942779, 423407121, 464342
423524036, 423992721, 468685
424110550, 424583007, 472457
424700950, 425168035, 467085
425285635, 426112607, 826972
426243807, 426757522, 513715
426875007, 427343693, 468686
427461521, 427923350, 461829
428039236, 428514664, 475428
428632150, 429102093, 469943
429219693, 429859579, 639886
429985065, 430289064, 303999
430596722, 431075007, 478285
431197864, 431672607, 474743
431790550, 432257978, 467428
432375464, 432838321, 462857
432955236, 433418664, 463428
433671465, 434197979, 526514
434315693, 434785522, 469829
434903007, 435371921, 468914
435489407, 435955693, 466286
436073750, 436541521, 467771
436659350, 437120035, 460685
437237293, 438194093, 956800
438329179, 438855007, 525828
438972607, 439445864, 473257
439564264, 440030893, 466629
440148836, 440616607, 467771
440734778, 441200378, 465600
441318321, 441962779, 644458
442088150, 442557407, 469257
442675350, 443145750, 470400
443265064, 443736721, 471657
443855236, 444324721, 469485
444442321, 444907464, 465143
445025178, 445632493, 607315
445757636, 446263693, 506057
446381407, 446846664, 465257
446962779, 447424150, 461371
447541750, 448010436, 468686
448129064, 448594321, 465257
448712264, 449184035, 471771
449303235, 450144950, 841715
450277064, 450796493, 519429
450915122, 451387121, 471999
451505293, 451974664, 469371
452092493, 452555807, 463314
452673178, 453140378, 467200
453257521, 453896036, 638515
454021864, 454504150, 482286
454623007, 455092264, 469257
455209864, 455682207, 472343
455800379, 456269864, 469485
456387693, 456856950, 469257
456975236, 457435121, 459885
457691922, 458214093, 522171
458332036, 458801407, 469371
458919122, 459392264, 473142
459510550, 459980607, 470057
460097978, 460570321, 472343
460688378, 461153521, 465143
461271007, 462026893, 755886
462155350, 462655236, 499886
462771464, 463244950, 473486
463363579, 463831921, 468342
463949864, 464417636, 467772
464535121, 464999464, 464343
465116721, 465744836, 628115
465869979, 466357064, 487085
466474779, 466937979, 463200
467056150, 467524036, 467886
467642207, 468110778, 468571
468228836, 468695693, 466857
468813521, 469276035, 462514
469395464, 470028264, 632800
470152264, 470619236, 466972
470737179, 471206321, 469142
471324150, 471796150, 472000
471913407, 472385293, 471886
472501750, 472970664, 468914
473087578, 473842207, 754629
473970207, 474503350, 533143
474621293, 475092607, 471314
475211007, 475681636, 470629
475799579, 476261636, 462057
476379007, 476847807, 468800
476965636, 477426321, 460685
477687350, 478204836, 517486
478322207, 478613864, 291657
478716950, 479350550, 633600
479470093, 479935807, 465714
480051921, 480515350, 463429
480632836, 481104378, 471542
481222664, 481849865, 627201
481975236, 482451350, 476114
482567464, 483028950, 461486
483146550, 483616493, 469943
483734550, 484199578, 465028
484317064, 484787693, 470629
484905864, 485375121, 469257
485762436, 486311807, 549371
486430664, 486894893, 464229
487012493, 487484264, 471771
487602779, 488072264, 469485
488190321, 488654893, 464572
488772721, 489238093, 465372
489355807, 490004150, 648343
490128950, 490601179, 472229
490718893, 491187350, 468457
491306207, 491778893, 472686
491897064, 492357293, 460229
492477750, 492947693, 469943
493064378, 493678207, 613829
493802665, 494300836, 498171
494418664, 494894207, 475543
495011921, 495483007, 471086
495600836, 496072493, 471657
496190664, 496654893, 464229
496773521, 497245407, 471886
497366093, 498197407, 831314
498331350, 498844264, 512914
498961864, 499427693, 465829
499546779, 500019807, 473028
500140036, 500607236, 467200
500726093, 501195578, 469485
501315464, 501965407, 649943
502093407, 502572836, 479429
502692264, 503156607, 464343
503276036, 503749179, 473143
503868721, 504343693, 474972
504463464, 504931464, 468000
505050550, 505665179, 614629
505793636, 506301636, 508000
506860493, 507415007, 554514
507533750, 508004607, 470857
508123350, 508593978, 470628
508711693, 509174778, 463085
509292607, 510138550, 845943
510270550, 510791464, 520914
510908493, 511383921, 475428
511501979, 511971236, 469257
512088378, 512555578, 467200
512674321, 513135578, 461257
513251350, 513903236, 651886
514028836, 514506436, 477600
514621979, 515097521, 475542
515215579, 515686436, 470857
515804264, 516276036, 471772
516393750, 516862207, 468457
516979578, 517579350, 599772
517705407, 518225522, 520115
518343350, 518811122, 467772
518928379, 519217407, 289028
519532036, 520008950, 476914
520130436, 520602778, 472342
520720264, 521188607, 468343
521306778, 522129064, 822286
522259922, 522773293, 513371
522891579, 523365636, 474057
523484950, 523954093, 469143
524072150, 524543236, 471086
524661521, 525126207, 464686
525242778, 525881293, 638515
526006322, 526487579, 481257
526605064, 527076950, 471886
527195007, 527663007, 468000
527780950, 528249750, 468800
528367807, 528835007, 467200
528952721, 529420721, 468000
529677979, 530189522, 511543
530307350, 530776836, 469486
530895464, 531365979, 470515
531482779, 531945407, 462628
532062436, 532524836, 462400
532640378, 533104835, 464457
533222550, 533988950, 766400
534117522, 534623922, 506400
534739807, 535209636, 469829
535327579, 535622664, 295085
535939921, 536411807, 471886
536533750, 537001293, 467543
537119007, 537754322, 635315
537879579, 538373864, 494285
538492036, 538959693, 467657
539078207, 539370779, 292572
539683236, 540159693, 476457
540280493, 540749636, 469143
540868264, 541334550, 466286
541451007, 542097522, 646515
542222093, 542692493, 470400
542810436, 543279693, 469257
543397979, 543869407, 471428
543987693, 544457064, 469371
544575578, 545043921, 468343
545161521, 545906665, 745144
546033750, 546547122, 513372
546662779, 547126664, 463885
547244264, 547716264, 472000
547833750, 548299464, 465714
548417407, 548885521, 468114
549003578, 549617407, 613829
549743007, 550253750, 510743
550372264, 550837750, 465486
550955693, 551417179, 461486
551534550, 552002321, 467771
552120150, 552587236, 467086
552704607, 553175007, 470400
553292150, 553925979, 633829
554051236, 554526779, 475543
554645293, 555119121, 473828
555236836, 555700836, 464000
555819007, 556287578, 468571
556405407, 556873521, 468114
556989750, 557724036, 734286
557852493, 558399464, 546971
558517864, 558988150, 470286
559106321, 559577979, 471658
559696036, 560163807, 467771
560282093, 560752150, 470057
560869636, 561334893, 465257
561591007, 562112264, 521257
562238207, 562700150, 461943
562816264, 563284493, 468229
563401864, 563869636, 467772
563988036, 564453978, 465942
564571350, 565039350, 468000
565157178, 565784379, 627201
565908265, 566396607, 488342
566515007, 566986893, 471886
567103693, 567571121, 467428
567689636, 568155693, 466057
568273178, 568735236, 462058
568851121, 569317293, 466172
569434893, 570271350, 836457
570402779, 570914893, 512114
571032950, 571504607, 471657
571622550, 572093636, 471086
572210207, 572677407, 467200
572793293, 573085978, 292685
573385064, 574042664, 657600
574171464, 574642893, 471429
574759807, 575227121, 467314
575344836, 575813979, 469143
575932150, 576401407, 469257
576519007, 576987921, 468914
577106550, 577730550, 624000
577855922, 578341979, 486057
578459693, 578921750, 462057
579039121, 579503807, 464686
579621521, 579914893, 293372
580211121, 580683807, 472686
580805064, 581103235, 298171
581411807, 582249979, 838172
582383693, 582900264, 516571
583018550, 583488721, 470171
583606321, 584076950, 470629
584195236, 584667464, 472228
584785064, 585251807, 466743
585369635, 586009750, 640115
586138093, 586606550, 468457
586726436, 587202664, 476228
587321521, 587790893, 469372
587910436, 588375007, 464571
588494093, 588956836, 462743
589075693, 589684036, 608343
589809407, 590302550, 493143
590420493, 590896036, 475543
591015007, 591490093, 475086
591607693, 592076378, 468685
592195464, 592668607, 473143
592787807, 593252035, 464228
593371807, 594210779, 838972
594344036, 594857979, 513943
594977064, 595452036, 474972
596004950, 596576150, 571200
596697407, 597169635, 472228
597288035, 597940379, 652344
598065407, 598543693, 478286
598662207, 599132379, 470172
599249979, 599717293, 467314
599835921, 600303921, 468000
600421293, 600889178, 467885
601007121, 601611579, 604458
601737522, 602255236, 517714
602374207, 602838664, 464457
602955464, 603416036, 460572
603533521, 603999464, 465943
604117636, 604585293, 467657
604702207, 605172150, 469943
605291007, 606126207, 835200
606257864, 606775693, 517829
606893636, 607365407, 471771
607483693, 607952950, 469257
608070207, 608536150, 465943
608652150, 609112721, 460571
609228493, 609868265, 639772
609994322, 610475350, 481028
610593064, 611060721, 467657
611180036, 611645521, 465485
611764036, 612233521, 469485
612351464, 612815693, 464229
612932378, 613400835, 468457
613679122, 614200607, 521485
614317864, 614788150, 470286
614905864, 615376493, 470629
615494207, 615963921, 469714
616081978, 616546550, 464572
616664150, 617127350, 463200
617245521, 618015693, 770172
618144036, 618652264, 508228
618768264, 619238321, 470057
619356036, 619822664, 466628
619940379, 620399807, 459428
620515807, 620972607, 456800
621092607, 621713179, 620572
621839236, 622332036, 492800
622450436, 622913407, 462971
623029864, 623496036, 466172
623613293, 624084036, 470743
624202436, 624680150, 477714
624797636, 625265521, 467885
625383693, 626015122, 631429
626139922, 626606779, 466857
626724150, 627193636, 469486
627311236, 627786321, 475085
627904150, 628373864, 469714
628492378, 628958207, 465829
629075578, 629803922, 728344
629932265, 630452722, 520457
630568722, 631037179, 468457
631155121, 631448836, 293715
631739807, 632216150, 476343
632333293, 632800493, 467200
632918893, 633389407, 470514
633652722, 634180264, 527542
634298436, 634772036, 473600
634889979, 635359921, 469942
635477636, 635943464, 465828
636061293, 636521978, 460685
636638321, 637102664, 464343
637220607, 637845865, 625258
637971007, 638451122, 480115
638568379, 639029979, 461600
639146664, 639613979, 467315
639731464, 640196607, 465143
640314207, 640781978, 467771
640899693, 641367578, 467885
641750207, 642305979, 555772
642425064, 642896150, 471086
643014436, 643483693, 469257
643601636, 644070664, 469028
644188607, 644654321, 465714
644770664, 645234321, 463657
645351578, 645999807, 648229
646124607, 646599693, 475086
646717522, 647185636, 468114
647303350, 647773407, 470057
647890893, 648361978, 471085
648480264, 648944836, 464572
649062207, 649672493, 610286
649796607, 650306664, 510057
650424950, 650895350, 470400
651013636, 651481979, 468343
651599807, 652073750, 473943
652190664, 652659578, 468914
652777521, 653240950, 463429
653356721, 654137064, 780343
654264836, 654774893, 510057
654893179, 655365064, 471885
655483579, 655778550, 294971
655881064, 658679350, 2798286
658813293, 659342321, 529028
659460607, 659929979, 469372
660047464, 660511236, 463772
660627578, 661100378, 472800
661217978, 661851007, 633029
661976036, 662457864, 481828
662575350, 663042550, 467200
663160036, 663623464, 463428
663741179, 664209178, 467999
664328036, 664797178, 469142
664914893, 665383921, 469028
665814093, 666372607, 558514
666490664, 666781864, 291200
667068950, 667541864, 472914
667659921, 668129750, 469829
668247464, 668710664, 463200
668826778, 669299350, 472572
669417521, 670061864, 644343
670187693, 670651922, 464229
670768607, 671247350, 478743
671365636, 671827921, 462285
671943921, 672411007, 467086
672528836, 672993864, 465028
673112035, 673741865, 629830
673867122, 674362093, 494971
674480379, 674948036, 467657
675065636, 675529407, 463771
675646093, 675937979, 291886
676228150, 676690778, 462628
676806664, 677275235, 468571
677394207, 678231693, 837486
678365064, 678886893, 521829
679007236, 679482550, 475314
679601750, 680073750, 472000
680193750, 680666664, 472914
680786321, 681261750, 475429
681381178, 682026322, 645144
682152836, 682620036, 467200
682739122, 683210779, 471657
683330893, 683800264, 469371
683920036, 684390893, 470857
684510778, 684981750, 470972
685101178, 685740607, 639429
685868836, 686368379, 499543
686914779, 687481636, 566857
687608836, 688074664, 465828
688193178, 688663921, 470743
688781521, 689249064, 467543
689367464, 690221979, 854515
690351807, 690682093, 330286
690982207, 691456150, 473943
691572950, 692050321, 477371
692168607, 692637178, 468571
692755693, 693222550, 466857
693340035, 693990893, 650858
694116950, 694592264, 475314
694709750, 695179007, 469257
695296721, 695763464, 466743
695881179, 696347807, 466628
696466436, 696933521, 467085
697050664, 697660379, 609715
697785865, 698291922, 506057
698409522, 698879122, 469600
698996836, 699463693, 466857
699581064, 700046664, 465600
700165407, 700627578, 462171
700744150, 701212035, 467885
701329750, 702173636, 843886
702306093, 702826436, 520343
702944607, 703414779, 470172
703532150, 703997636, 465486
704115693, 704583236, 467543
704700150, 705167921, 467771
705285178, 705931922, 646744
706056264, 706537750, 481486
706656493, 707122321, 465828
707239693, 707699921, 460228
707816721, 708285636, 468915
708403121, 708871007, 467886
708988950, 709453978, 465028
709707807, 710227007, 519200
710343464, 710815464, 472000
710934207, 711399236, 465029
711515807, 711986893, 471086
712105407, 712568607, 463200
712686093, 713156035, 469942
713273635, 714098322, 824687
714229407, 714741293, 511886
714857979, 715331007, 473028
715448264, 715916607, 468343
716034321, 716501636, 467315
716618207, 717081635, 463428
717199921, 717844722, 644801
717970207, 718453064, 482857
718569979, 719034550, 464571
719151236, 719622893, 471657
719741864, 720207921, 466057
720325178, 720794778, 469600
720913750, 721380493, 466743
721638093, 722166093, 528000
722283922, 722747922, 464000
722866779, 723331579, 464800
723448493, 723911921, 463428
724027921, 724492378, 464457
724609978, 725081064, 471086
725199121, 725957636, 758515
726085293, 726595122, 509829
726713293, 727182093, 468800
727299464, 727769179, 469715
727887121, 728179464, 292343
728478207, 728955464, 477257
729076950, 729702665, 625715
729828265, 730145179, 316914
730437636, 730904036, 466400
731021636, 731495121, 473485
731613864, 732086093, 472229
732204036, 733257635, 1053599
733396150, 734120607, 724457
734249636, 734730550, 480914
734848036, 735319236, 471200
735437064, 735895921, 458857
736011921, 736480607, 468686
736598436, 737067464, 469028
737185064, 737953065, 768001
738080950, 738594207, 513257
738712036, 739182321, 470285
739301064, 739774321, 473257
739891807, 740362093, 470286
740480036, 740946093, 466057
741063807, 741679807, 616000
741803007, 742305750, 502743
742423807, 742898207, 474400
743015921, 743483350, 467429
743600150, 744065864, 465714
744182093, 744649064, 466971
744767693, 745235007, 467314
745352721, 745998665, 645944
746124607, 746592836, 468229
746710207, 747180607, 470400
747298779, 747767921, 469142
747885407, 748353407, 468000
748471464, 748927464, 456000
749043578, 749767350, 723772
749894893, 750410322, 515429
750525864, 750817293, 291429
751106321, 751401636, 295315
751690321, 752169864, 479543
752288150, 752762664, 474514
752879236, 753348835, 469599
753611465, 754127122, 515657
754244379, 754704036, 459657
754820950, 755295350, 474400
755413864, 755884150, 470286
756002436, 756473636, 471200
756591693, 757061978, 470285
757179578, 757799350, 619772
757924379, 758401179, 476800
758519693, 758991579, 471886
759109979, 759581636, 471657
759700150, 760167578, 467428
760285178, 760752150, 466972
760871350, 761334435, 463085
761717065, 762265636, 548571
762385179, 762858779, 473600
762977293, 763447807, 470514
763565979, 764026778, 460799
764142778, 764609178, 466400
764728036, 765192150, 464114
765309750, 765954550, 644800
766079922, 766553293, 473371
766671350, 767144836, 473486
767266321, 767740150, 473829
767861407, 768330093, 468686
768449978, 768919350, 469372
769039350, 769646436, 607086
769772036, 770286550, 514514
770406322, 770882322, 476000
771001864, 771473864, 472000
771592836, 772063464, 470628
772183121, 772651693, 468572
772771350, 773240607, 469257
773360150, 774206436, 846286
774341064, 774852836, 511772
774971236, 775265179, 293943
775554321, 776030664, 476343
776148721, 776614893, 466172
777172150, 777899350, 727200
778028036, 778506664, 478628
778625064, 779090436, 465372
779207807, 779665521, 457714
779785064, 780256036, 470972
780373521, 780841064, 467543
780958550, 781424493, 465943
781681293, 782016379, 335086
782119007, 782753179, 634172
782876264, 783353407, 477143
783471350, 783941864, 470514
784059121, 784520150, 461029
784637978, 785105864, 467886
785223578, 786002436, 778858
786131122, 786633979, 502857
786749979, 787210779, 460800
787326893, 787619121, 292228
787907693, 788388950, 481257
788507464, 788979693, 472229
789097293, 789728493, 631200
789854436, 790345064, 490628
790462779, 790921522, 458743
791037750, 791504379, 466629
791621750, 792089636, 467886
792208036, 792679236, 471200
792797407, 793268835, 471428
793386778, 794024264, 637486
794150779, 794618322, 467543
794735922, 795202207, 466285
795319693, 795788036, 468343
795904607, 796370664, 466057
796488036, 796953521, 465485
797070664, 797813407, 742743
797942436, 798469179, 526743
798586893, 798881750, 294857
799172150, 799645407, 473257
799763236, 800230436, 467200
800348150, 800816264, 468114
800934207, 801401521, 467314
801673750, 802200950, 527200
802318779, 802789522, 470743
802907236, 803378779, 471543
803495807, 803959121, 463314
804077178, 804370093, 292915
804668836, 805143693, 474857
805265178, 805895350, 630172
806020836, 806499122, 478286
806616607, 807086779, 470172
807204836, 807675693, 470857
807793293, 808263236, 469943
808381178, 808847464, 466286
808965178, 809680950, 715772
809811579, 810351122, 539543
810466779, 810929864, 463085
811046207, 811514893, 468686
811633407, 812101521, 468114
812219807, 812685750, 465943
812804150, 813274093, 469943
813390778, 814039693, 648915
814165522, 814631579, 466057
814747807, 815202664, 454857
815318436, 815790436, 472000
815908721, 816377864, 469143
816495350, 816965750, 470400
817083578, 817696150, 612572
817821522, 818323464, 501942
818440722, 818901293, 460571
819017293, 819485864, 468571
819604036, 820075921, 471885
820193293, 820665178, 471885
820783464, 821250778, 467314
821368493, 822202207, 833714
822334322, 822851693, 517371
822969636, 823441979, 472343
823559693, 824019121, 459428
824135464, 824595807, 460343
824712378, 825181064, 468686
825298893, 825948836, 649943
826074093, 826548607, 474514
826666207, 827135693, 469486
827253407, 827544721, 291314
827848379, 828294321, 445942
828417064, 828890778, 473714
829009978, 829612836, 602858
829739007, 830244264, 505257
830360379, 830828036, 467657
830946207, 831416264, 470057
831534436, 831994550, 460114
832112378, 832581636, 469258
832699693, 833171693, 472000
833290435, 834107579, 817144
834239579, 834758893, 519314
834877179, 835350321, 473142
835468836, 835937636, 468800
836055007, 836528493, 473486
836647121, 837116607, 469486
837234093, 837872722, 638629
837997865, 838476722, 478857
838594664, 839063579, 468915
839180493, 839650207, 469714
839766436, 840228607, 462171
840344493, 840813636, 469143
840932036, 841396150, 464114
841652722, 842174322, 521600
842291464, 842761407, 469943
842879122, 843349750, 470628
843465864, 843926321, 460457
844043578, 844511350, 467772
844629521, 845099578, 470057
845218321, 845989750, 771429
846118322, 846620036, 501714
846736493, 847205179, 468686
847323921, 847793064, 469143
847910893, 848385293, 474400
848503464, 848973178, 469714
849091235, 849725750, 634515
849850779, 850340950, 490171
850458207, 850919236, 461029
851035579, 851504607, 469028
851622436, 852091578, 469142
852209521, 852676836, 467315
852794550, 853262893, 468343
853380835, 854028836, 648001
854153522, 854629179, 475657
854747350, 855210207, 462857
855327693, 855795921, 468228
855918321, 856387121, 468800
856506321, 856977864, 471543
857097293, 857833065, 735772
857962779, 858496722, 533943
858617179, 859089864, 472685
859209636, 859681064, 471428
859801179, 860272836, 471657
860392150, 860864264, 472114
860983693, 861595007, 611314
861723122, 862232722, 509600
862352607, 862817522, 464915
862934893, 863409407, 474514
863529636, 863994093, 464457
864113293, 864578207, 464914
864696607, 865158093, 461486
865898436, 866486893, 588457
866610093, 867083807, 473714
867201864, 867673179, 471315
867791350, 868087921, 296571
868393521, 868865521, 472000
868988264, 869633065, 644801
869852950, 870391579, 538629
870507922, 870980264, 472342
871097979, 871565521, 467542
871683579, 872151121, 467542
872268836, 872739007, 470171
872857521, 873151235, 293714
873439350, 874082436, 643086
874206093, 874499693, 293600
874803922, 875262321, 458399
875384721, 875852721, 468000
875970436, 876438550, 468114
876556721, 877015578, 458857
877131350, 877748950, 617600
877873065, 878357750, 484685
878475464, 878945864, 470400
879063464, 879534093, 470629
879652379, 880126093, 473714
880244036, 880707921, 463885
880823578, 881291235, 467657
881408493, 882237064, 828571
882369293, 882882322, 513029
882999350, 883468150, 468800
883583693, 884049293, 465600
884164950, 884625521, 460571
884743350, 885209635, 466285
885326435, 885974093, 647658
886099807, 886576836, 477029
886693636, 887158779, 465143
887274893, 887746436, 471543
887864836, 888329178, 464342
888447121, 888915121, 468000
889033635, 889633522, 599887
889756607, 890262436, 505829
890380036, 890844493, 464457
890962093, 891426893, 464800
891544950, 892004950, 460000
892122664, 892587121, 464457
892704950, 893174321, 469371
893291693, 894111236, 819543
894241864, 894750436, 508572
894866207, 895337407, 471200
895455464, 895927921, 472457
896045521, 896510778, 465257
896627121, 897082321, 455200
897198435, 897833407, 634972
897957979, 898430322, 472343
898545979, 899017407, 471428
899136264, 899599350, 463086
899716721, 900183578, 466857
900301521, 900771921, 470400
900889636, 901360150, 470514
901611693, 902122207, 510514
902239350, 902529522, 290172
902832493, 903296493, 464000
903417179, 903891579, 474400
904010093, 904473636, 463543
904591578, 905053293, 461715
905172950, 905934779, 761829
906063236, 906577293, 514057
906695579, 907164379, 468800
907282664, 907743921, 461257
907861407, 908332264, 470857
908450436, 908915921, 465485
909033978, 909651122, 617144
909776722, 910282779, 506057
910400607, 910877750, 477143
910995807, 911460721, 464914
911578779, 912043693, 464914
912161636, 912623921, 462285
912741293, 913204264, 462971
913320607, 913955236, 634629
914081179, 914559236, 478057
914676493, 915146321, 469828
915264264, 915733636, 469372
915852036, 916310893, 458857
916426778, 916886093, 459315
917002093, 917719007, 716914
917848493, 918382322, 533829
918500950, 918971007, 470057
919089864, 919559921, 470057
919678321, 920145750, 467429
920263236, 920729293, 466057
920845636, 921312264, 466628
921569407, 922093407, 524000
922218779, 922683007, 464228
922800379, 923269521, 469142
923387579, 923849293, 461714
923964836, 924429521, 464685
924547464, 925007235, 459771
925123578, 925773065, 649487
925897979, 926393064, 495085
926511693, 926981636, 469943
927100379, 927566093, 465714
927684036, 928154207, 470171
928272721, 928733864, 461143
928850093, 929319350, 469257
929708950, 930245979, 537029
930366664, 930835922, 469258
930954093, 931416493, 462400
931534550, 932008150, 473600
932126321, 932592264, 465943
932709750, 933176493, 466743
933294550, 933734665, 440115
934072607, 934556607, 484000
934678207, 935155007, 476800
935272721, 935741293, 468572
935859236, 936327464, 468228
936445636, 936909293, 463657
937026778, 937621293, 594515
937744722, 938252379, 507657
938370093, 938838093, 468000
938955693, 939415464, 459771
939531236, 939996036, 464800
940113750, 940580721, 466971
940698550, 941169407, 470857
941287921, 942055922, 768001
942183693, 942696836, 513143
942815464, 943282436, 466972
943399921, 943869293, 469372
943987921, 944455464, 467543
944572264, 945042664, 470400
945164607, 945792607, 628000
945918779, 946409293, 490514
946528607, 947001179, 472572
947120379, 947593979, 473600
947713636, 948185293, 471657
948305064, 948775350, 470286
948893636, 949361635, 467999
949616607, 950143922, 527315
950262893, 950735007, 472114
950854779, 951321750, 466971
951441179, 951910779, 469600
952030321, 952492721, 462400
952609864, 953078321, 468457
953197864, 953970207, 772343
954520836, 955087693, 566857
955213407, 955679350, 465943
955796836, 956263807, 466971
956381636, 956852493, 470857
956969521, 957588265, 618744
957715236, 958239464, 524228
958357979, 958819350, 461371
958935350, 959395921, 460571
959511579, 959985979, 474400
960103464, 960576264, 472800
960692836, 961159807, 466971
961275921, 961907807, 631886
962033636, 962509979, 476343
962627350, 963093064, 465714
963209293, 963675693, 466400
963793979, 964263578, 469599
964381750, 964847464, 465714
964965064, 965430893, 465829
965823122, 966374207, 551085
966490779, 966961750, 470971
967077864, 967546893, 469029
967665521, 968133064, 467543
968250436, 968719693, 469257
968837978, 969299807, 461829
969417293, 970068722, 651429
970194779, 970665522, 470743
970783122, 971253293, 470171
971371350, 971834436, 463086
971952379, 972420036, 467657
972538550, 973003578, 465028
973121064, 973746207, 625143
973870893, 974363007, 492114
974481179, 974949522, 468343
975067350, 975535007, 467657
975652493, 976117064, 464571
976233407, 976699807, 466400
976817407, 977288607, 471200
977406664, 978241064, 834400
978370436, 978885179, 514743
979003693, 979476607, 472914
979595007, 980065978, 470971
980184493, 980655578, 471085
980771464, 981235807, 464343
981354093, 981997293, 643200
982121407, 982589750, 468343
982707350, 983180379, 473029
983298207, 983770893, 472686
983889293, 984356836, 467543
984474436, 984943693, 469257
985061750, 985671693, 609943
985797179, 986300264, 503085
986417064, 986884836, 467772
987002093, 987472264, 470171
987589293, 988057293, 468000
988173521, 988468721, 295200
988760264, 989220721, 460457
989337293, 990119122, 781829
990247693, 990755922, 508229
990873293, 991349293, 476000
991467121, 991937179, 470058
992055464, 992522550, 467086
992640264, 993112835, 472571
993231464, 993864607, 633143
993989750, 994475007, 485257
994593064, 995058321, 465257
995176150, 995643350, 467200
995761407, 996230778, 469371
996348950, 996821293, 472343
996939236, 997400950, 461714
997674550, 998201864, 527314
998319922, 998785407, 465485
998902893, 999371921, 469028
999488836, 999955007, 466171
71807, 539464, 467657
655121, 1118893, 463772
1235807, 2013407, 777600
2141179, 2654436, 513257
2770550, 3240836, 470286
3357521, 3821979, 464458
3936721, 4401750, 465029
4517750, 4981750, 464000
5096835, 5710207, 613372
5835122, 6331922, 496800
6447922, 6917864, 469942
7034321, 7501979, 467658
7618779, 8086893, 468114
8204493, 8672721, 468228
8789178, 9261521, 472343
9378321, 10011807, 633486
10136722, 10609750, 473028
10728264, 11194093, 465829
11311121, 11784150, 473029
11901750, 12372150, 470400
12489064, 12958550, 469486
13075578, 13806207, 730629
13934322, 14468607, 534285
14586664, 15057407, 470743
15174550, 15647921, 473371
15765521, 16232607, 467086
16350207, 16816721, 466514
16933750, 17404264, 470514
17667465, 18196036, 528571
18314093, 18783350, 469257
18900607, 19369750, 469143
19485636, 19951807, 466171
20068721, 20537864, 469143
20655693, 21120721, 465028
21237635, 21865865, 628230
21990665, 22469864, 479199
22586779, 23057636, 470857
23175350, 23640379, 465029
23756950, 24227578, 470628
24345978, 24808378, 462400
24923578, 25392150, 468572
25770207, 26133064, 362857
26430550, 26901064, 470514
27018779, 27493293, 474514
27611236, 28080950, 469714
28198093, 28668493, 470400
28784150, 29246778, 462628
29364264, 30002893, 638629
30127464, 30421750, 294286
30706893, 31182779, 475886
31299921, 31770436, 470515
31887921, 32359464, 471543
32476721, 32944150, 467429
33061064, 33674322, 613258
33799236, 34290893, 491657
34405979, 34872722, 466743
34989750, 35459693, 469943
35576721, 36047121, 470400
36164836, 36627693, 462857
36747236, 37219578, 472342
37338435, 38167579, 829144
38300150, 38810436, 510286
38927007, 39399921, 472914
39519007, 39988150, 469143
40106207, 40582664, 476457
40701864, 41176493, 474629
41295121, 41945865, 650744
42072264, 42550322, 478058
42668722, 43137636, 468914
43256836, 43719007, 462171
43835464, 44305293, 469829
44424721, 44891807, 467086
45009978, 45613179, 603201
45740265, 46253750, 513485
46372607, 46849064, 476457
47399693, 47965521, 565828
48084607, 48551578, 466971
48668036, 49131578, 463542
49248378, 50036150, 787772
50164036, 50677522, 513486
50795007, 51267121, 472114
51383007, 51850207, 467200
51965979, 52434207, 468228
52551236, 53011807, 460571
53126550, 53760607, 634057
53885407, 54375007, 489600
54491807, 54964493, 472686
55082436, 55552150, 469714
55668607, 56136378, 467771
56254093, 56716378, 462285
56831578, 57296378, 464800
57413407, 58046893, 633486
58171236, 58640036, 468800
58757064, 59225636, 468572
59342664, 59809979, 467315
59926779, 60389864, 463085
60506893, 60973750, 466857
61090550, 61830093, 739543
61958436, 62485979, 527543
62601750, 63072721, 470971
63189636, 63661179, 471543
63778550, 64245521, 466971
64363121, 64827693, 464572
64944264, 65410893, 466629
65672836, 66194207, 521371
66310779, 66780722, 469943
66898207, 67366664, 468457
67483693, 67949750, 466057
68066550, 68542778, 476228
68660264, 69127121, 466857
69243921, 69873293, 629372
69998093, 70479236, 481143
70596036, 71069293, 473257
71187121, 71657864, 470743
71774664, 72248378, 473714
72365407, 72830321, 464914
72947007, 73412950, 465943
73786322, 74333979, 547657
74451007, 74919693, 468686
75037064, 75501064, 464000
75617979, 76082778, 464799
76200036, 76668036, 468000
76784721, 77254778, 470057
77372150, 78010779, 638629
78134436, 78605864, 471428
78723122, 79192836, 469714
79309864, 79780607, 470743
79897636, 80361521, 463885
80479007, 80949521, 470514
81065064, 81679236, 614172
81804493, 82125522, 321029
82421522, 82897064, 475542
83013407, 83481636, 468229
83598664, 84066207, 467543
84183236, 84653750, 470514
84771350, 85238435, 467085
85355007, 86192379, 837372
86324379, 86831579, 507200
86946893, 87421293, 474400
87539464, 88009064, 469600
88127236, 88595007, 467771
88712036, 89182778, 470742
89301750, 89945293, 643543
90069064, 90540607, 471543
90660150, 91129979, 469829
91247693, 91709636, 461943
91826664, 92299236, 472572
92417178, 92884378, 467200
93001750, 93607007, 605257
93732493, 94241522, 509029
94358207, 94823579, 465372
94939350, 95401407, 462057
95518321, 95985064, 466743
96102207, 96571921, 469714
96689064, 97160607, 471543
97278550, 98032264, 753714
98159236, 98668036, 508800
98783579, 99252493, 468914
99368150, 99843807, 475657
99961750, 100429064, 467314
100546321, 101015807, 469486
101133635, 101758436, 624801
101883922, 102375807, 491885
102494093, 102962436, 468343
103079921, 103549750, 469829
103667579, 104132036, 464457
104249407, 104719464, 470057
104838093, 105301407, 463314
105419007, 106059464, 640457
106185636, 106656722, 471086
106774779, 107243007, 468228
107361407, 107834093, 472686
107952721, 108423121, 470400
108540607, 109006093, 465486
109122321, 109861065, 738744
109988836, 110507007, 518171
110623922, 111089179, 465257
111207464, 111681407, 473943
111799236, 112269064, 469828
112386778, 112857864, 471086
112976150, 113438893, 462743
113700036, 114211236, 511200
114327350, 114797293, 469943
114915007, 115381750, 466743
115499693, 115791464, 291771
116106093, 116577864, 471771
116699464, 117163350, 463886
117281864, 117909750, 627886
118035236, 118504722, 469486
118621064, 119084950, 463886
119203464, 119674321, 470857
119791921, 120265407, 473486
120383578, 120852607, 469029
120970436, 121689179, 718743
121819922, 122371807, 551885
122489636, 122965636, 476000
123083579, 123551236, 467657
123669064, 124132607, 463543
124249864, 124718436, 468572
124836264, 125298207, 461943
125414893, 126056836, 641943
126180607, 126655007, 474400
126772722, 127242550, 469828
127360150, 127824721, 464571
127942436, 128410550, 468114
128528264, 128988264, 460000
129106435, 129732493, 626058
129861979, 130358207, 496228
130477064, 130949064, 472000
131066893, 131542436, 475543
131662436, 132128836, 466400
132247807, 132712264, 464457
132829978, 133293978, 464000
133413293, 134247579, 834286
134381064, 134892607, 511543
135011807, 135486893, 475086
135606207, 136078321, 472114
136197293, 136669407, 472114
136789407, 137260378, 470971
137380150, 138025179, 645029
138151007, 138625064, 474057
138744950, 139219921, 474971
139757179, 140324378, 567199
140450778, 140915921, 465143
141032493, 141637179, 604686
141761636, 142269293, 507657
142386893, 142860493, 473600
142976950, 143439464, 462514
143559007, 144034207, 475200
144151464, 144619464, 468000
144737178, 145202550, 465372
145320721, 146156722, 836001
146288950, 146803464, 514514
146921179, 147386207, 465028
147503693, 147976264, 472571
148094436, 148563578, 469142
148680493, 149147121, 466628
149263350, 149894436, 631086
150018550, 150494436, 475886
150612607, 151080036, 467429
151197750, 151666664, 468914
151783350, 152250778, 467428
152367350, 152833636, 466286
152949636, 153418550, 468914
153670893, 154186664, 515771
154303922, 154776264, 472342
154893864, 155366550, 472686
155484493, 155951693, 467200
156069178, 156536721, 467543
156655350, 157113293, 457943
157228950, 157999007, 770057
158127579, 158645522, 517943
158763464, 159233864, 470400
159352264, 159819350, 467086
159937064, 160406321, 469257
160523921, 160988264, 464343
161105750, 161739922, 634172
161865865, 162357064, 491199
162474779, 162941636, 466857
163059236, 163535807, 476571
163654207, 164116378, 462171
164232721, 164701178, 468457
164819350, 165283807, 464457
165401178, 166039464, 638286
166164264, 166634550, 470286
166752036, 167216150, 464114
167332721, 167800150, 467429
167918664, 168383807, 465143
168501978, 168968264, 466286
169086207, 169835122, 748915
169963693, 170496264, 532571
170614550, 171082321, 467771
171200721, 171668493, 467772
171785750, 172258778, 473028
172376264, 172842093, 465829
172960036, 173429407, 469371
173691693, 174214322, 522629
174331122, 174803922, 472800
174922664, 175392836, 470172
175510093, 175978664, 468571
176096493, 176390321, 293828
176493521, 177108035, 614514
177227121, 177856036, 628915
177982093, 178465293, 483200
178582893, 179051921, 469028
179169750, 179641293, 471543
179758550, 180228264, 469714
180346550, 180814893, 468343
180932607, 181400264, 467657
181778093, 182319236, 541143
182435693, 182904950, 469257
183023579, 183496036, 472457
183613750, 184082893, 469143
184201178, 184667693, 466515
184785521, 185255578, 470057
185373864, 186013179, 639315
186138664, 186604379, 465715
186722322, 187195121, 472799
187313293, 187777636, 464343
187894207, 188354664, 460457
188472378, 188944264, 471886
189061293, 189676607, 615314
189802436, 190126664, 324228
190423807, 190890550, 466743
191007350, 191472264, 464914
191591007, 192064378, 473371
192182321, 192652607, 470286
192768836, 193236493, 467657
193354550, 194184836, 830286
194315579, 194828950, 513371
194946893, 195411464, 464571
195529636, 195992150, 462514
196109521, 196580607, 471086
196698664, 197169293, 470629
197287121, 197931922, 644801
198058093, 198536836, 478743
198654893, 199121979, 467086
199241064, 199706893, 465829
199824493, 200286893, 462400
200402093, 200867693, 465600
200985750, 201284150, 298400
201386778, 202148607, 761829
202274664, 202752722, 478058
202870207, 203339579, 469372
203458207, 203916950, 458743
204033750, 204503464, 469714
204622321, 205092950, 470629
205210550, 205981636, 771086
206110093, 206611693, 501600
206727464, 207193636, 466172
207311579, 207778550, 466971
207896036, 208189293, 293257
208477864, 208952950, 475086
209071464, 209705979, 634515
209831579, 210322436, 490857
210441179, 210906207, 465028
211024264, 211494550, 470286
211612379, 212079350, 466971
212197293, 212491350, 294057
212593978, 213555922, 961944
213691350, 214243807, 552457
214360722, 214832036, 471314
214950436, 215417750, 467314
215535579, 215997978, 462399
216113864, 216581750, 467886
216699350, 217172721, 473371
217290550, 218138436, 847886
218268722, 218780379, 511657
218898207, 219371007, 472800
219491121, 219964836, 473715
220083921, 220556150, 472229
220675693, 221144264, 468571
221263235, 221892150, 628915
222018093, 222497636, 479543
222617522, 223090893, 473371
223210436, 223681636, 471200
223801293, 224271350, 470057
224390436, 224860607, 470171
224980378, 225581065, 600687
225709636, 226231350, 521714
226351579, 226827579, 476000
226946664, 227413979, 467315
227533179, 227998321, 465142
228117178, 228581864, 464686
229163578, 230048950, 885372
230180607, 230692036, 511429
230809864, 231282893, 473029
231401179, 231872493, 471314
231990207, 232459578, 469371
232576607, 233045750, 469143
233164035, 233795236, 631201
233920493, 234407236, 486743
234525179, 234999579, 474400
235117179, 235580607, 463428
235696721, 236164036, 467315
236281750, 236749178, 467428
236867350, 237335350, 468000
237589865, 237930779, 340914
238226779, 238672379, 445600
238792150, 239264036, 471886
239380721, 239847350, 466629
239964036, 240257293, 293257
240549407, 241022778, 473371
241140493, 241880379, 739886
242007693, 242521750, 514057
242636950, 243104379, 467429
243222436, 243694893, 472457
243813407, 244279007, 465600
244394893, 244865864, 470971
244984036, 245598322, 614286
245724836, 246228264, 503428
246345864, 246806893, 461029
246922893, 247386436, 463543
247504264, 247796036, 291772
248084150, 248559807, 475657
248678550, 249151007, 472457
249269635, 249904265, 634630
250028950, 250504950, 476000
250624036, 251087807, 463771
251206893, 251678779, 471886
251797521, 252271007, 473486
252389293, 252860378, 471085
252978436, 253449750, 471314
253822093, 254376950, 554857
254494893, 254965750, 470857
255083121, 255550893, 467772
255668721, 256136493, 467772
256253636, 256719121, 465485
256836721, 257296035, 459314
257411807, 258060264, 648457
258186436, 258658436, 472000
258776036, 259245179, 469143
259363350, 259830779, 467429
259948950, 260414778, 465828
260532607, 260998664, 466057
261116264, 261734093, 617829
261860607, 262348722, 488115
262466093, 262933522, 467429
263050893, 263530550, 479657
263648950, 264117864, 468914
264235921, 264700950, 465029
264818550, 265280035, 461485
265396150, 266227922, 831772
266360150, 266880607, 520457
266999236, 267473407, 474171
267590893, 268062550, 471657
268180607, 268651236, 470629
268768607, 269237978, 469371
269355578, 269999236, 643658
270124493, 270603122, 478629
270721864, 271192493, 470629
271309521, 271776836, 467315
271895464, 272366207, 470743
272483921, 272949521, 465600
273067350, 273689293, 621943
273815465, 274313293, 497828
274429636, 274897407, 467771
275014779, 275477293, 462514
275593979, 276062778, 468799
276180378, 276648378, 468000
276767350, 277233635, 466285
277351578, 278189636, 838058
278322436, 278835236, 512800
278953293, 279413979, 460686
279530093, 279985293, 455200
280101293, 280571464, 470171
280689521, 281164035, 474514
281281064, 281940607, 659543
282066436, 282546893, 480457
282664379, 283134207, 469828
283251693, 283716264, 464571
283833864, 284300607, 466743
284419121, 284888150, 469029
285006093, 285611693, 605600
285737293, 286248036, 510743
286366779, 286658664, 291885
286950436, 287419464, 469028
287538207, 288004721, 466514
288121407, 288592150, 470743
288710664, 289176493, 465829
289293750, 290111350, 817600
290241750, 290757522, 515772
290875693, 291345407, 469714
291463579, 291935236, 471657
292053636, 292516264, 462628
292632264, 293095921, 463657
293213750, 293849522, 635772
293975236, 294458207, 482971
294576150, 295046207, 470057
295163921, 295632036, 468115
295749636, 296218550, 468914
296336950, 296797407, 460457
296913293, 297379921, 466628
297632150, 298144836, 512686
298261522, 298731122, 469600
298849522, 299321636, 472114
299439807, 299906550, 466743
300024150, 300490207, 466057
300608036, 301074550, 466514
301192150, 301964722, 772572
302093293, 302604036, 510743
302721522, 303185293, 463771
303302893, 303776036, 473143
303894207, 304366207, 472000
304483693, 304952836, 469143
305071007, 305695579, 624572
305821293, 306313522, 492229
306429522, 306894779, 465257
307012607, 307479236, 466629
307596950, 308062321, 465371
308181521, 308654436, 472915
308774093, 309246321, 472228
309365521, 310004379, 638858
310130664, 310601979, 471315
310721293, 311194093, 472800
311314207, 311779921, 465714
311897179, 312190321, 293142
312478093, 312946893, 468800
313066435, 313805179, 738744
313935122, 314477522, 542400
314596836, 315073407, 476571
315192721, 315665750, 473029
315785293, 316256493, 471200
316375121, 316845064, 469943
316963921, 317260493, 296572
318143807, 318729407, 585600
318851236, 319315579, 464343
319432036, 319898436, 466400
320016836, 320476493, 459657
320592264, 321062435, 470171
321180035, 321831693, 651658
321957407, 322443007, 485600
322560950, 323032493, 471543
323150664, 323625293, 474629
323743121, 324205521, 462400
324321178, 324784036, 462858
324900607, 325193293, 292686
326032493, 326618322, 585829
326741750, 327212607, 470857
327330321, 327798093, 467772
327916721, 328382893, 466172
328500150, 328967693, 467543
329085750, 329734779, 649029
329860722, 330358550, 497828
330477064, 330948036, 470972
331066436, 331528836, 462400
331647350, 332117750, 470400
332236378, 332702093, 465715
332820150, 333288493, 468343
333407007, 334050550, 643543
334175922, 334645179, 469257
334761864, 335227807, 465943
335345179, 335807693, 462514
335923236, 336389750, 466514
336507693, 336976721, 469028
337095578, 337840493, 744915
337968265, 338497636, 529371
338615922, 339082893, 466971
339200721, 339666664, 465943
339784036, 340257064, 473028
340375464, 340844607, 469143
340962778, 341427807, 465029
341689065, 342209750, 520685
342327922, 342795464, 467542
342913636, 343380264, 466628
343497521, 343964036, 466515
344080721, 344546207, 465486
344663807, 344960036, 296229
345262893, 345905750, 642857
346034893, 346507122, 472229
346624493, 347092493, 468000
347210550, 347672036, 461486
347789636, 348256493, 466857
348374664, 348842664, 468000
348959236, 349425178, 465942
349849065, 350411122, 562057
350529064, 350996607, 467543
351114093, 351574550, 460457
351690207, 352159350, 469143
352277750, 352745064, 467314
352862093, 353155007, 292914
353585865, 354104150, 518285
354224722, 354688607, 463885
354806893, 355276950, 470057
355395121, 355863579, 468458
355981293, 356452721, 471428
356571121, 357033750, 462629
357151235, 357775922, 624687
357899922, 358374664, 474742
358492264, 358965979, 473715
359084036, 359556036, 472000
359674207, 360141064, 466857
360258550, 360727578, 469028
360845407, 361304264, 458857
361420150, 362209636, 789486
362337179, 362802207, 465028
362919693, 363392379, 472686
363509979, 363972493, 462514
364088264, 364559693, 471429
364677750, 365149750, 472000
365267807, 365923465, 655658
366049407, 366518207, 468800
366636036, 367096721, 460685
367213179, 367679350, 466171
367797064, 368270321, 473257
368388950, 368855578, 466628
368972378, 369446207, 473829
369700607, 370222893, 522286
370340036, 370803807, 463771
370920607, 371385179, 464572
371502664, 371971807, 469143
372090093, 372561521, 471428
372679236, 373151578, 472342
373269864, 374035236, 765372
374163579, 374676264, 512685
374794664, 375262779, 468115
375380150, 375848493, 468343
375965407, 376425064, 459657
376544836, 377003464, 458628
377120035, 377752379, 632344
377878436, 378371350, 492914
378489522, 378961407, 471885
379079464, 379545750, 466286
379663693, 380131693, 468000
380248607, 380711464, 462857
380829064, 381297978, 468914
381416607, 382058436, 641829
382183693, 382656264, 472571
382773979, 383241750, 467771
383359236, 383832036, 472800
383950321, 384420950, 470629
384538778, 385012035, 473257
385130893, 385863122, 732229
385990322, 386511007, 520685
386629293, 387097179, 467886
387214550, 387681293, 466743
387799007, 388262893, 463886
388380493, 388850436, 469943
388968607, 389572836, 604229
389700607, 390211350, 510743
390328379, 390790893, 462514
390908379, 391375921, 467542
391494321, 391963693, 469372
392081750, 392553064, 471314
392671578, 393132264, 460686
393250664, 393864150, 613486
393988150, 394472607, 484457
394590893, 395058664, 467771
395175921, 395648150, 472229
395765979, 396232493, 466514
396350207, 396810893, 460686
396927007, 397386664, 459657
397775236, 398316836, 541600
398435350, 398902436, 467086
399021750, 399490207, 468457
399609521, 400073407, 463886
400192607, 400663578, 470971
400781407, 401257978, 476571
401377750, 402024607, 646857
402150893, 402628264, 477371
402747807, 403223921, 476114
403343350, 403812036, 468686
403931693, 404402207, 470514
404521750, 404989521, 467771
405108721, 405727007, 618286
405852150, 406336150, 484000
406878436, 407436950, 558514
407563921, 408024607, 460686
408141978, 408615578, 473600
408733750, 409196950, 463200
409313293, 410179236, 865943
410311236, 410820264, 509028
410936493, 411399007, 462514
411516379, 411979121, 462742
412097293, 412563807, 466514
412681978, 413152835, 470857
413271007, 413901522, 630515
414025407, 414498207, 472800
414613864, 415086779, 472915
415204036, 415673521, 469485
415791464, 416264721, 473257
416383350, 416854550, 471200
416971921, 417443693, 471772
417697407, 418204836, 507429
418321179, 418784493, 463314
418901064, 419369636, 468572
419487693, 419963579, 475886
420081750, 420552378, 470628
420669978, 421134893, 464915
421252607, 422025064, 772457
422153636, 422661522, 507886
422779350, 423253636, 474286
423371236, 423838321, 467085
423957179, 424250093, 292914
424548950, 425024721, 475771
425146321, 425779122, 632801
425903693, 426391122, 487429
426509407, 426973979, 464572
427089636, 427556950, 467314
427674436, 428143807, 469371
428261407, 428724150, 462743
428841521, 429306550, 465029
429422664, 430063693, 641029
430188950, 430661522, 472572
430779693, 431247350, 467657
431365179, 431836607, 471428
431954893, 432419007, 464114
432536493, 433000493, 464000
433116835, 433856950, 740115
433985065, 434328607, 343542
434643007, 435106321, 463314
435227921, 435700950, 473029
435818664, 436289636, 470972
436407807, 436868264, 460457
436985178, 437825179, 840001
437956950, 438485636, 528686
438601636, 439071464, 469828
439189750, 439658779, 469029
439776150, 440244493, 468343
440362321, 440829636, 467315
440946436, 441411578, 465142
441671807, 442179122, 507315
442295464, 442773064, 477600
442890664, 443366093, 475429
443483693, 443954664, 470971
444073178, 444541978, 468800
444659578, 445123921, 464343
445242321, 446012722, 770401
446140607, 446653636, 513029
446771350, 447240607, 469257
447357979, 447830093, 472114
447948150, 448409178, 461028
448524950, 448991578, 466628
449109407, 449735579, 626172
449859693, 450354436, 494743
450473064, 450943236, 470172
451061179, 451533521, 472342
451651236, 452117178, 465942
452235350, 452706321, 470971
452824950, 453289750, 464800
453407464, 454044493, 637029
454170093, 454640036, 469943
454757636, 455228950, 471314
455347350, 455814436, 467086
455932150, 456397064, 464914
456513750, 456970093, 456343
457085978, 457721293, 635315
457939236, 458476607, 537371
458595122, 459057979, 462857
459175693, 459647121, 471428
459765750, 460236607, 470857
460354664, 460820378, 465714
460938093, 461403464, 465371
461666207, 462179350, 513143
462296264, 462767122, 470858
462885522, 463355807, 470285
463473293, 463944493, 471200
464062321, 464528607, 466286
464644836, 465112035, 467199
465230550, 465855922, 625372
465980950, 466464150, 483200
466581864, 467049064, 467200
467167350, 467637750, 470400
467756036, 468223236, 467200
468341293, 468808378, 467085
468924721, 469388035, 463314
469770665, 470312264, 541599
470429750, 470892036, 462286
471009636, 471471807, 462171
471587693, 472058778, 471085
472177178, 472648836, 471658
472767007, 473235007, 468000
473352607, 474003579, 650972
474128950, 474596493, 467543
474713750, 475182321, 468571
475300036, 475771464, 471428
475889636, 476363578, 473942
476481978, 476949636, 467658
477066893, 477686779, 619886
477812493, 478300836, 488343
478418893, 478887236, 468343
479005179, 479470664, 465485
479588264, 480056378, 468114
480174664, 480641064, 466400
480757521, 481226550, 469029
481343235, 482176493, 833258
482308493, 482823464, 514971
482941522, 483410093, 468571
483528264, 483993293, 465029
484109407, 484575464, 466057
484692721, 485163578, 470857
485281064, 485921407, 640343
486046436, 486523807, 477371
486646093, 487115464, 469371
487234436, 487696607, 462171
487814207, 488283007, 468800
488402321, 488868036, 465715
488985750, 489584493, 598743
489712379, 490226779, 514400
490346207, 490823464, 477257
490943807, 491406893, 463086
491525293, 491997521, 472228
492117407, 492586321, 468914
492705864, 493172835, 466971
493291464, 494114436, 822972
494246436, 494763350, 516914
494883579, 495361864, 478285
495481407, 495955007, 473600
496527350, 497084835, 557485
497203578, 497848722, 645144
497974093, 498455236, 481143
498573064, 499041864, 468800
499159693, 499624264, 464571
499743464, 500215693, 472229
500334321, 500802207, 467886
500919921, 501389064, 469143
501646093, 502167579, 521486
502284607, 502756493, 471886
502875122, 503345293, 470171
503462779, 503927579, 464800
504044378, 504515007, 470629
504633750, 505096493, 462743
505212378, 505990665, 778287
506119122, 506631922, 512800
506750207, 507220264, 470057
507337979, 507798436, 460457
507914207, 508375807, 461600
508492721, 508958093, 465372
509075807, 509704607, 628800
509830322, 510319350, 489028
510436036, 510907122, 471086
511025407, 511492379, 466972
511609979, 512082550, 472571
512200607, 512671236, 470629
512788721, 513258321, 469600
513376950, 514006436, 629486
514130436, 514609522, 479086
514728036, 515190321, 462285
515306207, 515773064, 466857
515891007, 516359350, 468343
516476607, 516950093, 473486
517068150, 517816722, 748572
517945750, 518480950, 535200
518599693, 519065636, 465943
519182893, 519476379, 293486
519578893, 520197750, 618857
520317178, 520782436, 465258
520899807, 521370093, 470286
521634779, 522161864, 527085
522280836, 522754893, 474057
522873179, 523342436, 469257
523460150, 523933750, 473600
524051578, 524518893, 467315
524636950, 525108378, 471428
525226207, 525862665, 636458
525989293, 526469522, 480229
526587350, 527054093, 466743
527172379, 527643350, 470971
527761521, 528229978, 468457
528347807, 528809750, 461943
528925636, 529381864, 456228
529763236, 530310779, 547543
530428379, 530895350, 466971
531013750, 531476036, 462286
531593521, 532067693, 474172
532186436, 532656493, 470057
532774093, 533245407, 471314
533362893, 534001864, 638971
534125636, 534602664, 477028
534720493, 535185293, 464800
535301064, 535592036, 290972
535886550, 536365750, 479200
536487350, 536959350, 472000
537077064, 537700493, 623429
537826322, 538323350, 497028
538441750, 538907122, 465372
539024036, 539490779, 466743
539608264, 540070778, 462514
540186436, 540476036, 289600
540577978, 541187007, 609029
541305293, 542132722, 827429
542265064, 542783579, 518515
542901064, 543372493, 471429
543490550, 543955236, 464686
544072493, 544542321, 469828
544661064, 545125064, 464000
545242893, 545881065, 638172
546006322, 546485407, 479085
546602322, 547064036, 461714
547180493, 547653407, 472914
547771693, 548239807, 468114
548357293, 548826664, 469371
548944150, 549408493, 464343
549662665, 550174664, 511999
550291579, 550757522, 465943
550875922, 551349407, 473485
551468150, 551938664, 470514
552056264, 552525750, 469486
552644036, 553107464, 463428
553225178, 553993407, 768229
554122093, 554629293, 507200
554747122, 555217521, 470399
555335236, 555807579, 472343
555924950, 556398436, 473486
556516836, 556984150, 467314
557101407, 557722322, 620915
557846779, 558343122, 496343
558460950, 558926093, 465143
559043464, 559515007, 471543
559633750, 560096836, 463086
560213178, 560679464, 466286
560797178, 561262550, 465372
561380035, 562011464, 631429
562135693, 562594207, 458514
562710779, 563171693, 460914
563289293, 563757864, 468571
563875921, 564350093, 474172
564468950, 564937407, 468457
565054893, 565783693, 728800
565911693, 566425864, 514171
566543579, 567021521, 477942
567139350, 567608150, 468800
567726321, 568186550, 460229
568304150, 568767007, 462857
568883236, 569351464, 468228
569615236, 570143922, 528686
570262093, 570731807, 469714
570849979, 571319579, 469600
571438436, 571899921, 461485
572018207, 572487807, 469600
572606550, 573067350, 460800
573183350, 573808950, 625600
573933979, 574420036, 486057
574538664, 575004721, 466057
575122093, 575592379, 470286
575711464, 576187807, 476343
576307921, 576776150, 468229
576893407, 577360835, 467428
577752379, 578307464, 555085
578427693, 578901407, 473714
579021064, 579489293, 468229
579608264, 580073864, 465600
580191921, 580661178, 469257
580780493, 581250207, 469714
581369864, 582019464, 649600
582145179, 582619579, 474400
582739236, 583203121, 463885
583321407, 583789179, 467772
583908493, 584377978, 469485
585037178, 585790893, 753715
585920150, 586413293, 493143
586530779, 586996264, 465485
587113750, 587580607, 466857
587698550, 588166436, 467886
588283921, 588753064, 469143
588870778, 589341064, 470286
589726550, 590272950, 546400
590396607, 590688607, 292000
590975922, 591452950, 477028
591570550, 592044264, 473714
592162207, 592624721, 462514
592742664, 593215235, 472571
593332950, 593981065, 648115
594106436, 594578207, 471771
594695579, 595164379, 468800
595282436, 595748264, 465828
595865521, 596161864, 296343
596264836, 596895578, 630742
597012950, 597611122, 598172
597735579, 598246893, 511314
598365407, 598835007, 469600
598952836, 599422093, 469257
599540721, 600004950, 464229
600122664, 600591693, 469029
600709864, 601177407, 467543
601295007, 602122322, 827315
602254436, 602779807, 525371
602897636, 603368950, 471314
603486436, 603952379, 465943
604070207, 604543464, 473257
604661978, 605133293, 471315
605251121, 605880379, 629258
606005979, 606479807, 473828
606597750, 607067121, 469371
607185521, 607655007, 469486
607772150, 608242321, 470171
608358207, 608824950, 466743
608941636, 609413407, 471771
609673522, 610200036, 526514
610318093, 610791122, 473029
610909979, 611373407, 463428
611489407, 611963121, 473714
612081178, 612550778, 469600
612668378, 613139807, 471429
613258093, 614011693, 753600
614139579, 614648836, 509257
614767122, 615237864, 470742
615355921, 615829179, 473258
615947121, 616415693, 468572
616533750, 617003578, 469828
617121978, 617742893, 620915
617868265, 618361750, 493485
618479922, 618951350, 471428
619068950, 619365750, 296800
619656721, 620133636, 476915
620251807, 620721978, 470171
620839464, 621306435, 466971
621424264, 622072722, 648458
622197864, 622665864, 468000
622783693, 623251350, 467657
623368950, 623841407, 472457
623959693, 624427807, 468114
624545864, 625015007, 469143
625133407, 625877293, 743886
626004950, 626517407, 512457
626634436, 627107121, 472685
627224836, 627698207, 473371
627816264, 628283807, 467543
628401407, 628865864, 464457
628982093, 629598436, 616343
629724836, 630243007, 518171
630360950, 630832264, 471314
630949979, 631417521, 467542
631535807, 632002207, 466400
632120150, 632589178, 469028
632707921, 633171464, 463543
633288835, 634058207, 769372
634188379, 634701864, 513485
634819122, 635286093, 466971
635403579, 635865636, 462057
635983007, 636454550, 471543
636572721, 637045064, 472343
637163007, 637938093, 775086
638065864, 638571350, 505486
638687122, 639157979, 470857
639275921, 639744950, 469029
639862664, 640333521, 470857
640451578, 640917064, 465486
641034550, 641659465, 624915
641785522, 642294322, 508800
642411236, 642878436, 467200
642995464, 643462779, 467315
643580607, 644054207, 473600
644173064, 644642093, 469029
644759921, 645228721, 468800
645346550, 645975465, 628915
646100722, 646569522, 468800
646686664, 647151464, 464800
647270093, 647740721, 470628
647857293, 648328950, 471657
648444950, 648909864, 464914
649025978, 649737865, 711887
649867007, 650398550, 531543
650516722, 650976836, 460114
651093064, 651558893, 465829
651677064, 652148150, 471086
652267007, 652736150, 469143
652855350, 653326207, 470857
653585293, 654095579, 510286
654218779, 654689864, 471085
654808036, 655281293, 473257
655399921, 655864493, 464572
655980264, 656448264, 468000
656566550, 656861293, 294743
656964264, 657728607, 764343
657854550, 658363236, 508686
658481293, 658953407, 472114
659071921, 659544036, 472115
659661750, 660130550, 468800
660247807, 660711921, 464114
660830093, 661300950, 470857
661418435, 662214550, 796115
662346893, 662832264, 485371
662950207, 663421864, 471657
663539693, 664001064, 461371
664117178, 664582207, 465029
664701636, 665163464, 461828
665281178, 665917979, 636801
666043464, 666518893, 475429
666637636, 667114664, 477028
667235007, 667704150, 469143
667823350, 668285521, 462171
668403121, 668863807, 460686
668982778, 669450664, 467886
669707122, 670230893, 523771
670350322, 670826779, 476457
670946436, 671412950, 466514
671530321, 672000150, 469829
672119578, 672586207, 466629
672704493, 673176264, 471771
674057064, 674645636, 588572
674775579, 675247464, 471885
675365750, 675838664, 472914
675956950, 676428150, 471200
676545978, 677013407, 467429
677131578, 677767236, 635658
677892379, 678373750, 481371
678490322, 678959236, 468914
679076836, 679545064, 468228
679663236, 680133521, 470285
680251693, 680721064, 469371
680838436, 681298093, 459657
681413864, 682055122, 641258
682180836, 682651464, 470628
682769293, 683236036, 466743
683353864, 683826550, 472686
683944493, 684415807, 471314
684534893, 685000378, 465485
685116721, 685876265, 759544
686004264, 686529407, 525143
686646779, 687115579, 468800
687234321, 687702321, 468000
687820264, 688287350, 467086
688405864, 688873750, 467886
688991236, 689603465, 612229
689729407, 690242207, 512800
690359807, 690831807, 472000
690950664, 691421407, 470743
691539236, 692005864, 466628
692123693, 692592036, 468343
692709750, 693179235, 469485
693297750, 693923579, 625829
694047464, 694345522, 298058
694633750, 695098779, 465029
695216950, 695680036, 463086
695797179, 696265978, 468799
696384836, 696851236, 466400
696968493, 697440264, 471771
697813750, 698362664, 548914
698480264, 698956607, 476343
699074664, 699547236, 472572
699665407, 700128150, 462743
700245064, 700541521, 296457
700836607, 701311007, 474400
701432493, 702077979, 645486
702201293, 702658779, 457486
702774893, 703237407, 462514
703355236, 703829864, 474628
703947579, 704419807, 472228
704537407, 704999007, 461600
705116950, 705732722, 615772
705858322, 706354664, 496342
706472836, 706944607, 471771
707062550, 707534436, 471886
707652036, 708121750, 469714
708238093, 708703807, 465714
708821521, 709286093, 464572
709403921, 710230664, 826743
710361864, 710879122, 517258
710996607, 711458321, 461714
711574664, 712048150, 473486
712165178, 712624836, 459658
712744721, 713213064, 468343
713329750, 713977522, 647772
714102550, 714570322, 467772
714688150, 715153179, 465029
715270664, 715740150, 469486
715857979, 716331693, 473714
716449864, 716918321, 468457
717036493, 717636150, 599657
717760150, 718257750, 497600
718374436, 718839464, 465028
718957407, 719428607, 471200
719547236, 720015921, 468685
720132721, 720596950, 464229
720715007, 721175007, 460000
721291693, 722123922, 832229
722255122, 722586093, 330971
722897979, 723352493, 454514
723474093, 723950550, 476457
724069521, 724538664, 469143
724655807, 725125978, 470171
725243350, 725867350, 624000
725992950, 726473636, 480686
726591693, 727056721, 465028
727174207, 727642550, 468343
727760493, 728229407, 468914
728347807, 728813407, 465600
728931464, 729396493, 465029
729653179, 730169750, 516571
730287350, 730757293, 469943
730875236, 731347579, 472343
731465979, 731934893, 468914
732053064, 733040835, 987771
733177293, 734053750, 876457
734185179, 734696607, 511428
734813407, 735276379, 462972
735394207, 735861064, 466857
735979693, 736440721, 461028
736558436, 737030321, 471885
737149178, 737785065, 635887
737910665, 738404379, 493714
738522664, 738987922, 465258
739106093, 739577636, 471543
739696264, 740161978, 465714
740279807, 740750436, 470629
740869521, 741337521, 468000
741588950, 742111807, 522857
742237179, 742708493, 471314
742826779, 743297750, 470971
743415807, 743877979, 462172
743995807, 744461521, 465714
744579121, 745045978, 466857
745163921, 745931350, 767429
746059236, 746561522, 502286
746677636, 747151007, 473371
747269750, 747737521, 467771
747854664, 748324950, 470286
748442550, 748906664, 464114
749024035, 749648722, 624687
749773293, 750266322, 493029
750382207, 750857407, 475200
750975922, 751444607, 468685
751561979, 752030893, 468914
752148150, 752612836, 464686
752730664, 753201064, 470400
753318550, 753956722, 638172
754084950, 754561064, 476114
754680493, 755150893, 470400
755270093, 755743579, 473486
755862893, 756333064, 470171
756452264, 756918436, 466172
757037178, 757769636, 732458
757899693, 758426550, 526857
758546550, 759016836, 470286
759136721, 759605064, 468343
759722664, 760192264, 469600
760311921, 760778093, 466172
760896493, 761365750, 469257
761631350, 762163236, 531886
762283236, 762755007, 471771
762873864, 763171007, 297143
763982436, 764359921, 377485
764688607, 765165064, 476457
765287350, 765943807, 656457
766069750, 766550322, 480572
766668836, 767138436, 469600
767256607, 767727464, 470857
767845636, 768309978, 464342
768425750, 768894093, 468343
769011121, 769731122, 720001
769858550, 770392950, 534400
770510550, 770973979, 463429
771090550, 771559921, 469371
771678321, 772143921, 465600
772261750, 772731693, 469943
772849521, 773319921, 470400
773577407, 774108264, 530857
774234664, 774697864, 463200
774813979, 775283121, 469142
775401293, 775860607, 459314
775976150, 776444950, 468800
776563350, 777031350, 468000
777147921, 777771807, 623886
777898093, 778381864, 483771
778500150, 778964150, 464000
779081750, 779372150, 290400
779681293, 780160264, 478971
780283350, 780758321, 474971
780876950, 781345750, 468800
781731693, 782275579, 543886
782392493, 782862436, 469943
782981064, 783276036, 294972
783575007, 784051578, 476571
784172950, 784645521, 472571
784762778, 785235578, 472800
785354207, 785991922, 637715
786117179, 786585636, 468457
786702893, 787165750, 462857
787283350, 787757293, 473943
787875236, 788347464, 472228
788465407, 788935121, 469714
789053407, 789664379, 610972
789789750, 790291464, 501714
790409522, 790870322, 460800
790987579, 791457064, 469485
791574664, 792046664, 472000
792164836, 792637636, 472800
792756493, 793223578, 467085
793341064, 794184264, 843200
794313522, 794820264, 506742
794938207, 795405979, 467772
795523693, 795988150, 464457
796104607, 796573636, 469029
796692036, 797157293, 465257
797273293, 797897293, 624000
798022093, 798505522, 483429
798623464, 799094550, 471086
799212379, 799686550, 474171
799804607, 800264836, 460229
800380721, 800847464, 466743
800965293, 801431350, 466057
801686779, 802204379, 517600
802321636, 802787122, 465486
802905064, 803369979, 464915
803487693, 803958779, 471086
804076607, 804548607, 472000
804667007, 805134207, 467200
805252035, 806023236, 771201
806151807, 806666322, 514515
806783922, 807254321, 470399
807372607, 807839007, 466400
807955121, 808420836, 465715
808538093, 809008607, 470514
809126207, 809763007, 636800
809888950, 810385522, 496572
810503579, 810970550, 466971
811088493, 811558550, 470057
811677064, 812142778, 465714
812259236, 812727693, 468457
812844150, 813309635, 465485
813427578, 814076493, 648915
814201179, 814671579, 470400
814790207, 815254893, 464686
815373179, 815839807, 466628
815958321, 816431464, 473143
816549978, 817018550, 468572
817136607, 817876265, 739658
818003693, 818523922, 520229
818640493, 819103807, 463314
819221979, 819688379, 466400
819804607, 820269178, 464571
820387236, 820854778, 467542
820972721, 821581293, 608572
821708493, 822217636, 509143
822334779, 822804950, 470171
822922207, 823389179, 466972
823507007, 823966550, 459543
824083007, 824557178, 474171
824675921, 825143807, 467886
825260035, 825874665, 614630
825999236, 826468722, 469486
826584493, 827055236, 470743
827173750, 827645864, 472114
827764036, 828232264, 468228
828350778, 828818321, 467543
828936036, 829395807, 459771
829778550, 830318436, 539886
830435579, 830904950, 469371
831022436, 831487007, 464571
831603693, 832070778, 467085
832188378, 832659464, 471086
832777978, 833244035, 466057
833361521, 834012150, 650629
834137522, 834608264, 470742
834725636, 835193293, 467657
835310893, 835774093, 463200
835891350, 836353864, 462514
836470778, 836929407, 458629
837046893, 837659693, 612800
837784379, 838297522, 513143
838416264, 838884493, 468229
839001864, 839466893, 465029
839583693, 840051350, 467657
840168493, 840641864, 473371
840759578, 841226321, 466743
841342435, 842186550, 844115
842317407, 842838322, 520915
842960493, 843436150, 475657
843555693, 843850893, 295200
843955579, 844576493, 620914
844696264, 845171350, 475086
845290550, 845939465, 648915
846066436, 846549064, 482628
846668836, 847132950, 464114
847253064, 847723579, 470515
847841979, 848137750, 295771
848429750, 848900607, 470857
849020721, 849624379, 603658
849752150, 850269064, 516914
850387922, 850860379, 472457
850979579, 851451921, 472342
851571807, 852040378, 468571
852604607, 853161521, 556914
853281864, 854074664, 792800
854202664, 854713407, 510743
854832379, 855300264, 467885
855417521, 855881979, 464458
855998436, 856453750, 455314
856569978, 857039350, 469372
857157521, 857789293, 631772
857914779, 858401864, 487085
858519807, 858987007, 467200
859103693, 859569407, 465714
859687236, 859975579, 288343
860293521, 860764378, 470857
860885750, 861356835, 471085
861613179, 862139007, 525828
862257522, 862729064, 471542
862847122, 863311579, 464457
863429521, 863893979, 464458
864010093, 864476036, 465943
864593407, 865056150, 462743
865172493, 865922207, 749714
866050207, 866568950, 518743
866685064, 867147464, 462400
867265179, 867736379, 471200
867854321, 868325750, 471429
868443350, 868910778, 467428
869028607, 869317407, 288800
869419693, 870211693, 792000
870338207, 870809979, 471772
870926550, 871393407, 466857
871511464, 871976721, 465257
872094436, 872558321, 463885
872674436, 873141978, 467542
873259578, 873891465, 631887
874016722, 874494436, 477714
874610207, 875079464, 469257
875198321, 875665407, 467086
875782779, 876251578, 468799
876369978, 876838436, 468458
876956150, 877424378, 468228
877799122, 878347122, 548000
878464264, 878938550, 474286
879057636, 879528379, 470743
879645750, 880116721, 470971
880234664, 880704264, 469600
880822093, 881284150, 462057
881400607, 882038779, 638172
882163807, 882641293, 477486
882759122, 883235121, 475999
883353407, 883821179, 467772
883938893, 884410436, 471543
884528607, 884996950, 468343
885115350, 885738779, 623429
885865179, 886353293, 488114
886470893, 886763922, 293029
886867122, 890632836, 3765714
890765179, 891289407, 524228
891407236, 891875921, 468685
891992950, 892454550, 461600
892570207, 893037750, 467543
893156150, 893956036, 799886
894085636, 894604379, 518743
894721979, 895189864, 467885
895307807, 895781636, 473829
895899693, 896362436, 462743
896480493, 896948378, 467885
897065978, 897679236, 613258
897802207, 898296493, 494286
898414322, 898872493, 458171
898989522, 899448379, 458857
899565179, 900024378, 459199
900142664, 900614093, 471429
900731921, 901192493, 460572
901309750, 902150779, 841029
902283350, 902801979, 518629
902919807, 903383693, 463886
903499693, 903972493, 472800
904091007, 904558207, 467200
904675578, 905149635, 474057
905268035, 905891122, 623087
906015807, 906492836, 477029
906609179, 907072150, 462971
907189636, 907657179, 467543
907774779, 908232836, 458057
908348950, 908820150, 471200
908938321, 909401293, 462972
909655807, 910168722, 512915
910286093, 910754322, 468229
910872493, 911343807, 471314
911460264, 911930207, 469943
912048036, 912344264, 296228
912634436, 913096150, 461714
913212264, 913981522, 769258
914109522, 914619579, 510057
914737750, 915195807, 458057
915311921, 915783921, 472000
915901864, 916372378, 470514
916490093, 916959350, 469257
917077635, 917700722, 623087
917826093, 918323464, 497371
918441064, 918904722, 463658
919021064, 919480721, 459657
919596950, 920061293, 464343
920178664, 920648264, 469600
920765178, 921232721, 467543
921350550, 921988607, 638057
922114664, 922578322, 463658
922694093, 923167464, 473371
923286093, 923752836, 466743
923870550, 924342321, 471771
924460607, 924930436, 469829
925048264, 925793636, 745372
925922893, 926447122, 524229
926562893, 927033750, 470857
927152150, 927444150, 292000
927736836, 928203350, 466514
928320836, 928785178, 464342
928901178, 929361064, 459886
929621750, 930141636, 519886
930259693, 930733979, 474286
930851693, 931328264, 476571
931446207, 931916379, 470172
932034550, 932505407, 470857
932623350, 933087807, 464457
933205635, 933836722, 631087
933962436, 934443122, 480686
934560722, 934856036, 295314
935152950, 935595350, 442400
935715921, 936190550, 474629
936310093, 936778436, 468343
936897864, 937367693, 469829
937756836, 938299007, 542171
938417407, 938877750, 460343
938995236, 939469407, 474171
939589521, 940055807, 466286
940175007, 940645293, 470286
940765750, 941238664, 472914
941358664, 942024150, 665486
942150779, 942624722, 473943
942743579, 943214093, 470514
943333521, 943808836, 475315
944364836, 944931921, 567085
945058550, 945697865, 639315
945823122, 946327922, 504800
946445522, 946918207, 472685
947035579, 947502550, 466971
947620036, 948088721, 468685
948206893, 948673521, 466628
948791121, 949255693, 464572
949371807, 950204950, 833143
950335236, 950852264, 517028
950970779, 951441293, 470514
951558550, 952031350, 472800
952149064, 952620493, 471429
952736036, 953204493, 468457
953320493, 953970779, 650286
954096607, 954570436, 473829
954687922, 955156264, 468342
955274321, 955741064, 466743
955858893, 956330436, 471543
956448950, 956918207, 469257
957035921, 957645979, 610058
957771579, 958095236, 323657
958390779, 958857064, 466285
958974436, 959444036, 469600
959562321, 960030093, 467772
960147578, 960616721, 469143
960735121, 961204950, 469829
961322207, 962162550, 840343
962292493, 962797522, 505029
962913293, 963381864, 468571
963499807, 963961521, 461714
964078207, 964551350, 473143
964669864, 965139235, 469371
965256835, 965894893, 638058
966020036, 966491922, 471886
966607807, 966901636, 293829
967190893, 967665407, 474514
967783350, 968252264, 468914
968370321, 968841978, 471657
968959921, 969251578, 291657
969682893, 970200722, 517829
970317750, 970790550, 472800
970909179, 971374436, 465257
971492607, 971955121, 462514
972071007, 972532950, 461943
972650664, 973114893, 464229
973232607, 974000836, 768229
974129522, 974639693, 510171
974757293, 975227464, 470171
975345521, 975818664, 473143
975936721, 976405750, 469029
976523236, 976988836, 465600
977106435, 977732265, 625830
977857750, 978350436, 492686
978469179, 978939350, 470171
979057979, 979528721, 470742
979646664, 980115578, 468914
980233636, 980700836, 467200
980818893, 981286893, 468000
981405521, 982048379, 642858
982174322, 982649979, 475657
982768036, 983239007, 470971
983355579, 983824150, 468571
983941636, 984235350, 293714
984529293, 984988607, 459314
985104150, 985848607, 744457
985976722, 986500264, 523542
986616950, 987075121, 458171
987191236, 987647464, 456228
987763807, 988235236, 471429
988354207, 988826664, 472457
988944836, 989414893, 470057
989679579, 990192607, 513028
990308836, 990771693, 462857
990888379, 991355693, 467314
991473293, 991941407, 468114
992059121, 992528036, 468915
992645864, 993116378, 470514
993233978, 993877979, 644001
994003122, 994478093, 474971
994595922, 995061636, 465714
995180264, 995647464, 467200
995765521, 996236607, 471086
996353178, 996818664, 465486
996934778, 997401293, 466515
997784493, 998335579, 551086
998454436, 998928379, 473943
999046321, 999516150, 469829
999633636, 99921, -999533715
219464, 676836, 457372
790664, 1260493, 469829
1376493, 2031464, 654971
2155693, 2453522, 297829
2554436, 3160721, 606285
3279121, 3573750, 294629
3870321, 4341750, 471429
4461864, 4933407, 471543
5049750, 5668493, 618743
5791807, 6297750, 505943
6413293, 6878550, 465257
6994664, 7451807, 457143
7565864, 8037864, 472000
8154321, 8623464, 469143
8738207, 9209178, 470971
9326321, 10159122, 832801
10289979, 10806322, 516343
10923464, 11391807, 468343
11508264, 11979693, 471429
12096836, 12557064, 460228
12675578, 13146093, 470515
13261750, 13903007, 641257
14028264, 14503350, 475086
14620950, 15088950, 468000
15205750, 15670664, 464914
15786207, 16251350, 465143
16368378, 16836721, 468343
16953978, 17420835, 466857
17676379, 18202322, 525943
18319922, 18785064, 465142
18901636, 19371007, 469371
19488150, 19949064, 460914
20065750, 20536721, 470971
20654550, 20946321, 291771
21048950, 21948493, 899543
22074893, 22579464, 504571
22694550, 23162550, 468000
23279464, 23750664, 471200
23868150, 24339464, 471314
24456493, 24926436, 469943
25042435, 25333864, 291429
25787693, 26297522, 509829
26416036, 26890893, 474857
27009864, 27472493, 462629
27589179, 28055578, 466399
28174436, 28640836, 466400
28759350, 29230893, 471543
29349521, 29984950, 635429
30113064, 30591464, 478400
30710207, 31174779, 464572
31291350, 31762664, 471314
31881521, 32353064, 471543
32471921, 32942093, 470172
33061635, 33781865, 720230
33914322, 34458893, 544571
34577179, 35048150, 470971
35167464, 35640721, 473257
35759236, 36232493, 473257
36790321, 37358893, 568572
37631350, 38160036, 528686
38278779, 38745636, 466857
38862779, 39332379, 469600
39449407, 39917864, 468457
40034550, 40499578, 465028
40617064, 41080035, 462971
41195807, 41829979, 634172
41955007, 42438322, 483315
42555693, 43030093, 474400
43147236, 43612379, 465143
43729064, 44200950, 471886
44318550, 44782207, 463657
44897750, 45363121, 465371
45754779, 46304493, 549714
46423007, 46892264, 469257
47009064, 47475693, 466629
47592607, 48057864, 465257
48174664, 48641407, 466743
48757978, 49227235, 469257
49344493, 49986550, 642057
50110207, 50575579, 465372
50690664, 51148493, 457829
51263921, 51739350, 475429
51856836, 52329978, 473142
52447236, 52743693, 296457
52845521, 53305178, 459657
53423121, 58467236, 5044115
58599350, 59138321, 538971
59256036, 59729179, 473143
59846436, 60317750, 471314
60435578, 60905864, 470286
61023007, 61797407, 774400
61927007, 62463807, 536800
62579350, 63051121, 471771
63169293, 63632264, 462971
63751007, 64225636, 474629
64341978, 64811578, 469600
64929750, 65223350, 293600
65325178, 66602322, 1277144
66737979, 67263350, 525371
67378893, 67839921, 461028
67956607, 68431578, 474971
68549521, 69017521, 468000
69133978, 69882665, 748687
70011122, 70545293, 534171
70661293, 71131350, 470057
71248493, 71719464, 470971
71836607, 72306093, 469486
72423464, 72889521, 466057
73006435, 73613293, 606858
73738779, 74062207, 323428
74357407, 74824036, 466629
74940950, 75416150, 475200
75532264, 76004264, 472000
76120836, 76585864, 465028
76702321, 77169293, 466972
77287121, 77920150, 633029
78044950, 78520036, 475086
78638207, 79106664, 468457
79223464, 79685521, 462057
79801636, 80263693, 462057
80380721, 80849636, 468915
80967464, 81464035, 496571
81818093, 82370893, 552800
82488607, 82952493, 463886
83067807, 83538093, 470286
83655350, 84122893, 467543
84240721, 84715693, 474972
84831693, 85298664, 466971
85414664, 86060036, 645372
86183350, 86645407, 462057
86762550, 87238550, 476000
87355807, 87826436, 470629
87944379, 88413978, 469599
88531007, 88994550, 463543
89111693, 89713636, 601943
89836493, 90335236, 498743
90452836, 90925064, 472228
91042207, 91511007, 468800
91629064, 92095464, 466400
92211921, 92673178, 461257
92789178, 93245864, 456686
93361293, 94205636, 844343
94337407, 94858093, 520686
94975007, 95450550, 475543
95567921, 96040036, 472115
96157293, 96625750, 468457
96741293, 97209064, 467771
97326664, 97978207, 651543
98102893, 98576722, 473829
98694436, 99160721, 466285
99277636, 99746436, 468800
99864264, 100337178, 472914
100454550, 100923121, 468571
101041064, 101641179, 600115
101766436, 102090207, 323771
102388836, 102859350, 470514
102977293, 103449064, 471771
103566779, 104037521, 470742
104156036, 104622664, 466628
104740264, 105214550, 474286
105332378, 106164722, 832344
106295007, 106804150, 509143
106921407, 107387921, 466514
107505521, 107969293, 463772
108087236, 108549864, 462628
108665978, 109137064, 471086
109255235, 109882893, 627658
110007122, 110478207, 471085
110594207, 111058550, 464343
111176493, 111642664, 466171
111760150, 112228836, 468686
112347693, 112814778, 467085
112932264, 113228150, 295886
113687579, 114212036, 524457
114334322, 114807122, 472800
114925293, 115395007, 469714
115512721, 115976036, 463315
116092378, 116559464, 467086
116677178, 116971807, 294629
117074664, 117986893, 912229
118114664, 118630664, 516000
118748493, 119222779, 474286
119340721, 119808379, 467658
119926207, 120393750, 467543
120512036, 120973407, 461371
121089178, 121725065, 635887
121850665, 122341064, 490399
122458550, 122929864, 471314
123047693, 123515579, 467886
123633407, 124100950, 467543
124219236, 124689521, 470285
124808836, 125276721, 467885
125394664, 125848150, 453486
126175122, 126654322, 479200
126778093, 127257179, 479086
127377293, 127849179, 471886
127968493, 128444378, 475885
128563578, 129036035, 472457
129155235, 129899807, 744572
130029864, 130552379, 522515
130671464, 131142893, 471429
131262893, 131735921, 473028
131854893, 132152036, 297143
132256378, 132870093, 613715
132992607, 133600607, 608000
133725522, 134240150, 514628
134803464, 135373179, 569715
135493979, 135960607, 466628
136078664, 136545750, 467086
136663921, 137133864, 469943
137252264, 137895693, 643429
138021293, 138328264, 306971
138620379, 139097064, 476685
139215236, 139683464, 468228
139801064, 140270893, 469829
140388607, 140852493, 463886
140970207, 141604379, 634172
141824836, 142360607, 535771
142476264, 142945179, 468915
143064150, 143524721, 460571
143641979, 144108378, 466399
144226893, 144698550, 471657
144817064, 145290893, 473829
145409407, 146056036, 646629
146180150, 146645064, 464914
146763236, 147235350, 472114
147353407, 147828036, 474629
147945979, 148416378, 470399
148533750, 148828836, 295086
149118664, 149757065, 638401
149882665, 150371693, 489028
150489407, 150952379, 462972
151068607, 151532493, 463886
151650664, 152121293, 470629
152239693, 152707464, 467771
152825178, 153292150, 466972
153410321, 154240150, 829829
154371464, 154882093, 510629
155000036, 155464264, 464228
155581521, 156048036, 466515
156166207, 156633750, 467543
156751350, 157218778, 467428
157335121, 157973865, 638744
158099807, 158571122, 471315
158687579, 159145064, 457485
159261636, 159733979, 472343
159851921, 160321636, 469715
160439350, 160733978, 294628
161021864, 161624150, 602286
161748036, 162245179, 497143
162361407, 162838664, 477257
162956950, 163428607, 471657
163546436, 164017521, 471085
164135807, 164602893, 467086
164720836, 165191235, 470399
165309178, 166134322, 825144
166266322, 166776607, 510285
166893064, 167357179, 464115
167474893, 167943350, 468457
168061521, 168530893, 469372
168648378, 169120950, 472572
169239121, 169883122, 644001
170007579, 170486207, 478628
170604950, 171068379, 463429
171185864, 171651579, 465715
171770093, 172236836, 466743
172354093, 172649293, 295200
172751921, 173357864, 605943
173616722, 173956950, 340228
174268264, 174747922, 479658
174870207, 175345293, 475086
175463693, 175935464, 471771
176052493, 176525978, 473485
176643464, 177109978, 466514
177227007, 177999122, 772115
178127579, 178641293, 513714
178758893, 179230893, 472000
179349293, 179819121, 469828
179936836, 180408607, 471771
180526436, 180989750, 463314
181107121, 181739465, 632344
181864950, 182351236, 486286
182469179, 182935579, 466400
183053407, 183525864, 472457
183644607, 184117521, 472914
184235921, 184696950, 461029
184817407, 185275235, 457828
185391350, 185844379, 453029
186160493, 186638093, 477600
186759807, 187230321, 470514
187346550, 187818664, 472114
187936264, 188398664, 462400
188517178, 188983236, 466058
189101293, 189847236, 745943
189975579, 190497179, 521600
190612836, 191072036, 459200
191188150, 191645521, 457371
191762550, 192233864, 471314
192352378, 192821864, 469486
192939807, 193411921, 472114
193674665, 194192607, 517942
194309522, 194780036, 470514
194897864, 195371121, 473257
195489636, 195956493, 466857
196074436, 196544378, 469942
196662778, 197128835, 466057
197245407, 197888150, 642743
198014093, 198493407, 479314
198610664, 199081064, 470400
199199693, 199665979, 466286
199783579, 200245407, 461828
200361636, 200829407, 467771
200947007, 201417750, 470743
201791579, 202341293, 549714
202459236, 202930436, 471200
203048950, 203519007, 470057
203636607, 204108150, 471543
204226207, 204693521, 467314
204811236, 205278778, 467542
205396493, 206030436, 633943
206155807, 206619464, 463657
206737979, 207208036, 470057
207324950, 207798550, 473600
207915350, 208388950, 473600
208506321, 208980150, 473829
209098321, 209709065, 610744
209833065, 210327464, 494399
210445522, 210909750, 464228
211027464, 211320379, 292915
211616379, 212079693, 463314
212200378, 212671121, 470743
212789064, 213248150, 459086
213368150, 214200036, 831886
214333293, 214844722, 511429
214962779, 215434321, 471542
215553979, 215846664, 292685
216135236, 216606550, 471314
216726664, 217203007, 476343
217322207, 217968607, 646400
218096150, 218567579, 471429
218684722, 219157407, 472685
219276036, 219743693, 467657
219862779, 220332721, 469942
220452378, 220924150, 471772
221043007, 221657979, 614972
221785293, 222294093, 508800
222413407, 222875122, 461715
223431007, 223991579, 560572
224113064, 224579121, 466057
224695807, 225154093, 458286
225271350, 226074664, 803314
226204150, 226683464, 479314
226802093, 227268036, 465943
227384721, 227843007, 458286
227960036, 228433521, 473485
228552036, 229024607, 472571
229142778, 229777179, 634401
229902665, 230392150, 489485
230509979, 230973750, 463771
231089864, 231558779, 468915
231676379, 232141636, 465257
232257864, 232728036, 470172
232845978, 233316035, 470057
233433750, 234084950, 651200
234209636, 234682550, 472914
234801064, 235263350, 462286
235379236, 235840264, 461028
235957064, 236421064, 464000
236539236, 237008378, 469142
237126207, 237864493, 738286
237992379, 238521293, 528914
238639464, 239111236, 471772
239229064, 239697293, 468229
239814664, 240281521, 466857
240399236, 240860036, 460800
240977407, 241441521, 464114
241720036, 242241864, 521828
242359464, 242830093, 470629
242948493, 243415350, 466857
243532950, 244005521, 472571
244123578, 244593750, 470172
244711236, 245178550, 467314
245296950, 245935922, 638972
246061750, 246537979, 476229
246655693, 247116264, 460571
247236036, 247708950, 472914
247826664, 248291236, 464572
248407807, 248872607, 464800
248990778, 249458550, 467772
249835007, 250385750, 550743
250504722, 250977064, 472342
251094664, 251561179, 466515
251679007, 252142664, 463657
252259007, 252728150, 469143
252846207, 253316264, 470057
253433978, 254089750, 655772
254214550, 254678550, 464000
254794436, 255250893, 456457
255367464, 255841864, 474400
255959921, 256431921, 472000
256548607, 257018664, 470057
257136721, 257765750, 629029
257890322, 258379579, 489257
258497864, 258960150, 462286
259076264, 259541636, 465372
259659236, 260128264, 469028
260246207, 260712607, 466400
260830321, 261297178, 466857
261414550, 262252836, 838286
262383807, 262895579, 511772
263013750, 263485750, 472000
263604721, 264075236, 470515
264193178, 264658436, 465258
264776950, 265241407, 464457
265358664, 266004264, 645600
266128836, 266602779, 473943
266720950, 267193864, 472914
267311579, 267776379, 464800
267893864, 268361636, 467772
268480150, 268949978, 469828
269067578, 269694779, 627201
269820493, 270315807, 495314
270433293, 270900150, 466857
271018207, 271489521, 471314
271607236, 272071121, 463885
272187464, 272654436, 466972
272772036, 273239235, 467199
273356950, 274185179, 828229
274316722, 274833064, 516342
274951464, 275423007, 471543
275540721, 276010664, 469943
276129064, 276422778, 293714
276729864, 277207350, 477486
277328607, 277986207, 657600
278112493, 278586322, 473829
278704607, 279173407, 468800
279291236, 279755921, 464685
279871807, 280340721, 468914
280457978, 280927693, 469715
281045750, 281650207, 604457
281775007, 282291807, 516800
282409864, 282872722, 462858
282988379, 283446893, 458514
283562550, 283854321, 291771
284148607, 284625064, 476457
284746436, 285219693, 473257
285337864, 286184036, 846172
286316379, 286832722, 516343
286950550, 287421064, 470514
287539350, 288006893, 467543
288124264, 288421750, 297486
288712607, 289184835, 472228
289302321, 289949293, 646972
290076150, 290550779, 474629
290666550, 291133979, 467429
291252150, 291722664, 470514
291840379, 292309521, 469142
292427921, 292895921, 468000
293013635, 293613293, 599658
293739922, 294066093, 326171
294375922, 294849064, 473142
294969979, 295437521, 467542
295554550, 296028836, 474286
296146778, 296618321, 471543
296736950, 297200264, 463314
297317635, 298156493, 838858
298287807, 298801636, 513829
298919236, 299387693, 468457
299505293, 299975236, 469943
300093407, 300562664, 469257
300680150, 301143464, 463314
301259578, 301886322, 626744
302010436, 302483122, 472686
302598893, 303062893, 464000
303184493, 303655921, 471428
303776264, 304245521, 469257
304365178, 304834436, 469258
304954321, 305423693, 469372
305686436, 306217293, 530857
306336950, 306809864, 472914
306929522, 307395807, 466285
307515579, 307991121, 475542
308110321, 308572607, 462286
308690321, 309159693, 469372
309279693, 310100379, 820686
310232493, 310742893, 510400
310860493, 311332950, 472457
311452950, 311928721, 475771
312486550, 313060378, 573828
313187350, 313836493, 649143
313961750, 314436036, 474286
314553179, 315026207, 473028
315144379, 315617521, 473142
315735121, 316197864, 462743
316315807, 316788036, 472229
316906093, 317367578, 461485
317621979, 318146436, 524457
318264493, 318735122, 470629
318852722, 319318436, 465714
319434779, 319901979, 467200
320020036, 320491007, 470971
320608836, 321070093, 461257
321185978, 321973636, 787658
322102322, 322611122, 508800
322728379, 323199579, 471200
323318436, 323786664, 468228
323904379, 324371350, 466971
324489178, 324960950, 471772
325079121, 325700379, 621258
325825865, 326322207, 496342
326440036, 327277179, 837143
327413064, 327962207, 549143
328082778, 328552378, 469600
328670778, 329145635, 474857
329264035, 329910550, 646515
330036264, 330519922, 483658
330638093, 331104836, 466743
331221064, 331690550, 469486
331806779, 332273407, 466628
332391464, 332859921, 468457
332977636, 333440950, 463314
333822093, 334365750, 543657
334483007, 334943579, 460572
335059464, 335528493, 469029
335646093, 336118321, 472228
336236721, 336707007, 470286
336824836, 337292835, 467999
337411007, 338054093, 643086
338179350, 338648264, 468914
338766322, 339239007, 472685
339357407, 339823350, 465943
339941064, 340401636, 460572
340519921, 340993636, 473715
341110321, 341730550, 620229
341856150, 342347122, 490972
342464607, 342928264, 463657
343046093, 343515236, 469143
343633179, 344102893, 469714
344222093, 344691807, 469714
344809293, 345278893, 469600
345396721, 346232379, 835658
346363807, 346880493, 516686
346998550, 347464607, 466057
347581979, 348050321, 468342
348168036, 348638207, 470171
348755578, 349225750, 470172
349343578, 350298436, 954858
350429864, 350944379, 514515
351063007, 351536379, 473372
351654779, 352120036, 465257
352236150, 352705064, 468914
352821293, 353290550, 469257
353408264, 354060264, 652000
354185864, 354657979, 472115
354777179, 355244950, 467771
355362321, 355832036, 469715
355950093, 356415464, 465371
356532264, 357005293, 473029
357123235, 357866322, 743087
357994322, 358530322, 536000
358649064, 359116264, 467200
359232493, 359700950, 468457
359816950, 360284264, 467314
360401750, 360866093, 464343
360983464, 361587236, 603772
361711007, 362226207, 515200
362343922, 362816150, 472228
362934093, 363405293, 471200
363522893, 363990664, 467771
364109064, 364576607, 467543
364694321, 365157635, 463314
365275121, 365899693, 624572
366025179, 366503122, 477943
366621750, 367091921, 470171
367209636, 367672607, 462971
367788607, 368256378, 467771
368373864, 368838321, 464457
368955921, 369425293, 469372
369797293, 370353179, 555886
370471579, 370941864, 470285
371059236, 371530550, 471314
371648493, 372121978, 473485
372238093, 372704950, 466857
372820836, 373290435, 469599
373406893, 374049407, 642514
374173407, 374640836, 467429
374758893, 375233293, 474400
375351921, 375826321, 474400
375943350, 376410093, 466743
376526664, 376821750, 295086
377113178, 377743350, 630172
377868379, 378351236, 482857
378467236, 378760264, 293028
379049750, 379524493, 474743
379641407, 380115464, 474057
380233521, 380705750, 472229
380822093, 381291007, 468914
381408721, 382242893, 834172
382374436, 382888264, 513828
383006321, 383467350, 461029
383585064, 384046093, 461029
384163350, 384635921, 472571
384754321, 385219921, 465600
385338207, 385981293, 643086
386105750, 386571807, 466057
386688264, 387151007, 462743
387269064, 387737407, 468343
387856036, 388326207, 470171
388443350, 388912378, 469028
389029064, 389640493, 611429
389766093, 390102436, 336343
390401636, 390876722, 475086
390994664, 391461636, 466972
391580607, 392043350, 462743
392160607, 392629407, 468800
392750207, 393226664, 476457
393345978, 394189064, 843086
394321864, 394654664, 332800
394758893, 395288607, 529714
395411464, 395887921, 476457
396007464, 396480036, 472572
396599007, 397072721, 473714
397192493, 397830207, 637714
397956379, 398424036, 467657
398541179, 399002550, 461371
399123121, 399607236, 484115
399726550, 400196721, 470171
400314893, 400783578, 468685
400902893, 401372607, 469714
401630665, 402145407, 514742
402711464, 403270779, 559315
403391007, 403853750, 462743
403971350, 404436950, 465600
404555578, 405026664, 471086
405145064, 405918436, 773372
406047007, 406566550, 519543
406682550, 407152721, 470171
407271579, 407733750, 462171
407850207, 408311578, 461371
408429407, 408892607, 463200
409010093, 409643236, 633143
409768836, 410272722, 503886
410388493, 410848950, 460457
410965179, 411435350, 470171
411553636, 412025864, 472228
412144378, 412616378, 472000
412733978, 413199578, 465600
413318664, 413950322, 631658
414075922, 414542207, 466285
414658664, 415126779, 468115
415244836, 415718093, 473257
415835807, 416307921, 472114
416425750, 416897293, 471543
417015578, 417754207, 738629
417882893, 418413864, 530971
418532036, 419006779, 474743
419124721, 419590779, 466058
419710207, 420188721, 478514
420305178, 420772607, 467429
420890893, 421358550, 467657
421621979, 422147807, 525828
422266207, 422734550, 468343
422851807, 423319579, 467772
423437521, 423908721, 471200
424027007, 424494207, 467200
424612150, 425076835, 464685
425194093, 425824722, 630629
425950207, 426433293, 483086
426551007, 427022664, 471657
427140721, 427609750, 469029
427727807, 428198550, 470743
428316378, 428786321, 469943
428903807, 429375121, 471314
429754893, 430296836, 541943
430413636, 430884493, 470857
431002550, 431473979, 471429
431591693, 432055693, 464000
432172493, 432640607, 468114
432758550, 433231121, 472571
433349407, 434000379, 650972
434125979, 434601407, 475428
434719579, 435187007, 467428
435304493, 435597293, 292800
435910436, 436376493, 466057
436500036, 436963693, 463657
437081407, 437921522, 840115
438051807, 438574664, 522857
438690436, 439152607, 462171
439269521, 439738550, 469029
439856493, 440323350, 466857
440439578, 440904721, 465143
441022550, 441776379, 753829
441904265, 442435579, 531314
442552836, 443024379, 471543
443142093, 443612950, 470857
443731007, 444202550, 471543
444320493, 444785978, 465485
444903693, 445366321, 462628
445626207, 446139122, 512915
446256493, 446727122, 470629
446845636, 447312036, 466400
447430436, 447893521, 463085
448011236, 448482321, 471085
448598550, 449067578, 469028
449185521, 449817979, 632458
449943579, 450424264, 480685
450540264, 451010207, 469943
451128607, 451592721, 464114
451712264, 452184378, 472114
452301293, 452774207, 472914
452892721, 453362550, 469829
453760265, 454315693, 555428
454434664, 454904150, 469486
455021750, 455494093, 472343
455612150, 456072036, 459886
456187578, 456646893, 459315
456763921, 457232607, 468686
457350778, 458021064, 670286
458147350, 458619122, 471772
458737636, 459208150, 470514
459326207, 459792836, 466629
459911350, 460384264, 472914
460502207, 460966550, 464343
461082321, 461696836, 614515
461822093, 462322893, 500800
462440950, 462911693, 470743
463027807, 463497407, 469600
463613636, 464080493, 466857
464198778, 464660264, 461486
464777864, 465070435, 292571
465358664, 465953750, 595086
466290207, 466765064, 474857
466881864, 467346664, 464800
467464950, 467931236, 466286
468049293, 468521636, 472343
468639921, 469111235, 471314
469230321, 469860950, 630629
469985979, 470472607, 486628
470591007, 471057750, 466743
471175350, 471640379, 465029
471757293, 472222664, 465371
472340493, 472812607, 472114
472931236, 473400035, 468799
473654665, 474169522, 514857
474286207, 474743693, 457486
474859693, 475332950, 473257
475451350, 475921979, 470629
476039464, 476513864, 474400
476631807, 477103693, 471886
477221978, 477988836, 766858
478117636, 478631122, 513486
478749750, 479220036, 470286
479337864, 479804721, 466857
479923693, 480390093, 466400
480508264, 480979464, 471200
481097407, 481723579, 626172
481853750, 482354779, 501029
482473979, 482947236, 473257
483066207, 483530436, 464229
483649179, 484117064, 467885
484237293, 484708950, 471657
484827693, 485289978, 462285
485410435, 486045179, 634744
486170207, 486630664, 460457
486748264, 487225979, 477715
487345750, 487819693, 473943
487938550, 488409636, 471086
488529750, 488999464, 469714
489118664, 489857522, 738858
489987465, 490523350, 535885
490643464, 491113864, 470400
491722436, 492285293, 562857
492404264, 492878207, 473943
492995807, 493620379, 624572
493744265, 494251007, 506742
494368836, 494835007, 466171
494952950, 495419579, 466629
495536950, 496005178, 468228
496122664, 496587807, 465143
496703921, 497168950, 465029
497287464, 497916950, 629486
498043007, 498522664, 479657
498641293, 499111121, 469828
499228836, 499702436, 473600
499820264, 500290778, 470514
500408378, 500877864, 469486
500995578, 501723236, 727658
501852607, 502389864, 537257
502505750, 502962550, 456800
503078436, 503541521, 463085
503659807, 504126321, 466514
504244264, 504715236, 470972
504833864, 505302321, 468457
505565750, 506093636, 527886
506219122, 506688722, 469600
506806436, 507276379, 469943
507394550, 507857293, 462743
507972836, 508437407, 464571
508555578, 509019693, 464115
509136950, 509761293, 624343
509886665, 510371007, 484342
510488493, 510958664, 470171
511077179, 511369864, 292685
511673521, 512125178, 451657
512248036, 512724036, 476000
512842436, 513310664, 468228
513427578, 514271122, 843544
514400493, 514908036, 507543
515024836, 515501407, 476571
515619464, 516085978, 466514
516203921, 516673750, 469829
516791578, 517260264, 468686
517378093, 518024264, 646171
518149636, 518622436, 472800
518741293, 519208607, 467314
519325979, 519621750, 295771
519910779, 520379121, 468342
520496721, 520963464, 466743
521080950, 521690893, 609943
521815465, 522308264, 492799
522425522, 522891693, 466171
523009636, 523482207, 472571
523599007, 524061750, 462743
524178207, 524646550, 468343
524764950, 525230778, 465828
525348607, 526173864, 825257
526306779, 526824379, 517600
526942550, 527407121, 464571
527524150, 527999121, 474971
528116950, 528581293, 464343
528698550, 529159693, 461143
529276035, 529912607, 636572
530037636, 530520036, 482400
530638550, 531111579, 473029
531229636, 531702207, 472571
531820264, 532284036, 463772
532401636, 532871693, 470057
532989521, 533586550, 597029
533709636, 534226322, 516686
534344150, 534812950, 468800
534930436, 535397979, 467543
535515464, 535981407, 465943
536099121, 536570550, 471429
536687807, 537154778, 466971
537271235, 538041293, 770058
538169407, 538671922, 502515
538787579, 539250779, 463200
539368950, 539832607, 463657
539950321, 540421750, 471429
540540607, 541008835, 468228
541125293, 541763693, 638400
541889979, 542380150, 490171
542498436, 542968607, 470171
543086207, 543551807, 465600
543668607, 544133178, 464571
544250893, 544717636, 466743
544835693, 545306207, 470514
545423693, 546056264, 632571
546182322, 546644264, 461942
546761293, 547234550, 473257
547352950, 547648264, 295314
547938550, 548412264, 473714
548529407, 548998207, 468800
549116378, 549864607, 748229
549992836, 550517979, 525143
550636607, 551110093, 473486
551228950, 551700950, 472000
551818664, 552287921, 469257
552405864, 552874207, 468343
552992493, 553603007, 610514
553727693, 554243007, 515314
554361407, 554831236, 469829
554948836, 555415236, 466400
555533064, 556002893, 469829
556120836, 556588836, 468000
556707007, 557173521, 466514
557291121, 557921065, 629944
558048264, 558531922, 483658
558650436, 559124036, 473600
559241750, 559706436, 464686
559825179, 560288036, 462857
560405978, 560875236, 469258
560992493, 561729065, 736572
561859122, 562392264, 533142
562508836, 562977979, 469143
563094207, 563557064, 462857
563673064, 564138893, 465829
564256493, 564727464, 470971
564845636, 565317064, 471428
565434435, 566080950, 646515
566204493, 566677293, 472800
566795464, 567260379, 464915
567377179, 567849864, 472685
567967579, 568430778, 463199
568548721, 569015693, 466972
569133293, 569756265, 622972
569882093, 570371236, 489143
570489064, 570956264, 467200
571078550, 571546093, 467543
571665636, 572132950, 467314
572250664, 572722093, 471429
572841636, 573314778, 473142
573611236, 574235122, 623886
574364722, 574831236, 466514
574950322, 575421979, 471657
575541293, 576012950, 471657
576132036, 576604036, 472000
576723350, 577194550, 471200
577314093, 577959236, 645143
578086207, 578559922, 473715
578677407, 579147121, 469714
579266093, 579734664, 468571
580284264, 580836036, 551772
580961636, 581437978, 476342
581708150, 582231579, 523429
582349407, 582820607, 471200
582937979, 583409064, 471085
583527007, 583996721, 469714
584115236, 584584493, 469257
584701978, 585168950, 466972
585287007, 586050550, 763543
586178893, 586685064, 506171
586801864, 587272150, 470286
587389864, 587857636, 467772
587975693, 588443007, 467314
588560836, 589027693, 466857
589145521, 589777179, 631658
589902093, 590384836, 482743
590502436, 590970436, 468000
591088721, 591559921, 471200
591678093, 592146893, 468800
592264607, 592729064, 464457
592847350, 593317178, 469828
593566550, 594082436, 515886
594206893, 594676379, 469486
594794893, 595263693, 468800
595381864, 595849979, 468115
595967464, 596431921, 464457
596548721, 597017750, 469029
597135693, 597869179, 733486
597996722, 598533293, 536571
598651807, 599123579, 471772
599241521, 599710779, 469258
599828950, 600297178, 468228
600414893, 600882436, 467543
601000493, 601607807, 607314
601731579, 602056379, 324800
602352607, 602827807, 475200
602945979, 603417293, 471314
603534893, 604004378, 469485
604122778, 604583464, 460686
604702550, 605175464, 472914
605293635, 605931693, 638058
606057293, 606537864, 480571
606655693, 607118893, 463200
607236493, 607702779, 466286
607820721, 608290778, 470057
608408950, 608873293, 464343
608990664, 609699579, 708915
609828836, 610364036, 535200
610479807, 610949979, 470172
611068379, 611530321, 461942
611646321, 612116493, 470172
612235007, 612705407, 470400
612823121, 613297178, 474057
613413750, 614063693, 649943
614188836, 614652836, 464000
614770893, 615230321, 459428
615346436, 615818779, 472343
615936607, 616407693, 471086
616525636, 616988493, 462857
617105864, 617737636, 631772
617863693, 618362893, 499200
618481293, 618948836, 467543
619066550, 619529293, 462743
619647121, 620112950, 465829
620230664, 620697521, 466857
620815236, 621281407, 466171
621399235, 622230779, 831544
622361293, 622875464, 514171
622992836, 623454550, 461714
623570436, 624028264, 457828
624143807, 624615693, 471886
624733750, 625206778, 473028
625325064, 625972836, 647772
626098550, 626562779, 464229
626678779, 627147464, 468685
627265864, 627732836, 466972
627851007, 628325864, 474857
628444264, 628914550, 470286
629033064, 629652950, 619886
629779007, 630278322, 499315
630396379, 630857979, 461600
630974664, 631436036, 461372
631553521, 632015693, 462172
632132950, 632606436, 473486
632724607, 633196264, 471657
633314093, 634163693, 849600
634295922, 634810550, 514628
634928950, 635402436, 473486
635520379, 635816264, 295885
636110207, 636585407, 475200
636703578, 637171693, 468115
637289521, 637939922, 650401
638065293, 638543464, 478171
638661407, 639128493, 467086
639246436, 639717979, 471543
639835464, 640307578, 472114
640425864, 640897864, 472000
641014435, 641616607, 602172
641741979, 642068607, 326628
642373522, 642846779, 473257
642967693, 643433064, 465371
643550207, 644013636, 463429
644131350, 644603121, 471771
644719464, 645185864, 466400
645304150, 646134664, 830514
646267122, 646773293, 506171
646889293, 647354664, 465371
647471693, 647934550, 462857
648051121, 648524607, 473486
648642321, 649115007, 472686
649232493, 649871807, 639314
649997179, 650477750, 480571
650594779, 651060379, 465600
651176150, 651642550, 466400
651760379, 652224264, 463885
652341978, 652802778, 460800
652920836, 653391350, 470514
653647693, 654162093, 514400
654278779, 654738893, 460114
654855693, 655331579, 475886
655449293, 655916150, 466857
656034093, 656501521, 467428
656619121, 657086778, 467657
657205293, 657970436, 765143
658098779, 658615350, 516571
658733979, 659204264, 470285
659321979, 659791350, 469371
659913750, 660212493, 298743
660508036, 660984264, 476228
661103121, 661740379, 637258
661867922, 662366893, 498971
662485979, 662950664, 464685
663067807, 663537179, 469372
663656264, 664126664, 470400
664246093, 664720721, 474628
664839807, 665310435, 470628
665428721, 666081407, 652686
666208607, 666682093, 473486
666802322, 667266550, 464228
667384150, 667846550, 462400
667964836, 668426893, 462057
668544150, 669015350, 471200
669955465, 670539922, 584457
670660493, 671124836, 464343
671243007, 671718893, 475886
671836607, 672306321, 469714
672423807, 672894664, 470857
673012721, 673625522, 612801
673751579, 674265864, 514285
674383579, 674847236, 463657
674963693, 675426664, 462971
675544379, 676013178, 468799
676130893, 676601864, 470971
676719693, 677189064, 469371
677307350, 677936836, 629486
678062322, 678535007, 472685
678652950, 679124150, 471200
679242779, 679718207, 475428
679835693, 680301978, 466285
680420150, 680887921, 467771
681005864, 681731236, 725372
681860265, 682381636, 521371
682497407, 682970550, 473143
683088607, 683561179, 472572
683678664, 684147121, 468457
684265521, 684730550, 465029
684848378, 685317407, 469029
685574550, 686099007, 524457
686224722, 686695236, 470514
686813636, 687279693, 466057
687396950, 687865064, 468114
687983693, 688449521, 465828
688567007, 689034093, 467086
689152264, 689774322, 622058
689899807, 690392607, 492800
690510664, 690979007, 468343
691096721, 691561864, 465143
691680150, 692144378, 464228
692261864, 692728036, 466172
692845978, 693311235, 465257
693429635, 694224722, 795087
694352264, 694825522, 473258
694943922, 695416264, 472342
695533864, 695827121, 293257
696146207, 696618093, 471886
696740264, 697212035, 471771
697329864, 697969979, 640115
698096493, 698561750, 465257
698677293, 699150436, 473143
699269064, 699734093, 465029
699852150, 700318207, 466057
700436036, 700906436, 470400
701024607, 701632036, 607429
701757293, 702261979, 504686
702379922, 702846893, 466971
702964607, 703430664, 466057
703548036, 704015236, 467200
704131807, 704603921, 472114
704720378, 705191921, 471543
705310321, 706159693, 849372
706293407, 706810207, 516800
706928264, 707399921, 471657
707518093, 707989407, 471314
708108036, 708577750, 469714
708695350, 709167807, 472457
709286664, 709938322, 651658
710063236, 710536264, 473028
710653407, 711121521, 468114
711239807, 711709064, 469257
711827807, 712294550, 466743
712412493, 712878207, 465714
712996035, 713601293, 605258
713727350, 714236950, 509600
714355122, 714827579, 472457
714945407, 715415350, 469943
715533636, 716004607, 470971
716122778, 716594207, 471429
716712036, 717177064, 465028
717294893, 718112722, 817829
718244493, 718751807, 507314
718868036, 719338893, 470857
719457864, 719931464, 473600
720049636, 720516950, 467314
720636264, 721104721, 468457
721222435, 721859236, 636801
721984379, 722464607, 480228
722581979, 723049521, 467542
723167350, 723637293, 469943
723754779, 724225521, 470742
724343807, 724816607, 472800
724934093, 725402778, 468685
725658665, 726184950, 526285
726301522, 726768950, 467428
726886779, 727351464, 464685
727467464, 727928721, 461257
728045750, 728520950, 475200
728638550, 729109750, 471200
729227693, 729995465, 767772
730123464, 730630436, 506972
730747350, 731218779, 471429
731336264, 731807579, 471315
731925636, 732884950, 959314
733023121, 733772379, 749258
733899007, 734391007, 492000
734508607, 734995579, 486972
735112264, 735575236, 462972
735691236, 736151121, 459885
736268036, 736736493, 468457
736853978, 737313178, 459200
737429407, 738054436, 625029
738178093, 738645636, 467543
738762779, 739225979, 463200
739343464, 739808036, 464572
739925636, 740398778, 473142
740516036, 740984264, 468228
741102093, 741863007, 760914
741991007, 742519693, 528686
742637407, 743111579, 474172
743229979, 743698093, 468114
743815921, 744284378, 468457
744401750, 744869178, 467428
744987807, 745590322, 602515
745713750, 746225064, 511314
746343807, 746813979, 470172
746931922, 747401636, 469714
747519464, 747989636, 470172
748107236, 748572493, 465257
748690207, 749148835, 458628
749267350, 749909065, 641715
750036722, 750515693, 478971
750635236, 751110664, 475428
751230321, 751701864, 471543
751820950, 752293064, 472114
752412950, 752883007, 470057
753002321, 753723236, 720915
753853065, 754391922, 538857
754511122, 754983922, 472800
755103921, 755575807, 471886
755694779, 756167464, 472685
756287464, 756756721, 469257
756876378, 757344035, 467657
757609293, 758133750, 524457
758252836, 758721864, 469028
759282664, 759840721, 558057
759960721, 760423921, 463200
760541864, 761011350, 469486
761129293, 761767236, 637943
761893407, 762384493, 491086
762501864, 762971464, 469600
763089979, 763556150, 466171
763673521, 764143693, 470172
764262321, 764730093, 467772
764847464, 765316150, 468686
765433864, 766285979, 852115
766415922, 766929293, 513371
767047236, 767519921, 472685
767637750, 768106664, 468914
768223921, 768694550, 470629
768810664, 769279235, 468571
769397978, 770050207, 652229
770174893, 770648836, 473943
770767350, 771236379, 469029
771354321, 771819464, 465143
771937521, 772406321, 468800
772524150, 772993864, 469714
773111921, 773736150, 624229
773862436, 774358093, 495657
774476836, 774946664, 469828
775064150, 775529864, 465714
775647807, 776120264, 472457
776237293, 776704721, 467428
776821178, 777285064, 463886
777402778, 778233979, 831201
778364264, 778875007, 510743
778992836, 779461064, 468228
779579350, 780051236, 471886
780170093, 780640378, 470285
780758093, 781224378, 466285
781342435, 781805750, 463315
782120836, 782604607, 483771
782722322, 783195121, 472799
783313064, 783785064, 472000
783903121, 784374093, 470972
784492036, 784959464, 467428
785076950, 785693522, 616572
785819122, 786319464, 500342
786437293, 786908150, 470857
787026321, 787498664, 472343
787616379, 788082436, 466057
788200378, 788660036, 459658
788779578, 789254550, 474972
789372835, 790206436, 833601
790337179, 790850664, 513485
790968379, 791434550, 466171
791553064, 792021636, 468572
792139921, 792610550, 470629
792729064, 793201293, 472229
793319807, 793964722, 644915
794090207, 794565293, 475086
794682093, 795149064, 466971
795266779, 795740264, 473485
795858436, 796324264, 465828
796442436, 796911236, 468800
797028721, 797634550, 605829
797761979, 798272036, 510057
798390322, 798859122, 468800
798976950, 799437407, 460457
799553636, 800024836, 471200
800143693, 800612493, 468800
800730207, 801195807, 465600
801314550, 802144722, 830172
802276836, 802791464, 514628
802909179, 803380379, 471200
803498436, 803964493, 466057
804080836, 804536721, 455885
804652836, 805119350, 466514
805236950, 805874550, 637600
806001522, 806479122, 477600
806597179, 807058207, 461028
807174321, 807642436, 468115
807760379, 808221864, 461485
808337978, 808808721, 470743
808926550, 809395464, 468914
809650779, 810171693, 520914
810289636, 810760722, 471086
810879350, 811347807, 468457
811465293, 811930893, 465600
812048950, 812514893, 465943
812632950, 813103464, 470514
813221521, 813991693, 770172
814120722, 814635693, 514971
814753864, 815223121, 469257
815340607, 815811921, 471314
815929979, 816397293, 467314
816514664, 816806093, 291429
817097407, 817725293, 627886
817849522, 818342207, 492685
818460036, 818924493, 464457
819042321, 819512836, 470515
819631121, 820101636, 470515
820219693, 820691236, 471543
820809178, 821277064, 467886
821395350, 822033636, 638286
822157293, 822625064, 467771
822743236, 823212379, 469143
823330207, 823801750, 471543
823919579, 824391807, 472228
824509407, 824979693, 470286
825097978, 825855465, 757487
825984607, 826515807, 531200
826633522, 827104607, 471085
827221864, 827691236, 469372
827809521, 828279807, 470286
828397407, 828857407, 460000
828973178, 829429864, 456686
829692036, 830027122, 335086
830130093, 830754207, 624114
830877864, 831345636, 467772
831461179, 831926436, 465257
832044950, 832509750, 464800
832627464, 833100493, 473029
833218893, 833846322, 627429
833971693, 834447122, 475429
834563122, 835032493, 469371
835150321, 835620264, 469943
835738321, 836205178, 466857
836321750, 836787578, 465828
836904493, 837200378, 295885
837761407, 838316722, 555315
838439007, 838910893, 471886
839032721, 839503464, 470743
839622779, 840093064, 470285
840212378, 840678550, 466172
840797978, 841267464, 469486
841387235, 842025750, 638515
842151122, 842619922, 468800
842739922, 843212721, 472799
843332721, 843806779, 474058
843926664, 844401978, 475314
844521293, 844815807, 294514
845137407, 845758779, 621372
845890550, 846209179, 318629
846506207, 846978893, 472686
847099121, 847569064, 469943
848113750, 848680721, 566971
848806893, 849274435, 467542
849392378, 850249293, 856915
850380493, 850899922, 519429
851018093, 851492264, 474171
851609979, 852080264, 470285
852197864, 852663693, 465829
852781636, 853249407, 467771
853367235, 854016607, 649372
854142436, 854615693, 473257
854733750, 855201636, 467886
855319693, 855790207, 470514
855907121, 856376836, 469715
856495007, 856960950, 465943
857076607, 857679693, 603086
857804150, 858314664, 510514
858432607, 858896950, 464343
859014436, 859485407, 470971
859603464, 860076607, 473143
860194207, 860661064, 466857
860778550, 861242778, 464228
861359464, 862195350, 835886
862326779, 862833750, 506971
862949636, 863420264, 470628
863538321, 864010321, 472000
864128721, 864596950, 468229
864715121, 865187350, 472229
865305407, 865953179, 647772
866079236, 866556150, 476914
866672493, 867140607, 468114
867258321, 867719350, 461029
867835007, 868306664, 471657
868425521, 868897864, 472343
869015578, 869611236, 595658
869739236, 870260379, 521143
870378436, 870845293, 466857
870963464, 871428036, 464572
871546550, 872015007, 468457
872133178, 872603236, 470058
872722207, 873193293, 471086
873311921, 874153407, 841486
874285636, 874803464, 517828
874922207, 875395807, 473600
875514093, 875987579, 473486
876105864, 876576607, 470743
876694321, 877166321, 472000
877283693, 877933750, 650057
878059236, 878535236, 476000
878652607, 879121179, 468572
879239807, 879708836, 469029
879826664, 880294093, 467429
880412150, 880879807, 467657
880997407, 881606093, 608686
881729636, 882223579, 493943
882339693, 882810093, 470400
882928264, 883401636, 473372
883519236, 883989179, 469943
884106778, 884575921, 469143
884694321, 885162550, 468229
885281064, 886059693, 778629
886188379, 886674436, 486057
886792722, 887261979, 469257
887380264, 887843236, 462972
887959350, 888416378, 457028
888531921, 888996835, 464914
889114435, 889737065, 622630
889862779, 890352836, 490057
890468950, 890762322, 293372
890864950, 891479807, 614857
891601179, 892071693, 470514
892190550, 892656721, 466171
892774321, 893233864, 459543
893349635, 893982093, 632458
894106893, 894578779, 471886
894696950, 895161636, 464686
895279236, 895570779, 291543
895869293, 896335807, 466514
896457636, 896924493, 466857
897041407, 897766550, 725143
897895922, 898429750, 533828
898547579, 899009979, 462400
899127007, 899596836, 469829
899715350, 900179921, 464571
900296493, 900757978, 461485
900875807, 901339007, 463200
901600722, 901935922, 335200
902233407, 902705750, 472343
902823236, 903300379, 477143
903418321, 903889179, 470858
904006893, 904477293, 470400
904595007, 905058093, 463086
905174093, 905793179, 619086
905917979, 906404836, 486857
906524150, 906993064, 468914
907110893, 907576379, 465486
907695121, 908162893, 467772
908279007, 908743121, 464114
908861064, 909324721, 463657
909699922, 910240950, 541028
910363922, 910824836, 460914
910942664, 911411807, 469143
911529636, 912000150, 470514
912118093, 912584721, 466628
912702436, 913167578, 465142
913285521, 913927465, 641944
914053522, 914528607, 475085
914646093, 915112036, 465943
915229864, 915688379, 458515
915805979, 916099121, 293142
916201750, 916806093, 604343
916924836, 917393407, 468571
917646893, 918161407, 514514
918277864, 918746664, 468800
918864722, 919329521, 464799
919445636, 919910207, 464571
920027921, 920497407, 469486
920615921, 920911007, 295086
921013407, 921929522, 916115
922057750, 922570664, 512914
922688379, 923151350, 462971
923267007, 923731236, 464229
923848950, 924313178, 464228
924431350, 924901178, 469828
925019350, 925644379, 625029
925769065, 926270664, 501599
926388607, 926856150, 467543
926973636, 927436379, 462743
927553864, 928017864, 464000
928135807, 928608036, 472229
928727693, 929198893, 471200
929318207, 929950665, 632458
930077979, 930555122, 477143
930674893, 931148721, 473828
931268721, 931739579, 470858
931859121, 932324721, 465600
932444836, 932912836, 468000
933032264, 933773636, 741372
933903693, 934427807, 524114
934545293, 935017979, 472686
935138093, 935612036, 473943
935731236, 936204150, 472914
936323693, 936798207, 474514
937372950, 938111236, 738286
938240036, 938715350, 475314
938833179, 939302893, 469714
939421407, 939892493, 471086
940010093, 940479236, 469143
940596950, 941064835, 467885
941182664, 941806779, 624115
941930550, 942410893, 480343
942529179, 943000036, 470857
943118893, 943590893, 472000
943708836, 944179921, 471085
944297978, 944764378, 466400
944881978, 945345178, 463200
945461178, 946306207, 845029
946437750, 946956836, 519086
947075464, 947546664, 471200
947664493, 948130778, 466285
948248836, 948718093, 469257
948835578, 949303464, 467886
949421178, 950072264, 651086
950195922, 950657750, 461828
950774322, 951237750, 463428
951355236, 951825979, 470743
951945636, 952415807, 470171
952533978, 953002435, 468457
953120950, 953745636, 624686
953871122, 954358550, 487428
954475807, 954934207, 458400
955051579, 955518321, 466742
955636264, 956106093, 469829
956224150, 956695350, 471200
956813178, 957284035, 470857
957401635, 958239007, 837372
958370779, 958883122, 512343
959000836, 959468950, 468114
959587007, 960055236, 468229
960173407, 960638893, 465486
960756836, 961217178, 460342
961333293, 961989065, 655772
962115122, 962589293, 474171
962706893, 963173179, 466286
963291464, 963753750, 462286
963870093, 964161293, 291200
964447350, 964918778, 471428
965036378, 965655007, 618629
965781293, 966289293, 508000
966405522, 966875464, 469942
966991807, 967459121, 467314
967577293, 968040493, 463200
968157750, 968615921, 458171
968732036, 969202207, 470171
969319807, 970153750, 833943
970285064, 970801522, 516458
970919122, 971391464, 472342
971509979, 971986207, 476228
972104493, 972576493, 472000
972694893, 973163121, 468228
973280493, 973922779, 642286
974048607, 974525864, 477257
974643579, 975112379, 468800
975230207, 975702779, 472572
975820607, 976290093, 469486
976408378, 976878778, 470400
976996264, 977601407, 605143
977727693, 978244264, 516571
978362779, 978833522, 470743
978952150, 979423007, 470857
979540493, 980008836, 468343
980128036, 980597636, 469600
980715121, 981184721, 469600
981302664, 982114550, 811886
982246436, 982769293, 522857
982887350, 983358550, 471200
983476264, 983939579, 463315
984056493, 984528493, 472000
984646207, 985114093, 467886
985231921, 985880265, 648344
986005864, 986485293, 479429
986603236, 987074207, 470971
987191807, 987658664, 466857
987776264, 988240036, 463772
988358207, 988819121, 460914
988936264, 989407007, 470743
989671579, 990200607, 529028
990318093, 990782664, 464571
990898322, 991367807, 469485
991485521, 991947807, 462286
992063236, 992531921, 468685
992650207, 993116950, 466743
993234093, 994002436, 768343
994130893, 994631007, 500114
994746893, 995216836, 469943
995335121, 995807121, 472000
995924721, 996219121, 294400
996321750, 996831921, 510171
996949293, 997417293, 468000
997682207, 998205750, 523543
998323464, 998796036, 472572
998914207, 999381521, 467314
999499693, 999960150, 460457
76264, 538550, 462286
652150, 1107464, 455314
1221750, 1854893, 633143
1980607, 2463236, 482629
2578550, 3049636, 471086
3166207, 3637179, 470972
3752721, 4218778, 466057
4334893, 4803807, 468914
4920036, 5390435, 470399
5775236, 6321636, 546400
6438436, 6908722, 470286
7024836, 7495693, 470857
7612150, 8076607, 464457
8192493, 8662550, 470057
8779921, 9243350, 463429
9358778, 10005750, 646972
10130093, 10604493, 474400
10721407, 11191921, 470514
11309750, 11770893, 461143
11890207, 12364950, 474743
12481978, 12953064, 471086
13070893, 13677065, 606172
13801750, 14307579, 505829
14425064, 14895122, 470058
15012264, 15481979, 469715
15599236, 16065636, 466400
16182550, 16646778, 464228
16763807, 17234778, 470971
17352150, 18182893, 830743
18313864, 18831464, 517600
18950322, 19423464, 473142
19542779, 20013636, 470857
20132150, 20605293, 473143
20724264, 21197521, 473257
21315121, 21959122, 644001
22085636, 22565293, 479657
22683922, 23155464, 471542
23274321, 23738436, 464115
23856721, 24327921, 471200
24447007, 24915236, 468229
25033635, 25660036, 626401
25786436, 26298436, 512000
26416722, 26888836, 472114
27007807, 27475121, 467314
27593293, 28055693, 462400
28601864, 29168378, 566514
29294435, 30086207, 791772
30214093, 30717636, 503543
30833979, 31303121, 469142
31421636, 31893407, 471771
32011007, 32481064, 470057
32598778, 33068493, 469715
33186321, 33817636, 631315
33940836, 34414893, 474057
34531350, 35004721, 473371
35123350, 35595693, 472343
35713293, 36182321, 469028
36298321, 36764721, 466400
36881407, 37172607, 291200
37274778, 38693636, 1418858
38832722, 39362779, 530057
39478207, 39938893, 460686
40054893, 40512036, 457143
40627007, 41084378, 457371
41199578, 41975122, 775544
42103007, 42614893, 511886
42732722, 43199921, 467199
43315807, 43779236, 463429
43896264, 44361521, 465257
44478550, 44769293, 290743
45058664, 45672150, 613486
45794436, 46288950, 494514
46405064, 46864836, 459772
46980036, 47439350, 459314
47555007, 48018893, 463886
48136264, 48596721, 460457
48711578, 49171464, 459886
49286550, 49911579, 625029
50035579, 50500950, 465371
50616036, 51078779, 462743
51195236, 51657979, 462743
51774321, 52232950, 458629
52348264, 52816836, 468572
52933978, 53397178, 463200
53781293, 54331807, 550514
54450664, 54917179, 466515
55034093, 55500150, 466057
55616721, 56085750, 469029
56202893, 56673978, 471085
56791350, 57256493, 465143
57372950, 58014207, 641257
58140493, 58608607, 468114
58725636, 59195121, 469485
59312264, 59780036, 467772
59897064, 60365978, 468914
60483350, 60946093, 462743
61062321, 61667350, 605029
61793065, 62288379, 495314
62403922, 62692264, 288342
62794093, 63384836, 590743
63501979, 63962207, 460228
64078664, 64542207, 463543
64658664, 65122093, 463429
65238550, 66003922, 765372
66131122, 66638436, 507314
66754550, 67218436, 463886
67335464, 67805750, 470286
67922893, 68393064, 470171
68510207, 68982207, 472000
69099350, 69729293, 629943
69854093, 70345407, 491314
70461979, 70929522, 467543
71046436, 71511921, 465485
71628950, 72098436, 469486
72215350, 72508150, 292800
72610664, 74102664, 1492000
74233864, 74759122, 525258
74876150, 75169293, 293143
75271350, 75764264, 492914
75879807, 76336493, 456686
76452264, 76913293, 461029
77029064, 77790322, 761258
77919693, 78451464, 531771
78566436, 79025293, 458857
79141293, 79610436, 469143
79728036, 80187007, 458971
80302550, 80761064, 458514
80876150, 81341978, 465828
81600493, 82109864, 509371
82226207, 82697522, 471315
82815007, 83287007, 472000
83404379, 83697979, 293600
83985293, 84459921, 474628
84576721, 85037293, 460572
85152378, 85776265, 623887
85901065, 86389293, 488228
86504950, 86973293, 468343
87089179, 87550779, 461600
87666436, 88135578, 469142
88252493, 88719921, 467428
88836950, 89308264, 471314
89425407, 90261636, 836229
90392836, 90908150, 515314
91025636, 91497521, 471885
91615007, 92085750, 470743
92202778, 92672836, 470058
92790321, 93250207, 459886
93365635, 94019579, 653944
94143922, 94620150, 476228
94737864, 95206779, 468915
95323350, 95618321, 294971
95920950, 96397636, 476686
96518321, 96989521, 471200
97105635, 97732836, 627201
97858093, 98346322, 488229
98461064, 98929979, 468915
99047350, 99511121, 463771
99626664, 100096493, 469829
100214207, 100684036, 469829
100801407, 101264721, 463314
101382093, 102209750, 827657
102340722, 102848722, 508000
102965179, 103431579, 466400
103549179, 104022207, 473028
104139921, 104612264, 472343
104730778, 105201293, 470515
105318093, 105960379, 642286
106086093, 106563007, 476914
106681293, 107145407, 464114
107261521, 107728036, 466515
107846207, 108315693, 469486
108433864, 108906321, 472457
109024493, 109636036, 611543
109761293, 110265522, 504229
110383350, 110841522, 458172
110957293, 111415693, 458400
111531693, 112001521, 469828
112120607, 112592950, 472343
112711007, 113177978, 466971
113296264, 114128493, 832229
114265293, 114779807, 514514
114898893, 115367921, 469028
115488036, 115955121, 467085
116074550, 116539578, 465028
116659007, 117125978, 466971
117244950, 117877293, 632343
118003579, 118487350, 483771
118606550, 119082779, 476229
119201979, 119669636, 467657
119788607, 120247807, 459200
120365178, 120837978, 472800
120957978, 121426207, 468229
121681979, 122209636, 527657
122329293, 122801636, 472343
123351350, 123903350, 552000
124029064, 124496607, 467543
124614550, 125093293, 478743
125210664, 126003350, 792686
126131464, 126638664, 507200
126756264, 127216721, 460457
127333636, 127798321, 464685
127915464, 128380493, 465029
128498207, 128966093, 467886
129083578, 129699122, 615544
129822665, 130322207, 499542
130439807, 130904836, 465029
131022664, 131492264, 469600
131610436, 132081636, 471200
132199807, 132661636, 461829
132777293, 133234893, 457600
133351578, 133989293, 637715
134114779, 134586893, 472114
134705064, 135169293, 464229
135288607, 135760607, 472000
135878893, 136339121, 460228
136454893, 136912721, 457828
137028264, 137762550, 734286
137890550, 138236607, 346057
138338550, 142577864, 4239314
142711807, 143230664, 518857
143346321, 143805293, 458972
143922093, 144380150, 458057
144496036, 144953864, 457828
145069750, 145685750, 616000
145809522, 146290893, 481371
146406779, 146877293, 470514
146994664, 147457179, 462515
147573293, 148029407, 456114
148145521, 148616378, 470857
148733978, 149200721, 466743
149317864, 150170893, 853029
150299350, 150807007, 507657
150923693, 151391121, 467428
151509179, 151978550, 469371
152096493, 152567921, 471428
152685978, 153151007, 465029
153268264, 153895350, 627086
154019464, 154493522, 474058
154609293, 155076379, 467086
155194436, 155659921, 465485
155776493, 156065407, 288914
156168493, 156825750, 657257
156953636, 157602893, 649257
157729750, 158235922, 506172
158353407, 158823807, 470400
158942093, 159415807, 473714
159533750, 160003350, 469600
160121064, 160592150, 471086
160710321, 161181407, 471086
161299235, 162123350, 824115
162254550, 162771693, 517143
162889179, 163357750, 468571
163475579, 163949750, 474171
164067350, 164533178, 465828
164651236, 165118435, 467199
165236607, 165873979, 637372
166000264, 166480493, 480229
166598436, 167069407, 470971
167187693, 167657064, 469371
167775121, 168238093, 462972
168354207, 168816264, 462057
168933750, 169400607, 466857
169655350, 170176836, 521486
170294779, 170761979, 467200
170879693, 171349179, 469486
171467236, 171929521, 462285
172045636, 172502550, 456914
172618321, 173088835, 470514
173207007, 173976722, 769715
174105064, 174617864, 512800
174735922, 175208721, 472799
175326664, 175796036, 469372
175914207, 176385064, 470857
176502664, 176971578, 468914
177089635, 177713293, 623658
177839350, 178331122, 491772
178449636, 178920036, 470400
179037979, 179509179, 471200
179627121, 180097750, 470629
180215464, 180684721, 469257
180801864, 181280493, 478629
181398207, 182030436, 632229
182155579, 182623350, 467771
182740950, 183211464, 470514
183329179, 183805636, 476457
183923464, 184390207, 466743
184506778, 184975921, 469143
185093635, 185385978, 292343
185960265, 186497407, 537142
186615807, 187087693, 471886
187205636, 187676836, 471200
187794779, 188261864, 467085
188379464, 188842093, 462629
188958321, 189561865, 603544
189689407, 190023464, 334057
190331579, 190810893, 479314
190933179, 191407807, 474628
191525636, 191992836, 467200
192109178, 192578664, 469486
192695236, 193165293, 470057
193283464, 193913979, 630515
194042664, 194345864, 303200
194640607, 195104264, 463657
195224950, 195695236, 470286
195813636, 196287464, 473828
196405636, 196878207, 472571
196996721, 197720379, 723658
197849407, 198386893, 537486
198505522, 198976722, 471200
199094779, 199562664, 467885
199681521, 200138778, 457257
200254893, 200728150, 473257
200847121, 201308721, 461600
201568836, 202091579, 522743
202216150, 202688379, 472229
202805979, 203278321, 472342
203396493, 203861979, 465486
203977636, 204445178, 467542
204563807, 205027007, 463200
205144607, 205768836, 624229
205894093, 206383807, 489714
206505864, 206977407, 471543
207096950, 207391350, 294400
207695350, 208170093, 474743
208293636, 208763236, 469600
208883693, 209354664, 470971
209739922, 210105179, 365257
210404950, 210885864, 480914
211005521, 211478321, 472800
211597864, 212067350, 469486
212187007, 212653864, 466857
212772950, 213246664, 473714
213366093, 214010893, 644800
214136264, 214607579, 471315
214727579, 215019350, 291771
215123807, 216633178, 1509371
217219464, 217961865, 742401
218090093, 218573750, 483657
218691579, 219164379, 472800
219282664, 219751921, 469257
219869979, 220340264, 470285
220458321, 220919121, 460800
221036835, 221781065, 744230
221910550, 222438322, 527772
222556150, 223025750, 469600
223143807, 223609521, 465714
223727350, 224199693, 472343
224318207, 224788721, 470514
224906321, 225379235, 472914
225643236, 226163693, 520457
226282207, 226746436, 464229
226862664, 227331579, 468915
227448950, 227916036, 467086
228033864, 228499578, 465714
228617064, 229088721, 471657
229206893, 229828379, 621486
229953407, 230432379, 478972
230550550, 231015579, 465029
231132607, 231604836, 472229
231723350, 232194436, 471086
232311807, 232781521, 469714
232899236, 233364607, 465371
233748265, 234301979, 553714
234421179, 234891579, 470400
235009179, 235483007, 473828
235601064, 235891579, 290515
236179693, 236649407, 469714
236765978, 237228950, 462972
237346664, 237988607, 641943
238113864, 238594207, 480343
238712722, 239180950, 468228
239298664, 239768950, 470286
239887007, 240350893, 463886
240468264, 240933750, 465486
241051578, 241654322, 602744
241780493, 242289750, 509257
242406893, 242875007, 468114
242991464, 243457750, 466286
243575579, 244039350, 463771
244156721, 244620950, 464229
244737407, 245205064, 467657
245323235, 246160950, 837715
246293407, 246815007, 521600
246933293, 247404607, 471314
247523236, 247986664, 463428
248104950, 248574664, 469714
248692150, 249166435, 474285
249283921, 249930436, 646515
250056379, 250531464, 475085
250649064, 251112607, 463543
251230321, 251699579, 469258
251817864, 252289636, 471772
252407921, 252881750, 473829
252999693, 253590665, 590972
253717293, 254233750, 516457
254351807, 254818550, 466743
254933522, 255401979, 468457
255519921, 255992264, 472343
256110321, 256575236, 464915
256693293, 257155350, 462057
257273064, 258027350, 754286
258155236, 258659693, 504457
258777293, 259241064, 463771
259359350, 259823693, 464343
259941864, 260411578, 469714
260530664, 260999350, 468686
261117293, 261744722, 627429
261870893, 262360493, 489600
262477750, 262945293, 467543
263063579, 263530664, 467085
263648150, 264110893, 462743
264226664, 264697064, 470400
264814436, 265287693, 473257
265405978, 266037064, 631086
266162779, 266627922, 465143
266746436, 267217293, 470857
267334893, 267802893, 468000
267920836, 268390321, 469485
268507578, 268974207, 466629
269092035, 269824836, 732801
269951922, 270489864, 537942
270607579, 271079807, 472228
271197864, 271669521, 471657
271787921, 272256264, 468343
272375007, 272837407, 462400
272953064, 273419693, 466629
273682893, 274209293, 526400
274326779, 274797750, 470971
274915807, 275385407, 469600
275501293, 275966436, 465143
276084378, 276552493, 468115
276669750, 277129978, 460228
277245978, 277872950, 626972
277997979, 278481407, 483428
278600036, 278895350, 295314
279183579, 279655464, 471885
279773293, 280240264, 466971
280359121, 280830436, 471315
280948836, 281419350, 470514
281794665, 282340607, 545942
282457979, 282922664, 464685
283040379, 283505293, 464914
283623350, 284092150, 468800
284210207, 284683007, 472800
284800378, 285268835, 468457
285387350, 286036150, 648800
286161522, 286628150, 466628
286746550, 287209293, 462743
287325407, 287794779, 469372
287913407, 288383693, 470286
288501293, 288971578, 470285
289089864, 289700265, 610401
289826436, 290317293, 490857
290434207, 290905636, 471429
291023464, 291490779, 467315
291608836, 292077978, 469142
292196264, 292665521, 469257
292783693, 293242664, 458971
293358550, 294188379, 829829
294320264, 294828493, 508229
294944607, 295405750, 461143
295522207, 295814893, 292686
296106093, 296583350, 477257
296702893, 297169293, 466400
297289521, 297935236, 645715
298062664, 298542207, 479543
298661522, 299131350, 469828
299251121, 299721521, 470400
299840950, 300306321, 465371
300424378, 300896493, 472115
301015693, 301623693, 608000
301750665, 302250779, 500114
302368264, 302829636, 461372
302947236, 303414664, 467428
303534207, 304009178, 474971
304129064, 304600493, 471429
304719807, 305188493, 468686
306089179, 306685293, 596114
306808150, 307272150, 464000
307390207, 307857979, 467772
307974321, 308439007, 464686
308556264, 309016950, 460686
309133750, 309765636, 631886
309892265, 310384950, 492685
310502893, 310975236, 472343
311092607, 311563007, 470400
311680836, 312149521, 468685
312267121, 312732493, 465372
312850207, 313315235, 465028
313468150, 314100950, 632800
314227122, 314699693, 472571
314817293, 315283807, 466514
315400036, 315865293, 465257
315983121, 316451007, 467886
316568836, 317031121, 462285
317147350, 317901636, 754286
318030093, 318559236, 529143
318677864, 319141407, 463543
319257293, 319724950, 467657
319842779, 320305636, 462857
320421750, 320890778, 469028
321008607, 321632150, 623543
321759350, 322266550, 507200
322384036, 322853750, 469714
322972264, 323441064, 468800
323558550, 324022436, 463886
324140264, 324606436, 466172
324724150, 325188950, 464800
325306664, 325938550, 631886
326064607, 326532607, 468000
326649750, 327121179, 471429
327239464, 327710207, 470743
327828950, 328655350, 826400
328793178, 329353407, 560229
329770207, 330326779, 556572
330446322, 330914779, 468457
331032493, 331498321, 465828
331616264, 332085636, 469372
332202436, 332669636, 467200
332786436, 333253978, 467542
333370321, 334015922, 645601
334141522, 334611464, 469942
334727693, 335199807, 472114
335318321, 335791007, 472686
335908607, 336379921, 471314
336497521, 336958207, 460686
337074207, 337688265, 614058
337813522, 338312607, 499085
338430779, 338899122, 468343
339017179, 339487921, 470742
339604264, 340074436, 470172
340192721, 340664264, 471543
340781978, 341252950, 470972
341370207, 342205750, 835543
342339007, 342847922, 508915
342963807, 343429521, 465714
343547007, 344013750, 466743
344131236, 344603921, 472685
344721978, 345192721, 470743
345311235, 345976493, 665258
346101750, 346575922, 474172
346694322, 347166436, 472114
347284607, 347756264, 471657
347874321, 348333864, 459543
348449978, 348917064, 467086
349034664, 349741865, 707201
349873407, 350409407, 536000
350526893, 350993179, 466286
351110893, 351581636, 470743
351699807, 352163693, 463886
352281293, 352746093, 464800
352864036, 353327350, 463314
353725979, 354266550, 540571
354384493, 354854893, 470400
354973293, 355438436, 465143
355554321, 356021636, 467315
356139693, 356608836, 469143
356726664, 357192150, 465486
357309407, 357946436, 637029
358071693, 358551007, 479314
358668836, 359132036, 463200
359248379, 359717407, 469028
359836264, 360130893, 294629
360434893, 360910207, 475314
361033521, 361655122, 621601
361781179, 362285407, 504228
362403807, 362875922, 472115
362993979, 363464150, 470171
363582779, 364050778, 467999
364168264, 364632036, 463772
364748150, 365218093, 469943
365335807, 366166550, 830743
366299236, 366813864, 514628
366931579, 367403464, 471885
367521636, 367992950, 471314
368109864, 368577521, 467657
368695121, 369167121, 472000
369284378, 369927465, 643087
370052379, 370525293, 472914
370643122, 371109064, 465942
371227236, 371700150, 472914
371817064, 372286321, 469257
372404721, 372874436, 469715
372992378, 373594322, 601944
373720379, 374046893, 326514
374358207, 374823350, 465143
374943579, 375411921, 468342
375530664, 375999693, 469029
376117407, 376588150, 470743
376705864, 377177178, 471314
377294893, 378134436, 839543
378266093, 378781522, 515429
378899236, 379372264, 473028
379491121, 379964264, 473143
380081864, 380549978, 468114
380667921, 381132835, 464914
381250321, 381888722, 638401
382014207, 382497636, 483429
382615236, 383086779, 471543
383204721, 383677293, 472572
383794550, 384261864, 467314
384379921, 384849064, 469143
384966664, 385432950, 466286
385685293, 386021064, 335771
386324493, 386808264, 483771
386930207, 387404493, 474286
387523921, 387994436, 470515
388113864, 388585293, 471429
388704150, 389175235, 471085
389293064, 390123236, 830172
390256607, 390776264, 519657
390896150, 391192150, 296000
391296379, 391902321, 605942
392021978, 392497407, 475429
392616721, 393092835, 476114
393212607, 393849750, 637143
393976722, 394461979, 485257
394581636, 395053407, 471771
395609979, 396180493, 570514
396306321, 396779121, 472800
396896836, 397368150, 471314
397637179, 398170093, 532914
398288150, 398753636, 465486
398871693, 399331693, 460000
399448264, 399919693, 471429
400038321, 400510436, 472115
400628036, 401098435, 470399
401216264, 401994093, 777829
402121864, 402635922, 514058
402753864, 403220493, 466629
403338321, 403801750, 463429
403919579, 404387578, 467999
404505178, 404973407, 468229
405090778, 405724836, 634058
405850436, 406333979, 483543
406450093, 406917864, 467771
407035693, 407498893, 463200
407616950, 408084378, 467428
408201407, 408669636, 468229
408787121, 409247464, 460343
409365521, 409997750, 632229
410122664, 410596607, 473943
410713979, 411185179, 471200
411303007, 411773179, 470172
411890779, 412354550, 463771
412472950, 412932836, 459886
413049864, 413789407, 739543
413917522, 414442893, 525371
414559579, 415025636, 466057
415144036, 415609521, 465485
415726893, 416197521, 470628
416315464, 416781407, 465943
416899464, 417372721, 473257
417641293, 418161864, 520571
418280036, 418752493, 472457
418870322, 419336036, 465714
419453864, 419919464, 465600
420037293, 420501978, 464685
420619807, 421086778, 466971
421204950, 421829636, 624686
421955693, 422439007, 483314
422557750, 423025521, 467771
423142779, 423609064, 466285
423726893, 424194664, 467771
424312378, 424783121, 470743
424901521, 425373293, 471772
425757179, 426299122, 541943
426416607, 426885522, 468915
427003693, 427474893, 471200
427592836, 428067007, 474171
428183350, 428653521, 470171
428771121, 429238321, 467200
429356721, 429995122, 638401
430120264, 430595579, 475315
430713750, 431184607, 470857
431302664, 431771236, 468572
431889293, 432356836, 467543
432474778, 432946093, 471315
433064150, 433680607, 616457
433806779, 434315236, 508457
434433636, 434898322, 464686
435015693, 435486321, 470628
435604379, 436074436, 470057
436191921, 436663464, 471543
436780721, 437248264, 467543
437365864, 438388493, 1022629
438523122, 439041521, 518399
439157864, 439627236, 469372
439745407, 440208493, 463086
440325521, 440800721, 475200
440919921, 441387921, 468000
441656379, 442184264, 527885
442303007, 442774664, 471657
442892950, 443359350, 466400
443477407, 443950664, 473257
444069864, 444539007, 469143
444657293, 445125864, 468571
445242321, 445868607, 626286
445994093, 446476950, 482857
446594779, 446887579, 292800
446991236, 447604150, 612914
447723807, 448194664, 470857
448312607, 448778321, 465714
448896264, 449361064, 464800
449762322, 450317522, 555200
450435693, 450900264, 464571
451018207, 451489407, 471200
451607350, 451902093, 294743
452209064, 452680150, 471086
452802778, 453270664, 467886
453388950, 454021522, 632572
454146436, 454613636, 467200
454731350, 455201979, 470629
455320264, 455793293, 473029
455911921, 456372950, 461029
456492836, 456964150, 471314
457081864, 457713293, 631429
457838665, 458326322, 487657
458443693, 458905293, 461600
459023693, 459497521, 473828
459614893, 460083578, 468685
460199807, 460669636, 469829
460786550, 461079464, 292914
461376721, 462219122, 842401
462352950, 462871350, 518400
462989636, 463461864, 472228
463579579, 464049978, 470399
464168150, 464630207, 462057
464745978, 465212835, 466857
465330664, 465982436, 651772
466107579, 466585064, 477485
466703236, 466995007, 291771
467098321, 467718779, 620458
467836264, 468302093, 465829
468418893, 468883578, 464685
469001178, 469612150, 610972
469738093, 470257293, 519200
470375350, 470841522, 466172
470958893, 471421179, 462286
471537293, 471999236, 461943
472116836, 472587350, 470514
472705407, 473176835, 471428
473294550, 474113636, 819086
474244607, 474757522, 512915
474875007, 475345750, 470743
475464493, 475927350, 462857
476044607, 476511007, 466400
476630321, 477096721, 466400
477215350, 477861179, 645829
477987579, 478472836, 485257
478591922, 479064950, 473028
479184150, 479655464, 471314
479775007, 480244836, 469829
480365064, 480831121, 466057
480950778, 481423578, 472800
481682093, 482203693, 521600
482322093, 482797522, 475429
482917522, 483388379, 470857
483507464, 483980607, 473143
484100378, 484572493, 472115
485145864, 486025864, 880000
486157636, 486662893, 505257
486778893, 487247350, 468457
487365064, 487826664, 461600
487944379, 488409064, 464685
488526778, 488998207, 471429
489116150, 489740265, 624115
489865636, 490360836, 495200
490478322, 490943922, 465600
491061293, 491525064, 463771
491642436, 492109978, 467542
492226778, 492520950, 294172
492837293, 493313635, 476342
493564265, 494089293, 525028
494215350, 494686664, 471314
494804607, 495270893, 466286
495388721, 495859007, 470286
495977407, 496436264, 458857
496552036, 497021064, 469028
497138435, 497429635, 291200
498010550, 498531007, 520457
498647350, 499117407, 470057
499235579, 499703921, 468342
499821750, 500292150, 470400
500410321, 500878893, 468572
500995921, 501637065, 641144
501763350, 502274893, 511543
502391579, 502861636, 470057
502977750, 503450436, 472686
503567921, 504030893, 462972
504147350, 504604836, 457486
504721750, 505192378, 470628
505310550, 505946893, 636343
506072150, 506552836, 480686
506671693, 507140493, 468800
507258093, 507724150, 466057
507840493, 508309636, 469143
508427236, 508894778, 467542
509012493, 509746322, 733829
509874665, 510404150, 529485
510520036, 510984264, 464228
511102321, 511571350, 469029
511690321, 512161407, 471086
512278321, 512744378, 466057
512861636, 513334321, 472685
513452493, 514105522, 653029
514230550, 514698550, 468000
514817064, 515285407, 468343
515403350, 515875693, 472343
515993636, 516455921, 462285
516574207, 517040493, 466286
517157864, 517786779, 628915
517911007, 518396493, 485486
518514550, 518988264, 473714
519106893, 519576036, 469143
519694207, 520162093, 467886
520279578, 520753293, 473715
520871350, 521336721, 465371
521708265, 522253179, 544914
522381407, 522841407, 460000
522959693, 523432264, 472571
523551007, 524019007, 468000
524136836, 524608493, 471657
524726550, 525196150, 469600
525314093, 525958093, 644000
526084150, 526558093, 473943
526677064, 527143693, 466629
527261407, 527725179, 463772
527841407, 528313064, 471657
528430664, 528895464, 464800
529011693, 529612379, 600686
529740036, 530259122, 519086
530377179, 530848036, 470857
530966093, 531426779, 460686
531543007, 532011007, 468000
532128836, 532596836, 468000
532714778, 533187693, 472915
533306321, 534137750, 831429
534270436, 534785750, 515314
534904379, 535375350, 470971
535493293, 535965979, 472686
536083807, 536550436, 466629
536668493, 537135693, 467200
537253407, 537887007, 633600
538012036, 538496036, 484000
538614093, 539085750, 471657
539203121, 539673864, 470743
539792607, 540259807, 467200
540379007, 540847464, 468457
540963921, 541429978, 466057
541681636, 542203236, 521600
542321750, 542796150, 474400
542914893, 543385064, 470171
543502664, 543974664, 472000
544092607, 544554436, 461829
544672264, 545141064, 468800
545258550, 546017750, 759200
546145750, 546649179, 503429
546765636, 547236264, 470628
547353979, 547817750, 463771
547935121, 548402207, 467086
548520378, 548984036, 463658
549101864, 549728493, 626629
549853979, 550351464, 497485
550469750, 550935464, 465714
551053293, 551513407, 460114
551630779, 552094207, 463428
552211807, 552679921, 468114
552798093, 553093978, 295885
553196835, 553995807, 798972
554122207, 554592264, 470057
554709750, 555179921, 470171
555298093, 555768607, 470514
555886207, 556355464, 469257
556473178, 556935121, 461943
557050778, 557342550, 291772
557964722, 558475236, 510514
558600607, 559075921, 475314
559193293, 559665064, 471771
559783464, 560245864, 462400
560363464, 560833864, 470400
560951921, 561413178, 461257
561676493, 562191464, 514971
562308607, 562778093, 469486
562894893, 563369064, 474171
563487579, 563952721, 465142
564074321, 564538778, 464457
564658550, 564950893, 292343
565241064, 565857750, 616686
565984607, 566464493, 479886
566584264, 567056607, 472343
567175921, 567644379, 468458
567763464, 568224493, 461029
568341750, 568815921, 474171
568935350, 569403235, 467885
569783007, 570328036, 545029
570447122, 570906550, 459428
571024036, 571499236, 475200
571619121, 572091807, 472686
572210778, 572681064, 470286
572799236, 573267578, 468342
574019807, 574616836, 597029
574739236, 575208264, 469028
575326093, 575796036, 469943
575914321, 576385293, 470972
576503007, 576978207, 475200
577096150, 577725065, 628915
577851236, 578356379, 505143
578473750, 578937979, 464229
579054321, 579518550, 464229
579636036, 580099921, 463885
580216150, 580680950, 464800
580798664, 581267464, 468800
581385407, 582227350, 841943
582358436, 582873522, 515086
582992264, 583468036, 475772
583585636, 584054436, 468800
584171693, 584645293, 473600
584763121, 585232835, 469714
585350321, 586001064, 650743
586126664, 586598436, 471772
586714322, 587184379, 470057
587302664, 587778664, 476000
587896379, 588363921, 467542
588481978, 588949636, 467658
589065750, 589672722, 606972
589798093, 590298893, 500800
590416379, 590876950, 460571
590995350, 591470664, 475314
591587921, 592061293, 473372
592177864, 592647121, 469257
592765178, 593229750, 464572
593347921, 594178550, 830629
594311122, 594820150, 509028
594935922, 595395236, 459314
595511121, 595984379, 473258
596102207, 596573178, 470971
596691350, 597158664, 467314
597276035, 597927122, 651087
598052379, 598522550, 470171
598638550, 599105864, 467314
599223693, 599688607, 464914
599806207, 600270664, 464457
600389178, 600683464, 294286
600970207, 601576722, 606515
601703693, 602035464, 331771
602331693, 602808950, 477257
602928150, 603391350, 463200
603507464, 603973407, 465943
604092607, 604561750, 469143
604680036, 605147578, 467542
605266550, 606034664, 768114
606162893, 606674436, 511543
606792836, 607268950, 476114
607387236, 607851807, 464571
607969750, 608442550, 472800
608560721, 609028150, 467429
609145750, 609775007, 629257
609899693, 610384379, 484686
610501750, 610972493, 470743
611090436, 611560036, 469600
611678093, 612150550, 472457
612267464, 612729407, 461943
612845293, 613312150, 466857
613560607, 614083236, 522629
614209293, 614675579, 466286
614793293, 615267921, 474628
615385864, 615855807, 469943
615973293, 616440378, 467085
616558778, 617028035, 469257
617145978, 617897179, 751201
618024379, 618539122, 514743
618655122, 619120493, 465371
619238207, 619708379, 470172
619826550, 620297407, 470857
620416036, 620883350, 467314
621001407, 621614436, 613029
621740607, 622255236, 514629
622371693, 622832264, 460571
622948150, 623416607, 468457
623534893, 623994436, 459543
624110321, 624581407, 471086
624699464, 625169864, 470400
625287578, 625918436, 630858
626043236, 626507236, 464000
626623693, 627092379, 468686
627210207, 627682093, 471886
627799350, 628272378, 473028
628390778, 628854321, 463543
628972607, 629443235, 470628
629819922, 630363007, 543085
630481064, 630957522, 476458
631075464, 631547693, 472229
631665636, 632136036, 470400
632254207, 632716950, 462743
632834550, 633304378, 469828
633422550, 633890436, 467886
634005293, 634626322, 621029
634745750, 635213979, 468229
635331121, 635792379, 461258
635908836, 636379578, 470742
636497293, 636967464, 470171
637085407, 637695007, 609600
637821750, 638315007, 493257
638432036, 638895350, 463314
639012721, 639484379, 471658
639603121, 640073178, 470057
640191350, 640660036, 468686
640778093, 641241293, 463200
641358664, 642200607, 841943
642331579, 642844264, 512685
642961522, 643433750, 472228
643551807, 644017864, 466057
644134321, 644607578, 473257
644725521, 645193064, 467543
645311007, 645952722, 641715
646077750, 646548722, 470972
646666093, 647135579, 469486
647253636, 647719579, 465943
647837407, 648304150, 466743
648421864, 648887121, 465257
649004835, 649614436, 609601
649739579, 650248836, 509257
650367236, 650831693, 464457
650949750, 651410207, 460457
651528150, 651995236, 467086
652113407, 652578550, 465143
652696950, 653164721, 467771
653282207, 654108036, 825829
654240950, 654759007, 518057
654878779, 655353064, 474285
655472493, 655941750, 469257
656060836, 656532264, 471428
656652036, 657122321, 470285
657241064, 657880607, 639543
658007579, 658489636, 482057
658608493, 659082436, 473943
659202207, 659676264, 474057
659795464, 660268378, 472914
660386436, 660857521, 471085
660976493, 661275578, 299085
661704722, 662228150, 523428
662776836, 663335579, 558743
663461293, 663920379, 459086
664037636, 664328721, 291085
664612950, 665085521, 472571
665203121, 665992722, 789601
666120950, 666629750, 508800
666747579, 667223121, 475542
667341636, 667811693, 470057
667929064, 668393521, 464457
668509864, 668977407, 467543
669095007, 669721179, 626172
669846779, 670338779, 492000
670456264, 670919007, 462743
671035121, 671489407, 454286
671605636, 672070321, 464685
672187693, 672662436, 474743
672779121, 673073635, 294514
673364493, 673998322, 633829
674123236, 674592379, 469143
674710093, 675178664, 468571
675295579, 675769293, 473714
675887579, 676360150, 472571
676477978, 676946321, 468343
677065064, 677804036, 738972
677932379, 678458550, 526171
678574779, 679037636, 462857
679156379, 679624607, 468228
679743807, 680214664, 470857
680332378, 680801178, 468800
680919007, 681384835, 465828
681655465, 682182093, 526628
682300036, 682770093, 470057
682888493, 683361064, 472571
683479007, 683772836, 293829
684070207, 684547693, 477486
684669407, 685138321, 468914
685256607, 685881179, 624572
686007236, 686488493, 481257
686607007, 687076379, 469372
687194321, 687667807, 473486
687785979, 688077978, 291999
688368378, 688837978, 469600
688956036, 689416835, 460799
689789522, 690340036, 550514
690457864, 690929636, 471772
691048379, 691509293, 460914
691626093, 692092950, 466857
692210778, 692673636, 462858
692791921, 693260150, 468229
693377864, 694020607, 642743
694145179, 694609064, 463885
694726550, 695198550, 472000
695316836, 695789179, 472343
695907007, 696380493, 473486
696497978, 696963807, 465829
697080378, 697694207, 613829
697819465, 698317864, 498399
698436036, 698905979, 469943
699023807, 699493407, 469600
699612264, 700078093, 465829
700195807, 700663921, 468114
700781750, 701246321, 464571
701363464, 702198322, 834858
702328836, 702849522, 520686
702967007, 703440493, 473486
703558207, 704021178, 462971
704137064, 704607236, 470172
704726436, 705197064, 470628
705314550, 705967236, 652686
706092836, 706569293, 476457
706686322, 707157979, 471657
707275921, 707568150, 292229
707860493, 708329407, 468914
708446664, 708915121, 468457
709033064, 709638322, 605258
709764265, 710269407, 505142
710385979, 710856150, 470171
710973636, 711440607, 466971
711558436, 712022207, 463771
712139921, 712611693, 471772
712729864, 713193521, 463657
713310778, 714147579, 836801
714279464, 714797750, 518286
714915693, 715390779, 475086
715509407, 715982893, 473486
716100836, 716579578, 478742
716697521, 717166550, 469029
717283350, 717928950, 645600
718053750, 718523464, 469714
718642550, 719109979, 467429
719227236, 719691693, 464457
719809979, 720100378, 290399
720406207, 720880950, 474743
721002778, 721607922, 605144
721734436, 722234893, 500457
722351693, 722822093, 470400
722940036, 723410436, 470400
723528150, 723993864, 465714
724109636, 724577178, 467542
724695007, 725163350, 468343
725281864, 726098207, 816343
726229522, 726736722, 507200
726852722, 727310207, 457485
727427464, 727889179, 461715
728005636, 728475578, 469942
728593521, 729064950, 471429
729182664, 729829293, 646629
729954779, 730434550, 479771
730553179, 731015464, 462285
731131350, 731593636, 462286
731710664, 732178893, 468229
732296264, 733350664, 1054400
733644379, 734218550, 574171
734340150, 734817979, 477829
734936264, 735397750, 461486
735514550, 735979236, 464686
736096721, 736563807, 467086
736681750, 737145293, 463543
737263693, 738027464, 763771
738154664, 738671693, 517029
738789750, 739263350, 473600
739381179, 739846207, 465028
739965179, 740436721, 471542
740554893, 741020950, 466057
741139693, 741762665, 622972
741886893, 742377179, 490286
742495807, 742963922, 468115
743084379, 743558893, 474514
743680379, 744148036, 467657
744267007, 744744264, 477257
744863693, 745326321, 462628
745443807, 746092150, 648343
746218893, 746687007, 468114
746806436, 747273521, 467085
747393407, 747863121, 469714
747982436, 748455350, 472914
748575464, 749049864, 474400
749169407, 749917522, 748115
750047350, 750566207, 518857
750683922, 751152836, 468914
751270779, 751741636, 470857
751861179, 752325407, 464228
752926893, 753666093, 739200
753796150, 754299464, 503314
754417064, 754890664, 473600
755009064, 755302550, 293486
755405293, 756016607, 611314
756140036, 756611007, 470971
756728721, 757191693, 462972
757308150, 757941179, 633029
758067122, 758545407, 478285
758663579, 759130436, 466857
759247921, 759715464, 467543
759832950, 760294893, 461943
760412493, 760879464, 466971
760997407, 761725065, 727658
761855807, 762396036, 540229
762514779, 762986207, 471428
763103921, 763567121, 463200
763685750, 764163578, 477828
764282207, 764751464, 469257
764868607, 765335578, 466971
765598322, 766116036, 517714
766236150, 766705636, 469486
766824722, 767290207, 465485
767408150, 767873293, 465143
767990664, 768461864, 471200
768579236, 768873407, 294171
769163121, 769786665, 623544
769911465, 770386893, 475428
770503693, 770977179, 473486
771095236, 771567693, 472457
771685064, 772156607, 471543
772274550, 772742436, 467886
772860150, 773328493, 468343
773711693, 774267007, 555314
774389750, 774861179, 471429
774979464, 775448036, 468572
775566321, 776026893, 460572
776143464, 776610321, 466857
776727807, 777189178, 461371
777305064, 777937865, 632801
778063464, 778535579, 472115
778653293, 779119464, 466171
779237636, 779706550, 468914
779824836, 780292950, 468114
780410093, 780877293, 467200
780995350, 781598207, 602857
781725522, 782235922, 510400
782352264, 782823579, 471315
782941407, 783406207, 464800
783522321, 783993521, 471200
784111121, 784582321, 471200
784700607, 785170664, 470057
785287121, 786131807, 844686
786263693, 786783807, 520114
786900722, 787369750, 469028
787487693, 787956493, 468800
788074778, 788546664, 471886
788664836, 789138207, 473371
789256035, 789891350, 635315
790016836, 790492836, 476000
790608722, 791078893, 470171
791197636, 791666436, 468800
791784036, 792251693, 467657
792369521, 792834321, 464800
792951578, 793412607, 461029
793665636, 794001750, 336114
794294436, 794770550, 476114
794888493, 795361179, 472686
795477521, 795771121, 293600
796059236, 796534207, 474971
796651921, 797117293, 465372
797233407, 798006207, 772800
798135007, 798640836, 505829
798756722, 799226436, 469714
799344379, 799810093, 465714
799927350, 800390321, 462971
800508150, 800801521, 293371
801100493, 801735122, 634629
801864722, 802366436, 501714
802484607, 802954664, 470057
803073179, 803545636, 472457
803662893, 804134436, 471543
804252378, 804715921, 463543
804833293, 805298093, 464800
805416264, 806055807, 639543
806180950, 806645636, 464686
806763693, 807231579, 467886
807349064, 807809407, 460343
807925064, 808383921, 458857
808500036, 808970550, 470514
809088264, 809834893, 746629
809963465, 810486207, 522742
810601750, 811071693, 469943
811189979, 811662893, 472914
811780721, 812250321, 469600
812368493, 812834893, 466400
812952378, 813414207, 461829
813677293, 814193750, 516457
814311236, 814786893, 475657
814904722, 815374779, 470057
815492836, 815964036, 471200
816080950, 816542321, 461371
816660150, 817127921, 467771
817244378, 817884150, 639772
818009522, 818488607, 479085
818606207, 819074321, 468114
819191693, 819660379, 468686
819778436, 820245636, 467200
820363350, 820834778, 471428
820952264, 821414321, 462057
821788950, 822328264, 539314
822444722, 822915464, 470742
823034436, 823496036, 461600
823612379, 824074321, 461942
824192150, 824653978, 461828
824771807, 825244378, 472571
825362321, 826005636, 643315
826130550, 826601864, 471314
826720264, 827185750, 465486
827303350, 827772607, 469257
827890550, 828363350, 472800
828479693, 828949407, 469714
829066664, 829678893, 612229
829804607, 830306550, 501943
830424379, 830889179, 464800
831006321, 831476607, 470286
831598893, 832071807, 472914
832190550, 832661864, 471314
832781293, 833253293, 472000
833372721, 834203693, 830972
834337064, 834855922, 518858
834975807, 835449750, 473943
835569407, 836039007, 469600
836157750, 836630207, 472457
836749864, 837217864, 468000
837335350, 837986665, 651315
838113293, 838587350, 474057
838706664, 839177407, 470743
839296379, 839770550, 474171
839889636, 840361407, 471771
840481293, 840945978, 464685
841712036, 842295922, 583886
842418436, 842885750, 467314
843003579, 843469407, 465828
843587007, 844054893, 467886
844173064, 844642664, 469600
844759578, 845228378, 468800
845347350, 846196493, 849143
846329179, 846845979, 516800
846964150, 847426093, 461943
847542664, 848009750, 467086
848128493, 848599121, 470628
848717978, 849188150, 470172
849306778, 849947236, 640458
850072493, 850551693, 479200
850669979, 851140150, 470171
851258093, 851725979, 467886
851844493, 852311807, 467314
852429064, 852895578, 466514
853014093, 853614322, 600229
853739922, 854252607, 512685
854371350, 854843579, 472229
854961864, 855423121, 461257
855540150, 855998436, 458286
856115007, 856585407, 470400
856703921, 857176493, 472572
857294093, 858118436, 824343
858250436, 858771922, 521486
858889979, 859363121, 473142
859480836, 859952150, 471314
860068036, 860534321, 466285
860653064, 861120721, 467657
861238321, 861876493, 638172
862001979, 862484950, 482971
862602893, 863069750, 466857
863187579, 863657636, 470057
863775236, 864247007, 471771
864365521, 864837407, 471886
864955007, 865424607, 469600
865684379, 866196607, 512228
866315807, 866787236, 471429
866904950, 867377864, 472914
867496493, 867967236, 470743
868084950, 868552378, 467428
868670093, 869136150, 466057
869253978, 870011922, 757944
870139807, 870649636, 509829
870767464, 871231579, 464115
871349064, 871822893, 473829
871940493, 872409178, 468685
872527807, 872996607, 468800
873113978, 873739693, 625715
873865750, 874357179, 491429
874474550, 874945522, 470972
875063007, 875530550, 467543
875648150, 876113750, 465600
876231807, 876701636, 469829
876819121, 877290207, 471086
877408150, 878047236, 639086
878171350, 878644379, 473029
878763122, 879233979, 470857
879351236, 879813293, 462057
879929293, 880395578, 466285
880513521, 880980950, 467429
881098893, 881856722, 757829
881984836, 882514322, 529486
882632379, 883102207, 469828
883220607, 883685979, 465372
883803693, 884269750, 466057
884387236, 884856721, 469485
884975121, 885444493, 469372
885710893, 886224607, 513714
886340950, 886801407, 460457
886917750, 887389179, 471429
887507579, 887974093, 466514
888091807, 888561178, 469371
888679236, 889152150, 472914
889270550, 889888607, 618057
890013407, 890488036, 474629
890604607, 891075693, 471086
891193979, 891666550, 472571
891784721, 892255121, 470400
892373293, 892843121, 469828
892960493, 893423350, 462857
893796722, 894334550, 537828
894450664, 894917750, 467086
895036150, 895503236, 467086
895621179, 896092493, 471314
896210550, 896679464, 468914
896796721, 897261978, 465257
897379693, 898022322, 642629
898147350, 898615922, 468572
898734550, 899198436, 463886
899314207, 899784836, 470629
899902893, 900197178, 294285
900299921, 906600149, 6300228
906733749, 907079921, 346172
907183006, 910514664, 3331658
910645292, 911180035, 534743
911297864, 911768035, 470171
911885521, 912358321, 472800
912475921, 912944264, 468343
913060149, 913894893, 834744
914082550, 914772608, 690058
914952608, 915600150, 647542
915779350, 916428265, 648915
916608265, 917250665, 642400
917429522, 918501179, 1071657
918629522, 919134550, 505028
919250322, 919707807, 457485
919823693, 920289293, 465600
920407121, 920879693, 472572
920997750, 921609408, 611658
921737408, 922257522, 520114
922374207, 922843465, 469258
922961636, 923427007, 465371
923544722, 924003922, 459200
924120264, 924585407, 465143
924703007, 925171693, 468686
925289064, 925911807, 622743
926036150, 926507922, 471772
926624036, 927094207, 470171
927212379, 927682893, 470514
927801064, 928266321, 465257
928384836, 928855464, 470628
928973407, 929445521, 472114
929829636, 930383007, 553371
930502436, 930972607, 470171
931091693, 931564607, 472914
931684493, 932157979, 473486
932277407, 932739464, 462057
932857064, 933320836, 463772
933588836, 934098779, 509943
934223350, 934690322, 466972
934809636, 935284379, 474743
935404836, 935877750, 472914
935997179, 936464607, 467428
936584950, 937057407, 472457
937176721, 937820722, 644001
937947579, 938433407, 485828
938553636, 939021522, 467886
939140722, 939613522, 472800
940171007, 940743350, 572343
940869407, 941333179, 463772
941746779, 942292265, 545486
942410093, 942881864, 471771
943000493, 943465979, 465486
943583236, 944048379, 465143
944166550, 944637064, 470514
944755007, 945225750, 470743
945344378, 945994550, 650172
946120036, 946591465, 471429
946708150, 947179693, 471543
947296722, 947765179, 468457
947881293, 948346550, 465257
948464607, 948936379, 471772
949053864, 949668836, 614972
949794093, 950295350, 501257
950411350, 950874664, 463314
950991693, 951457522, 465829
951575693, 952047236, 471543
952165750, 952629636, 463886
952746893, 953213407, 466514
953331807, 954173865, 842058
954306779, 954820836, 514057
954936722, 955410665, 473943
955528493, 955997293, 468800
956116150, 956583236, 467086
956700722, 957167236, 466514
957284264, 957935007, 650743
958059922, 958536950, 477028
958654893, 959124264, 469371
959242093, 959705179, 463086
959821293, 960286093, 464800
960403579, 960869521, 465942
960987807, 961589065, 601258
961714436, 962226436, 512000
962344493, 962802893, 458400
962918665, 963389979, 471314
963508265, 963979579, 471314
964097522, 964568493, 470971
964687350, 965156379, 469029
965274093, 966051236, 777143
966179350, 966693179, 513829
966810779, 967282207, 471428
967400264, 967696493, 296229
967799007, 968420607, 621600
968538779, 969011921, 473142
969130093, 969759579, 629486
969883579, 970373750, 490171
970491693, 970964150, 472457
971082207, 971544722, 462515
971663122, 972125522, 462400
972243579, 972701864, 458285
972817979, 973275464, 457485
973391693, 974027922, 636229
974152836, 974620836, 468000
974738664, 975202322, 463658
975319236, 975790893, 471657
975908607, 976380493, 471886
976497864, 976969864, 472000
977087807, 977827008, 739201
977954893, 978486207, 531314
978603122, 979077979, 474857
979195807, 979661750, 465943
979779922, 980244379, 464457
980362779, 980833407, 470628
980951579, 981418207, 466628
981686550, 982211350, 524800
982329522, 982797179, 467657
982914436, 983381979, 467543
983499807, 983968150, 468343
984085750, 984555579, 469829
984674207, 985138436, 464229
985256607, 985893636, 637029
986019465, 986500036, 480571
986618665, 987086207, 467542
987204150, 987672493, 468343
987790664, 988260379, 469715
988376836, 988841636, 464800
988957636, 989595579, 637943
989809522, 990347693, 538171
990463350, 990933864, 470514
991051807, 991527236, 475429
991645979, 992120150, 474171
992237521, 992703921, 466400
992822664, 993285978, 463314
993403578, 994059007, 655429
994184607, 994660036, 475429
994777636, 995246436, 468800
995364493, 995832150, 467657
995949064, 996411007, 461943
996527350, 996994893, 467543
997112493, 997741750, 629257
997867350, 998183465, 316115
998493979, 998973636, 479657
999095922, 999571807, 475885
999689979, 158093, -999531886
278664, 756607, 477943
871921, 1342207, 470286
1745979, 2302322, 556343
2419236, 2884379, 465143
3000722, 3468379, 467657
3583579, 4053636, 470057
4169864, 4643236, 473372
4759464, 5224722, 465258
5341064, 5986893, 645829
6110665, 6587236, 476571
6703122, 7176950, 473828
7292722, 7760036, 467314
7876264, 8170321, 294057
8272836, 8873521, 600685
8988607, 9591693, 603086
9716379, 10238436, 522057
10355579, 10826665, 471086
10943807, 11408379, 464572
11524493, 11994436, 469943
12111579, 12578550, 466971
12695922, 13165293, 469371
13282436, 14057865, 775429
14186436, 14685407, 498971
14800836, 15274664, 473828
15392836, 15863579, 470743
15980950, 16449864, 468914
16567693, 17036150, 468457
17152607, 17783465, 630858
17906665, 18385636, 478971
18501979, 18973636, 471657
19091579, 19567122, 475543
19683236, 20152722, 469486
20270207, 20740950, 470743
20857636, 21323807, 466171
21575350, 22084150, 508800
22208950, 22686207, 477257
22805864, 23275807, 469943
23393979, 23862550, 468571
23979921, 24449636, 469715
24568150, 25038093, 469943
25156950, 25909179, 752229
26037179, 26561522, 524343
26680379, 27145636, 465257
27264150, 27733065, 468915
27850664, 28334093, 483429
28452836, 28925064, 472228
29043693, 29672036, 628343
29799350, 30308036, 508686
30426436, 30897522, 471086
31016607, 31481750, 465143
32020150, 32581979, 561829
32707007, 33182664, 475657
33300378, 33767122, 466744
34079579, 34564493, 484914
34682436, 35153865, 471429
35270550, 35741636, 471086
35858550, 36326893, 468343
36444722, 36914779, 470057
37031807, 37770436, 738629
37897636, 38409865, 512229
38525179, 38993636, 468457
39109179, 39577636, 468457
39694664, 40157864, 463200
40273864, 40749179, 475315
40866207, 41334207, 468000
41451921, 42108265, 656344
42231350, 42691807, 460457
42807122, 43279465, 472343
43397293, 43866436, 469143
43984036, 44452722, 468686
44569636, 45037179, 467543
45154322, 45782893, 628571
45907007, 46395693, 488686
46512950, 46978893, 465943
47095693, 47559350, 463657
47677179, 48148721, 471542
48264721, 48558779, 294058
48847693, 49312036, 464343
49687122, 50229179, 542057
50357065, 50828150, 471085
50945179, 51408950, 463771
51524036, 51983579, 459543
52099464, 52570322, 470858
52688493, 53159122, 470629
53276036, 53913636, 637600
54037293, 54515122, 477829
54632379, 55098436, 466057
55215807, 55675922, 460115
55791693, 56262893, 471200
56379921, 56851007, 471086
56968150, 57438207, 470057
57699922, 58214322, 514400
58329865, 58801865, 472000
58919922, 59393179, 473257
59510322, 59977750, 467428
60095007, 60562093, 467086
60678893, 61145864, 466971
61262779, 62086093, 823314
62216379, 62727579, 511200
62842664, 63313979, 471315
63432036, 63896722, 464686
64013750, 64476836, 463086
64593407, 65060721, 467314
65178093, 65828608, 650515
65953065, 66431922, 478857
66549179, 67013407, 464228
67129865, 67592036, 462171
67707007, 68178436, 471429
68295464, 68764379, 468915
68881750, 69350664, 468914
69611693, 70136950, 525257
70254665, 70723122, 468457
70840036, 71309750, 469714
71427464, 71893407, 465943
72009979, 72476036, 466057
72593179, 73062664, 469485
73178893, 73951236, 772343
74077979, 74594436, 516457
74711122, 75181179, 470057
75299007, 75765522, 466515
75882093, 76351464, 469371
76469407, 76936950, 467543
77054779, 77676607, 621828
77801065, 78305293, 504228
78422779, 78886779, 464000
79003579, 79475807, 472228
79593750, 80069750, 476000
80186779, 80659121, 472342
80776379, 81244836, 468457
81361521, 82004379, 642858
82130436, 82604607, 474171
82721750, 83185179, 463429
83302322, 83768836, 466514
83886207, 84353064, 466857
84469750, 84933522, 463772
85050779, 85765750, 714971
85893179, 86411579, 518400
86526893, 86998893, 472000
87116836, 87583007, 466171
87699922, 88166550, 466628
88282207, 88751807, 469600
88868150, 89337750, 469600
89606550, 90134207, 527657
90251465, 90717293, 465828
90833293, 91301065, 467772
91417750, 91887350, 469600
92005179, 92473522, 468343
92589979, 93058322, 468343
93175922, 93808150, 632228
93931922, 94410550, 478628
94525407, 94987922, 462515
95105293, 95575122, 469829
95693636, 96163693, 470057
96280836, 96748379, 467543
96866093, 97339578, 473485
97738665, 98295922, 557257
98415007, 98880950, 465943
98998436, 99463350, 464914
99580950, 100046093, 465143
100162550, 100460264, 297714
100749750, 101212493, 462743
101328607, 101979122, 650515
102104607, 102578093, 473486
102695807, 103164036, 468229
103282207, 103753864, 471657
103872036, 104164836, 292800
104267693, 104887464, 619771
105005407, 105610893, 605486
105737179, 106239122, 501943
106357636, 106828950, 471314
106947807, 107410436, 462629
107526436, 107992607, 466171
108110207, 108579007, 468800
108696607, 109164607, 468000
109282207, 110120836, 838629
110253636, 110774664, 521028
110893522, 111368150, 474628
111485864, 111954550, 468686
112072379, 112548836, 476457
112666550, 113133064, 466514
113251007, 113889636, 638629
114014893, 114497293, 482400
114616265, 115084722, 468457
115201979, 115672722, 470743
115791693, 116261293, 469600
116380607, 116854550, 473943
116974322, 117444264, 469942
117705865, 118235007, 529142
118353979, 118825522, 471543
118944493, 119409636, 465143
119527122, 119992721, 465599
120111921, 120575579, 463658
120693179, 121165521, 472342
121285064, 122068607, 783543
122198322, 122706665, 508343
122825522, 123289179, 463657
123408150, 123875236, 467086
123994436, 124467693, 473257
124587807, 125059464, 471657
125832722, 126400836, 568114
126523007, 126979922, 456915
127099350, 127579693, 480343
127697750, 128169064, 471314
128286779, 128750893, 464114
128868721, 129337636, 468915
129600265, 130128036, 527771
130249065, 130722436, 473371
130841065, 131307465, 466400
131425065, 131887007, 461942
132004836, 132469064, 464228
132587236, 133057407, 470171
133175350, 133950779, 775429
134079236, 134593979, 514743
134710893, 135180036, 469143
135298322, 135766664, 468342
135884379, 136352607, 468228
136470093, 136943121, 473028
137061293, 137688265, 626972
137813522, 138309865, 496343
138426322, 138890093, 463771
139007693, 139477522, 469829
139595579, 140066779, 471200
140184836, 140660036, 475200
140778093, 141245750, 467657
141362322, 141999922, 637600
142125865, 142597065, 471200
142714664, 143185407, 470743
143303122, 143765636, 462514
143883350, 144352036, 468686
144470779, 144939807, 469028
145057864, 145798779, 740915
145927579, 146461865, 534286
146580036, 147052607, 472571
147171350, 147643465, 472115
147761179, 148226322, 465143
148344264, 148812036, 467772
148929636, 149394207, 464571
149663579, 150000950, 337371
150298779, 150771007, 472228
150888950, 151364036, 475086
151482779, 151953750, 470971
152071350, 152539121, 467771
152656607, 153121636, 465029
153238207, 153872722, 634515
153998665, 154478665, 480000
154596265, 155061522, 465257
155179579, 155649636, 470057
155767350, 156238093, 470743
156356036, 156825064, 469028
156942664, 157407350, 464686
157787579, 158328379, 540800
158445065, 158916950, 471885
159035464, 159500264, 464800
159617750, 159909521, 291771
160012379, 160631921, 619542
160750779, 161221407, 470628
161338664, 161988950, 650286
162113865, 162589979, 476114
162707579, 163174550, 466971
163292036, 163762550, 470514
163880493, 164173636, 293143
164276379, 164880950, 604571
164999579, 165609407, 609828
165735465, 166248607, 513142
166366665, 166837407, 470742
166955693, 167421979, 466286
167540493, 168005407, 464914
168122779, 168585521, 462742
168703921, 169172607, 468686
169290321, 170067122, 776801
170195122, 170702322, 507200
170820265, 171289293, 469028
171407122, 171876607, 469485
171994893, 172466322, 471429
172584493, 173055693, 471200
173172379, 173817865, 645486
173943122, 174431693, 488571
174548950, 175014779, 465829
175132836, 175601864, 469028
175720036, 176191464, 471428
176309864, 176776493, 466629
176894207, 177360950, 466743
177624036, 178154207, 530171
178273065, 178744265, 471200
178862779, 179331236, 468457
179448950, 179917293, 468343
180035807, 180504836, 469029
180622436, 181091807, 469371
181210550, 181984493, 773943
182112379, 182620950, 508571
182736950, 183197407, 460457
183313407, 183777064, 463657
183895350, 184364493, 469143
184482779, 184954093, 471314
185072264, 185704036, 631772
185830093, 186319122, 489029
186435465, 186899807, 464342
187018093, 187485750, 467657
187603807, 188071122, 467315
188188607, 188656150, 467543
188773750, 189243807, 470057
189361636, 190000036, 638400
190125636, 190594665, 469029
190712493, 191174093, 461600
191291922, 191757407, 465485
191875693, 192345636, 469943
192463693, 192933979, 470286
193051579, 193777179, 725600
193904379, 194247122, 342743
194573407, 195051579, 478172
195173065, 195647579, 474514
195765864, 196061636, 295772
196349979, 196811579, 461600
196927350, 197397064, 469714
197666322, 198194779, 528457
198311122, 198782779, 471657
198901636, 199368264, 466628
199486093, 199949064, 462971
200067693, 200535236, 467543
200652036, 201116950, 464914
201234436, 201869750, 635314
201995350, 202474322, 478972
202592036, 203059922, 467886
203177179, 203645179, 468000
203763122, 204234436, 471314
204352379, 204819122, 466743
204942093, 205403807, 461714
205787579, 206332950, 545371
206452265, 206923236, 470971
207042436, 207513636, 471200
207632950, 208097293, 464343
208214436, 208681407, 466971
208800150, 209264721, 464571
209383693, 210043350, 659657
210169293, 210466665, 297372
210789636, 211262550, 472914
211386665, 211859693, 473028
211980836, 212447807, 466971
212566893, 213031922, 465029
213153293, 213788722, 635429
213916150, 214395350, 479200
214956036, 215505864, 549828
215624950, 216100493, 475543
216218893, 216691579, 472686
216808379, 217273978, 465599
217391464, 218259465, 868001
218391236, 218898779, 507543
219014779, 219481293, 466514
219599007, 220069293, 470286
220187350, 220660607, 473257
220777636, 221239122, 461486
221357179, 222006207, 649028
222130550, 222608150, 477600
222726207, 223190322, 464115
223308264, 223775236, 466972
223893064, 224358436, 465372
224476379, 224948493, 472114
225066893, 225689522, 622629
225814779, 226316150, 501371
226434207, 226893407, 459200
227009865, 227475922, 466057
227593407, 228057522, 464115
228175122, 228644607, 469485
228762436, 229231807, 469371
229350093, 230189865, 839772
230322436, 230834207, 511771
230952036, 231419464, 467428
231535922, 231994893, 458971
232111807, 232571121, 459314
232687236, 233160607, 473371
233278436, 233930093, 651657
234055350, 234532150, 476800
234649636, 235116722, 467086
235234322, 235695465, 461143
235813407, 236275807, 462400
236392379, 236858322, 465943
236976036, 237584493, 608457
237710893, 238219807, 508914
238335693, 238809064, 473371
238926893, 239394779, 467886
239512493, 239979579, 467086
240097407, 240565864, 468457
240682436, 241155121, 472685
241272607, 242049293, 776686
242176950, 242687007, 510057
242804607, 243271465, 466858
243389065, 243864836, 475771
243982779, 244449979, 467200
244565864, 245034322, 468458
245152150, 245784836, 632686
245909979, 246397293, 487314
246514893, 246984493, 469600
247103007, 247578664, 475657
247697064, 248167921, 470857
248285521, 248759350, 473829
248877407, 249345407, 468000
249620608, 249963122, 342514
250067922, 250686207, 618285
250807122, 251282207, 475085
251400950, 251868150, 467200
251986093, 252455236, 469143
252572264, 253042550, 470286
253159464, 253914207, 754743
254042665, 254571350, 528685
254689064, 255159236, 470172
255277407, 255744150, 466743
255862207, 256333636, 471429
256452150, 256915350, 463200
257033407, 257656722, 623315
257782208, 258282436, 500228
258400265, 258873865, 473600
258992265, 259459236, 466971
259577179, 260045979, 468800
260164493, 260628722, 464229
260747236, 261215807, 468571
261332036, 261974093, 642057
262099579, 262570893, 471314
262688379, 263158093, 469714
263276264, 263746436, 470172
263864264, 264332150, 467886
264451236, 264915693, 464457
265032150, 265744493, 712343
265872036, 266398665, 526629
266515007, 266982322, 467315
267099007, 267571465, 472458
267690093, 268157864, 467771
268276036, 268747236, 471200
268865064, 269329522, 464458
269603693, 270125865, 522172
270244607, 270714664, 470057
270832493, 271128379, 295886
271439122, 271908493, 469371
272031007, 272495350, 464343
272613064, 273079693, 466629
273198093, 273822665, 624572
273947693, 274429407, 481714
274547350, 275011236, 463886
275128836, 275592722, 463886
275710436, 276169636, 459200
276285636, 276761979, 476343
276880493, 277351464, 470971
277749065, 278293407, 544342
278410436, 278866207, 455771
278982207, 279455122, 472915
279573522, 280037521, 463999
280155921, 280627007, 471086
280744607, 281216607, 472000
281334550, 281975465, 640915
282100722, 282579236, 478514
282697750, 283166207, 468457
283284036, 283755922, 471886
283874550, 284341979, 467429
284459807, 284928607, 468800
285047122, 285682207, 635085
285808379, 286313179, 504800
286429179, 286895464, 466285
287013636, 287480836, 467200
287598664, 288065064, 466400
288182779, 288653179, 470400
288771007, 289239350, 468343
289357178, 290196493, 839315
290328836, 290847579, 518743
290965750, 291437636, 471886
291555693, 292027693, 472000
292145636, 292616379, 470743
292734664, 293203464, 468800
293321636, 293977865, 656229
294108150, 294584493, 476343
294703922, 295172150, 468228
295291464, 295756379, 464915
295875236, 296346207, 470971
296465864, 296936036, 470172
297054207, 297668722, 614515
297801522, 298304036, 502514
298423350, 298895007, 471657
299014550, 299480836, 466286
299599465, 300068722, 469257
300187922, 300659236, 471314
300778893, 301239579, 460686
301360950, 302210322, 849372
302343807, 302864950, 521143
302983922, 303456722, 472800
304066664, 304625979, 559315
304745407, 305216264, 470857
305333978, 305997636, 663658
306123465, 306594665, 471200
306712493, 307184150, 471657
307301750, 307766550, 464800
307883922, 308352379, 468457
308470550, 308939579, 469029
309056379, 309685979, 629600
309812036, 310300836, 488800
310418093, 310889064, 470971
311007693, 311475693, 468000
311593522, 312065407, 471885
312184036, 312650321, 466285
312768607, 313239464, 470857
313356950, 314204607, 847657
314334436, 314849636, 515200
314967007, 315439007, 472000
315557407, 316025522, 468115
316142779, 316612379, 469600
316731236, 317198893, 467657
317316607, 317972950, 656343
318099007, 318572950, 473943
318690550, 319159122, 468572
319277636, 319746093, 468457
319863464, 320331807, 468343
320449521, 320913407, 463886
321030779, 321639922, 609143
321763693, 322276036, 512343
322394665, 322869179, 474514
322988379, 323456607, 468228
323574550, 324047236, 472686
324165064, 324457750, 292686
324750550, 325223579, 473029
325341750, 326182207, 840457
326312950, 326824036, 511086
326941522, 327413979, 472457
327533064, 327998664, 465600
328115693, 328588150, 472457
328705750, 329169407, 463657
329286321, 330301750, 1015429
330437407, 330985979, 548572
331107922, 331581065, 473143
331699007, 332167464, 468457
332284836, 332760036, 475200
332877864, 333345750, 467886
333622093, 334154893, 532800
334277750, 334747693, 469943
334863693, 335338322, 474629
335456264, 335749636, 293372
336048493, 336521179, 472686
336643464, 337107350, 463886
337224493, 338006779, 782286
338135122, 338648607, 513485
338767807, 339238207, 470400
339356379, 339826550, 470171
339945407, 340409179, 463772
340527122, 340995693, 468571
341113750, 341744379, 630629
341870779, 342367007, 496228
342483922, 342952264, 468342
343069064, 343540950, 471886
343658322, 344123579, 465257
344241979, 344714321, 472342
344832721, 345304378, 471657
345423007, 346064493, 641486
346191122, 346664493, 473371
346783465, 347253522, 470057
347371122, 347843693, 472571
347961522, 348430550, 469028
348548722, 349016950, 468228
349135579, 350060836, 925257
350194550, 350727122, 532572
350843807, 351313979, 470172
351432264, 351895922, 463658
352012150, 352475236, 463086
352593064, 353063807, 470743
353182207, 353823008, 640801
353946322, 354428493, 482171
354546436, 355013293, 466857
355131007, 355597065, 466058
355712836, 356173864, 461028
356291350, 356763807, 472457
356881522, 357349979, 468457
357623922, 358152607, 528685
358279579, 358750436, 470857
358868150, 359343007, 474857
359461179, 359929864, 468685
360047350, 360517636, 470286
360636036, 361101521, 465485
361218778, 361993979, 775201
362122550, 362634779, 512229
362752493, 363224722, 472229
363342665, 363803464, 460799
363919236, 364381407, 462171
364497750, 364964722, 466972
365082436, 365713407, 630971
365839579, 366337065, 497486
366454665, 366926436, 471771
367044607, 367510436, 465829
367628379, 368092264, 463885
368209979, 368672836, 462857
368790093, 369260950, 470857
369379807, 370016493, 636686
370140607, 370614779, 474172
370732493, 371197865, 465372
371315693, 371784036, 468343
371902093, 372370093, 468000
372487579, 372957864, 470285
373074664, 373802436, 727772
373931465, 374474665, 543200
374592722, 375065636, 472914
375183350, 375649979, 466629
375765522, 376233636, 468114
376349407, 376813064, 463657
376931579, 377395464, 463885
377670665, 378008836, 338171
378305179, 378777522, 472343
378896150, 379367236, 471086
379485065, 379959122, 474057
380076950, 380545407, 468457
380662207, 381129407, 467200
381246093, 381875122, 629029
382000265, 382480722, 480457
382599693, 383066436, 466743
383183922, 383653407, 469485
383770779, 384063350, 292571
384357864, 384837979, 480115
384957636, 385431007, 473371
385816493, 386363807, 547314
386482550, 386955693, 473143
387075350, 387544950, 469600
387664607, 388139007, 474400
388258779, 388732150, 473371
388851922, 389321293, 469371
389441179, 390098893, 657714
390225179, 390690207, 465028
390807807, 391266436, 458629
391383693, 391856493, 472800
391975921, 392441407, 465486
392560836, 393032036, 471200
393796950, 394385179, 588229
394514322, 394978093, 463771
395094436, 395562550, 468114
395679693, 396149293, 469600
396265750, 396729293, 463543
396847350, 397314322, 466972
397430779, 398292036, 861257
398423693, 398929522, 505829
399047350, 399516722, 469372
399635122, 400094093, 458971
400210321, 400673521, 463200
400791350, 401259464, 468114
401377521, 402039007, 661486
402164379, 402628265, 463886
402746665, 403219350, 472685
403337407, 403809750, 472343
403928379, 404389750, 461371
404505522, 404967579, 462057
405084607, 405713407, 628800
405839465, 406339350, 499885
406457522, 406925750, 468228
407043579, 407506779, 463200
407622436, 408087579, 465143
408205407, 408670093, 464686
408786207, 409254436, 468229
409371693, 410220493, 848800
410352265, 410864950, 512685
410982550, 411453750, 471200
411572265, 412043350, 471085
412161636, 412631350, 469714
412749293, 413223693, 474400
413341179, 413991465, 650286
414116150, 414589522, 473372
414707693, 415166779, 459086
415283350, 415758207, 474857
415876036, 416350321, 474285
416467921, 416942093, 474172
417060264, 417676036, 615772
417801065, 418309293, 508228
418428036, 418895807, 467771
419014207, 419483465, 469258
419602550, 420065864, 463314
420182207, 420652379, 470172
420770664, 421241979, 471315
421360036, 422202436, 842400
422333865, 422853064, 519199
422971236, 423443807, 472571
423561864, 424041864, 480000
424159693, 424634779, 475086
424752379, 425050093, 297714
425340378, 426003007, 662629
426128722, 426602322, 473600
426719693, 427190665, 470972
427308950, 427771579, 462629
427889179, 428359122, 469943
428477750, 428947922, 470172
429065864, 429692265, 626401
429817865, 430311350, 493485
430429522, 430896493, 466971
431014779, 431483007, 468228
431601407, 432065979, 464572
432182093, 432646436, 464343
432764264, 433236493, 472229
433354436, 434202207, 847771
434333750, 434856036, 522286
434974436, 435446322, 471886
435563579, 436036264, 472685
436153750, 436622664, 468914
436740607, 437200722, 460115
437317064, 438265979, 948915
438397865, 438912836, 514971
439031122, 439503236, 472114
439621293, 440082550, 461257
440198436, 440670779, 472343
440789179, 441259807, 470628
441377521, 442042779, 665258
442167236, 442639922, 472686
442757636, 443224265, 466629
443342093, 443819807, 477714
443937979, 444407007, 469028
444525064, 444991236, 466172
445108036, 445855807, 747771
445984379, 446511807, 527428
446629293, 447089064, 459771
447204836, 447664264, 459428
447780607, 448247579, 466972
448364721, 448834550, 469829
448951236, 449415807, 464571
449684379, 450210322, 525943
450328036, 450794550, 466514
450912150, 451385750, 473600
451504036, 451966550, 462514
452082664, 452553636, 470972
452671693, 453140722, 469029
453259579, 453893865, 634286
454019807, 454500493, 480686
454617407, 455084950, 467543
455202779, 455667807, 465028
455783693, 456251007, 467314
456369064, 456839921, 470857
456958207, 457424150, 465943
457805179, 458352722, 547543
458470207, 458939122, 468915
459056607, 459527693, 471086
459646207, 460116950, 470743
460234779, 460698779, 464000
460816836, 461279579, 462743
461396036, 462047122, 651086
462171922, 462648950, 477028
462767350, 463228836, 461486
463347122, 463819350, 472228
463937179, 464406321, 469142
464524607, 464986321, 461714
465103921, 465729979, 626058
465855122, 466347693, 492571
466465407, 466934779, 469372
467053065, 467522779, 469714
467640607, 468108150, 467543
468225864, 468689407, 463543
468807122, 469275464, 468342
469393293, 470232607, 839314
470362436, 470873064, 510628
470990664, 471461979, 471315
471579922, 472051693, 471771
472169636, 472636836, 467200
472754779, 473224721, 469942
473343121, 473987350, 644229
474113522, 474587807, 474285
474706779, 475172265, 465486
475291693, 475764493, 472800
475884150, 476357750, 473600
476477064, 476952264, 475200
477071579, 477693179, 621600
477820265, 478325407, 505142
478445979, 478911350, 465371
479030893, 479502322, 471429
479621407, 480088493, 467086
480208036, 480677179, 469143
480796379, 481263007, 466628
481382093, 482216379, 834286
482348950, 482863350, 514400
482982665, 483451579, 468914
484018550, 484596264, 577714
484717293, 485185750, 468457
485303350, 485969750, 666400
486094665, 486566893, 472228
486684722, 487157750, 473028
487276036, 487747464, 471428
487863922, 488336493, 472571
488454550, 488917407, 462857
489035579, 489634893, 599314
489759122, 490270322, 511200
490389065, 490858093, 469028
490976036, 491446207, 470171
491564493, 492033064, 468571
492150664, 492622664, 472000
492739922, 493204493, 464571
493321750, 494168493, 846743
494300607, 494820379, 519772
494938436, 495409979, 471543
495527922, 495992836, 464914
496110093, 496574550, 464457
496691579, 497162893, 471314
497280150, 497928150, 648000
498053865, 498516722, 462857
498634550, 499110550, 476000
499228836, 499693636, 464800
499811350, 500275693, 464343
500394093, 500863807, 469714
500982436, 501584607, 602171
501711465, 502237407, 525942
502355122, 502825979, 470857
502944607, 503413407, 468800
503532379, 503998779, 466400
504116493, 504581293, 464800
504698093, 505160150, 462057
505277864, 506055807, 777943
506184150, 506686207, 502057
506801865, 507263922, 462057
507380265, 507850779, 470514
507968722, 508438779, 470057
508557064, 509025636, 468572
509143350, 509784150, 640800
509909065, 510391236, 482171
510508836, 510980150, 471314
511097979, 511566093, 468114
511683350, 512153407, 470057
512271350, 512738436, 467086
512854664, 513324036, 469372
513440493, 514072379, 631886
514196265, 514668150, 471885
514786207, 515257293, 471086
515375122, 515850093, 474971
515967922, 516435464, 467542
516552722, 517023807, 471085
517140379, 517880379, 740000
518008150, 518541293, 533143
518659464, 519130779, 471315
519249064, 519713636, 464572
519831122, 520301521, 470399
520420036, 520883921, 463885
521001521, 521609979, 608458
521732836, 522240036, 507200
522357407, 522829179, 471772
522947122, 523413865, 466743
523531465, 524002322, 470857
524120150, 524581522, 461372
524697522, 525163693, 466171
525281864, 525924265, 642401
526049065, 526524036, 474971
526641864, 527109293, 467429
527227350, 527689864, 462514
527807122, 528267236, 460114
528383464, 528848950, 465486
528966550, 529435921, 469371
529817979, 530361979, 544000
530478093, 530949636, 471543
531068265, 531539007, 470742
531657179, 532125750, 468571
532244036, 532708264, 464228
532825636, 533293636, 468000
533411464, 534061522, 650058
534185979, 534662436, 476457
534781522, 535255693, 474171
535373750, 535843350, 469600
535959350, 536421521, 462171
536539807, 537006321, 466514
537124721, 537756722, 632001
537882322, 538370893, 488571
538486893, 538949293, 462400
539067122, 539537522, 470400
539655465, 540124493, 469028
540241407, 540711122, 469715
540828836, 541295007, 466171
541412950, 542260950, 848000
542391465, 542897407, 505942
543013064, 543479007, 465943
543596836, 544061407, 464571
544180036, 544655236, 475200
544772950, 545236836, 463886
545355350, 546012265, 656915
546137979, 546610893, 472914
546728950, 547187579, 458629
547305065, 547769522, 464457
547886322, 548355122, 468800
548473179, 548941179, 468000
549059350, 549676836, 617486
549802665, 550303579, 500914
550421636, 550882893, 461257
551000493, 551466436, 465943
551584264, 552053064, 468800
552171007, 552644607, 473600
552762779, 553229407, 466628
553347464, 554189865, 842401
554321865, 554838436, 516571
554956036, 555434893, 478857
555552722, 556022664, 469942
556139464, 556614322, 474858
556732379, 557201407, 469028
557319350, 557968036, 648686
558092950, 558564836, 471886
558682436, 559150664, 468228
559268379, 559733522, 465143
559850436, 560319693, 469257
560437521, 560895236, 457715
561011807, 561617293, 605486
561743122, 562250779, 507657
562368379, 562839922, 471543
562959122, 563428722, 469600
563547579, 564016493, 468914
564136036, 564606207, 470171
564725407, 565188036, 462629
565305979, 566096379, 790400
566226093, 566742664, 516571
566862093, 567333864, 471771
567452836, 567924036, 471200
568043236, 568513636, 470400
568633179, 569094550, 461371
569212036, 569847122, 635086
569972722, 570458893, 486171
570578322, 571052607, 474285
571171807, 571645522, 473715
571765179, 572235579, 470400
572792607, 573357179, 564572
573632607, 574156607, 524000
574278207, 574747693, 469486
574866436, 575330779, 464343
575447922, 575918207, 470285
576036036, 576505407, 469371
576622779, 577085864, 463085
577202207, 577973293, 771086
578100836, 578623807, 522971
578741522, 579207465, 465943
579325065, 579786322, 461257
579904150, 580371464, 467314
580488950, 580958779, 469829
581077979, 581714665, 636686
581840493, 582336265, 495772
582455007, 582925293, 470286
583044036, 583510093, 466057
583627922, 584090207, 462285
584208264, 584671350, 463086
584787921, 585259350, 471429
585376950, 586048836, 671886
586175122, 586652607, 477485
586770550, 587235007, 464457
587353636, 587821979, 468343
587938093, 588411579, 473486
588529750, 588993636, 463886
589111122, 589859922, 748800
589988607, 590521407, 532800
590639350, 591109522, 470172
591227579, 591691122, 463543
591807236, 592277179, 469943
592395236, 592863464, 468228
592981864, 593599465, 617601
593726893, 594239807, 512914
594358436, 594828493, 470057
594946322, 595415807, 469485
595533979, 596000036, 466057
596117522, 596582893, 465371
596700836, 597168493, 467657
597285979, 597921750, 635771
598048150, 598348607, 300457
598635350, 599112036, 476686
599229750, 599697979, 468229
599816493, 600283236, 466743
600400379, 600863921, 463542
600981521, 601702322, 720801
601833065, 602372379, 539314
602488607, 602961750, 473143
603079922, 603548950, 469028
603667007, 604135693, 468686
604253064, 604725293, 472229
604843579, 605310093, 466514
605427693, 606078207, 650514
606202207, 606666436, 464229
606783922, 607257179, 473257
607375579, 607845636, 470057
607963464, 608434093, 470629
608552150, 609012607, 460457
609131693, 609760493, 628800
609883807, 610364379, 480572
610480265, 610951465, 471200
611069407, 611542322, 472915
611660493, 612130207, 469714
612247693, 612717522, 469829
612836150, 613301407, 465257
613454436, 614281293, 826857
614412607, 614920722, 508115
615038779, 615514207, 475428
615632836, 616097293, 464457
616213179, 616679921, 466742
616798093, 617260607, 462514
617377864, 618034322, 656458
618159465, 618637865, 478400
618755922, 619223922, 468000
619341865, 619811236, 469371
619929750, 620394550, 464800
620512722, 620984836, 472114
621103350, 621732722, 629372
621858322, 622350436, 492114
622468722, 622938550, 469828
623056379, 623528836, 472457
623646550, 624111236, 464686
624228721, 624694664, 465943
624812950, 625274550, 461600
625392036, 626243236, 851200
626375579, 626883922, 508343
626999807, 627468493, 468686
627586207, 628056150, 469943
628174207, 628649750, 475543
628767464, 629237407, 469943
629354322, 630018207, 663885
630143122, 630439807, 296685
630729522, 631187693, 458171
631303922, 631596836, 292914
631906550, 632384493, 477943
632507236, 632972836, 465600
633090779, 633724036, 633257
633849865, 634342322, 492457
634460379, 634931693, 471314
635049865, 635516150, 466285
635633407, 636096036, 462629
636212264, 636678093, 465829
636795693, 637262436, 466743
637378664, 638216607, 837943
638347693, 638863122, 515429
638980722, 639447807, 467085
639565522, 640036150, 470628
640154550, 640622664, 468114
640740607, 641209293, 468686
641327578, 641972150, 644572
642096607, 642569750, 473143
642687350, 643155122, 467772
643272836, 643742665, 469829
643860950, 644329179, 468229
644447007, 644920493, 473486
645038664, 645642436, 603772
645765750, 646276150, 510400
646394207, 646861636, 467429
646979807, 647453522, 473715
647571464, 648043807, 472343
648161407, 648636150, 474743
648754207, 649221178, 466971
649338893, 650183807, 844914
650313750, 650829179, 515429
650946779, 651421065, 474286
651539350, 652007922, 468572
652125293, 652587579, 462286
652708036, 653168722, 460686
653287693, 653938550, 650857
654065636, 654549407, 483771
654669293, 655145179, 475886
655264607, 655727236, 462629
655846893, 656316379, 469486
656436036, 656909179, 473143
657027350, 657651808, 624458
657778093, 658277407, 499314
658394779, 658855350, 460571
658972950, 659445179, 472229
659564836, 660036950, 472114
660154893, 660447464, 292571
660552150, 661158322, 606172
662041179, 662631922, 590743
662761064, 663233064, 472000
663351236, 663820379, 469143
663938550, 664405979, 467429
664523921, 664993750, 469829
665112150, 665759350, 647200
665885293, 666380379, 495086
666498665, 666968265, 469600
667085750, 667560150, 474400
667678893, 668148950, 470057
668266207, 668736836, 470629
668853293, 669321864, 468571
669437979, 670087350, 649371
670211122, 670679807, 468685
670797750, 671267579, 469829
671385750, 671852722, 466972
671970207, 672444493, 474286
672562779, 673027121, 464342
673145636, 673890436, 744800
674018550, 674544036, 525486
674661636, 675133865, 472229
675252265, 675723465, 471200
675841522, 676315007, 473485
676433293, 676899922, 466629
677016950, 677629293, 612343
677754550, 678260265, 505715
678377865, 678848607, 470742
678967122, 679435693, 468571
679553293, 680024493, 471200
680142550, 680609864, 467314
680727807, 681198321, 470514
681316607, 681956836, 640229
682081979, 682556836, 474857
682673293, 683141522, 468229
683259122, 683729179, 470057
683847007, 684313636, 466629
684431693, 684902093, 470400
685020950, 685741407, 720457
685868836, 686395007, 526171
686511007, 686975922, 464915
687092607, 687557636, 465029
687676150, 688140836, 464686
688257864, 688727693, 469829
688843693, 689306321, 462628
689424721, 690091807, 667086
690216722, 690680836, 464114
690797407, 691261179, 463772
691378665, 691851122, 472457
691969522, 692439807, 470285
692557522, 693026893, 469371
693144950, 693765750, 620800
693892036, 694382550, 490514
694500379, 694970093, 469714
695088150, 695556836, 468686
695673864, 696135236, 461372
696251236, 696726207, 474971
696844150, 697312036, 467886
697698779, 698251579, 552800
698380493, 698847122, 466629
698965065, 699435007, 469942
699552836, 700019464, 466628
700137407, 700600379, 462972
700718207, 701180493, 462286
701297864, 701950322, 652458
702076493, 702550093, 473600
702667464, 703139350, 471886
703257750, 703726779, 469029
703844722, 704316264, 471542
704433864, 704897864, 464000
705015236, 705622779, 607543
705747008, 706069750, 322742
706387350, 706863693, 476343
706985179, 707456493, 471314
707574436, 708043807, 469371
708162093, 708634550, 472457
708752722, 709214550, 461828
709333750, 710177179, 843429
710309293, 710828722, 519429
710946779, 711415579, 468800
711532264, 711995579, 463315
712112493, 712573293, 460800
712691236, 713155236, 464000
713272264, 713924150, 651886
714049065, 714528493, 479428
714647122, 715117979, 470857
715236379, 715703693, 467314
715822322, 716282893, 460571
716398436, 716866550, 468114
716984950, 717588836, 603886
717715350, 718240722, 525372
718358779, 718834436, 475657
718952607, 719428836, 476229
719547122, 720013179, 466057
720130779, 720604036, 473257
720721979, 721184379, 462400
721301750, 722123465, 821715
722255007, 722768493, 513486
722886207, 723354665, 468458
723472036, 723942322, 470286
724060379, 724531693, 471314
724650093, 725118664, 468571
725236379, 725878436, 642057
726003579, 726307693, 304114
726618322, 727094093, 475771
727215807, 727692722, 476915
727811122, 728278550, 467428
728396150, 728867921, 471771
728985636, 729455007, 469371
729715465, 730242893, 527428
730360150, 730829293, 469143
730947007, 731418779, 471772
731537179, 732003807, 466628
732121522, 733088150, 966628
733225179, 734145407, 920228
734280265, 734797979, 517714
734916036, 735381407, 465371
735499007, 735969636, 470629
736088036, 736554550, 466514
736671807, 737147121, 475314
737264493, 737916150, 651657
738041293, 738521979, 480686
738640493, 739106093, 465600
739223350, 739695236, 471886
739813750, 740280379, 466629
740397522, 740868950, 471428
740986893, 741591807, 604914
741718322, 742236265, 517943
742357636, 742836950, 479314
742958322, 743431807, 473485
743551693, 744023007, 471314
744142550, 744613636, 471086
744733407, 745199921, 466514
745319578, 746162093, 842515
746295922, 746815122, 519200
746935236, 747410207, 474971
747530093, 747996264, 466171
748114322, 748575464, 461142
748693407, 749152036, 458629
749269864, 749907693, 637829
750033179, 750511579, 478400
750630664, 751101636, 470972
751220836, 751683464, 462628
752237179, 752795921, 558742
752915579, 753383464, 467885
753661293, 754185407, 524114
754302665, 754777979, 475314
754896493, 755362893, 466400
755479122, 755946093, 466971
756063464, 756533293, 469829
756651350, 757112607, 461257
757231007, 758016950, 785943
758145636, 758655579, 509943
758772836, 759243350, 470514
759361864, 759834893, 473029
759953407, 760422664, 469257
760540607, 761011579, 470972
761129407, 761760036, 630629
761885636, 762372493, 486857
762488379, 762950665, 462286
763068036, 763539122, 471086
763657293, 764126093, 468800
764243579, 764713636, 470057
764831007, 765293864, 462857
765411350, 766051465, 640115
766176950, 766647579, 470629
766765522, 767234322, 468800
767352722, 767826664, 473942
767944493, 768412836, 468343
768530321, 768999921, 469600
769116721, 769867122, 750401
769995465, 770515007, 519542
770632722, 771095579, 462857
771213407, 771678093, 464686
771794893, 772267236, 472343
772385179, 772850893, 465714
772968722, 773435922, 467200
773702779, 774229636, 526857
774347693, 774818207, 470514
774935922, 775405522, 469600
775524264, 775990093, 465829
776107807, 776575121, 467314
776692036, 777149864, 457828
777265636, 777902779, 637143
778028036, 778503579, 475543
778621865, 779082436, 460571
779198322, 779668493, 470171
779786779, 780249750, 462971
780365407, 780833407, 468000
780951007, 781423236, 472229
781807236, 782363122, 555886
782480607, 782952150, 471543
783070550, 783538093, 467543
783655922, 784128036, 472114
784246093, 784707693, 461600
784827236, 785285178, 457942
785401064, 786056950, 655886
786182322, 786649407, 467085
786767007, 787236036, 469029
787353750, 787813864, 460114
787931350, 788398779, 467429
788515807, 788979236, 463429
789097064, 789703693, 606629
789827579, 790328036, 500457
790446093, 790906664, 460571
791026207, 791495579, 469372
791612950, 792077750, 464800
792195693, 792651921, 456228
792768150, 793239236, 471086
793357750, 794189636, 831886
794321065, 794840607, 519542
794959350, 795427807, 468457
795545179, 796018893, 473714
796136607, 796602436, 465829
796719922, 797189407, 469485
797306436, 797950436, 644000
798076950, 798557065, 480115
798675122, 799148950, 473828
799266893, 799731350, 464457
799851007, 800323464, 472457
800440150, 800737179, 297029
801025521, 801645065, 619544
801770093, 802093865, 323772
802417979, 802890093, 472114
803012379, 803483465, 471086
803601179, 804069293, 468114
804186779, 804655693, 468914
804773750, 805239922, 466172
805357522, 806196036, 838514
806327007, 806842322, 515315
806960722, 807435464, 474742
807554093, 808019236, 465143
808137407, 808613293, 475886
808731350, 809199579, 468229
809315693, 809965179, 649486
810090779, 810564607, 473828
810682779, 811149179, 466400
811266893, 811737179, 470286
811855693, 812323693, 468000
812441407, 812912379, 470972
813028836, 813636607, 607771
813761979, 814266322, 504343
814382665, 814853864, 471199
814972264, 815443122, 470858
815561636, 816026093, 464457
816144150, 816609864, 465714
816727807, 817188836, 461029
817305178, 818127922, 822744
818259922, 818773750, 513828
818890093, 819355693, 465600
819473636, 819949064, 475428
820067464, 820539922, 472458
820657979, 821127579, 469600
821244264, 821887122, 642858
822012722, 822492836, 480114
822608722, 823070893, 462171
823188264, 823654550, 466286
823772836, 824238093, 465257
824355921, 824824721, 468800
824943350, 825414093, 470743
825675808, 826191236, 515428
826308265, 826775465, 467200
826894207, 827366322, 472115
827485750, 827949636, 463886
828068722, 828540836, 472114
828658550, 829132379, 473829
829250550, 830027350, 776800
830155465, 830662893, 507428
830779464, 831249864, 470400
831372379, 831848036, 475657
831968150, 832439464, 471314
832557864, 833023236, 465372
833142436, 833782550, 640114
833909065, 834406893, 497828
834526779, 834998436, 471657
835118779, 835586550, 467771
835705865, 836171464, 465599
836290893, 836752722, 461829
836871464, 837342550, 471086
837461979, 838119579, 657600
838246893, 838719122, 472229
838838893, 839311122, 472229
839429522, 839899350, 469828
840017979, 840480607, 462628
841033864, 841914436, 880572
842046779, 842564836, 518057
842682893, 843152379, 469486
843270207, 843744379, 474172
843862322, 844332493, 470171
844449179, 844921636, 472457
845038893, 845333293, 294400
845796265, 846296836, 500571
846414436, 846877407, 462971
846994436, 847461293, 466857
847579007, 848049979, 470972
848168607, 848631464, 462857
848750207, 849214093, 463886
849332036, 849986436, 654400
850111922, 850581293, 469371
850697750, 851169179, 471429
851287236, 851751122, 463886
851867350, 852337179, 469829
852454893, 852923350, 468457
853041179, 853781522, 740343
853910779, 854452265, 541486
854570893, 855038664, 467771
855156379, 855627922, 471543
855746207, 856215579, 469372
856333407, 856799350, 465943
856917064, 857379921, 462857
857652493, 857992150, 339657
858287922, 858761979, 474057
858879922, 859348493, 468571
859465979, 859940607, 474628
860058550, 860525522, 466972
860642207, 861110664, 468457
861227464, 861860150, 632686
861985293, 862464607, 479314
862581065, 863049064, 467999
863166664, 863638893, 472229
863757293, 864225979, 468686
864343807, 864808493, 464686
864925979, 865397521, 471542
865791236, 866341179, 549943
866459465, 866932150, 472685
867051007, 867520607, 469600
867638893, 868107579, 468686
868226093, 868693636, 467543
868811236, 869275922, 464686
869394093, 870041865, 647772
870166779, 870639579, 472800
870757293, 871223236, 465943
871340836, 871637750, 296914
871926893, 872398321, 471428
872516264, 872979579, 463315
873097750, 873728493, 630743
873854665, 874342893, 488228
874460379, 874929636, 469257
875048150, 875519122, 470972
875636493, 876105522, 469029
876223807, 876688379, 464572
876805750, 877274664, 468914
877393293, 878203465, 810172
878333407, 878813979, 480572
878931693, 879403007, 471314
879520607, 879986779, 466172
880104950, 880570321, 465371
880688150, 881153064, 464914
881269064, 881908950, 639886
882034322, 882514550, 480228
882632607, 883096836, 464229
883214779, 883674550, 459771
883791350, 884246436, 455086
884362322, 884831350, 469028
884949179, 885419807, 470628
885681407, 886195807, 514400
886312379, 886768607, 456228
886884493, 887343693, 459200
887460264, 887932036, 471772
888049979, 888524036, 474057
888642207, 889106550, 464343
889225064, 890000493, 775429
890129179, 890647007, 517828
890765407, 891234322, 468915
891351922, 891820950, 469028
891938550, 892406436, 467886
892523922, 892991464, 467542
893109293, 893739922, 630629
893866322, 894354893, 488571
894471807, 894937407, 465600
895054322, 895524722, 470400
895642436, 896105179, 462743
896223236, 896688150, 464914
896805864, 897273750, 467886
897391921, 898031122, 639201
898155807, 898630207, 474400
898748493, 899211465, 462972
899330093, 899801636, 471543
899919579, 900390093, 470514
900507807, 900972493, 464686
901090207, 901832036, 741829
901961293, 902479922, 518629
902595579, 903060607, 465028
903178322, 903468493, 290171
903571350, 910494093, 6922743
910629750, 911156036, 526286
911272722, 911742436, 469714
911860150, 912324607, 464457
912441750, 912912264, 470514
913031236, 913869522, 838286
914057179, 914756722, 699543
914936722, 915581750, 645028
915761407, 916404379, 642972
916584150, 917231350, 647200
917410321, 918264379, 854058
918448836, 919104607, 655771
919284150, 919931807, 647657
920111807, 920761864, 650057
920941293, 921778436, 837143
921962893, 922639579, 676686
922819693, 923470550, 650857
923650550, 924294893, 644343
924474207, 925126207, 652000
925306893, 926379693, 1072800
926508722, 927016379, 507657
927131807, 927600493, 468686
927718550, 928178093, 459543
928294093, 928763807, 469714
928882322, 929341864, 459542
929608265, 930116493, 508228
930240722, 930716493, 475771
930836150, 931303007, 466857
931421750, 931885636, 463886
932003807, 932469064, 465257
932588607, 933060379, 471772
933180607, 933813865, 633258
933940036, 934419122, 479086
934538893, 935015807, 476914
935135122, 935606893, 471771
935726665, 936195122, 468457
936313293, 936772836, 459543
936890436, 937353179, 462743
937745865, 938284036, 538171
938402093, 938864036, 461943
938982779, 939457864, 475085
940001064, 940571007, 569943
940698436, 941166207, 467771
941284264, 941943693, 659429
942068379, 942549065, 480686
942667350, 943140379, 473029
943258322, 943552150, 293828
943842093, 944308264, 466171
944426436, 944895122, 468686
945012607, 945628950, 616343
945752836, 946248722, 495886
946365522, 946842550, 477028
946960950, 947430207, 469257
947547693, 948018321, 470628
948137293, 948600036, 462743
948716036, 949187121, 471085
949305521, 950149293, 843772
950281522, 950794893, 513371
950912836, 951376379, 463543
951494550, 951961979, 467429
952079693, 952540036, 460343
952656607, 953127122, 470515
953245064, 953891922, 646858
954017179, 954498207, 481028
954616722, 955077407, 460685
955193864, 955662207, 468343
955779807, 956240950, 461143
956358436, 956829864, 471428
956948721, 957418436, 469715
957679350, 958200950, 521600
958319122, 958777407, 458285
958893407, 959354550, 461143
959471693, 959945179, 473486
960063007, 960528379, 465372
960645979, 961123007, 477028
961240950, 962032379, 791429
962160379, 962676264, 515885
962794779, 963260722, 465943
963378322, 963848836, 470514
963967579, 964437636, 470057
964555464, 965027007, 471543
965145521, 965782208, 636687
965907807, 966392607, 484800
966509407, 966969636, 460229
967085865, 967549636, 463771
967666893, 968131007, 464114
968249064, 968708607, 459543
968826322, 969295122, 468800
969413293, 970057407, 644114
970182779, 970656950, 474171
970775007, 971244493, 469486
971362093, 971825979, 463886
971943007, 972415007, 472000
972532721, 973000607, 467886
973118550, 973870893, 752343
973999007, 974512950, 513943
974628722, 975087693, 458971
975204836, 975666665, 461829
975784379, 976251579, 467200
976369522, 976838093, 468571
976956036, 977428379, 472343
977697636, 978217065, 519429
978334665, 978798664, 463999
978915007, 979385979, 470972
979503693, 979969064, 465371
980085293, 980553750, 468457
980671807, 981145636, 473829
981263693, 981881179, 617486
982005407, 982478665, 473258
982594550, 983055007, 460457
983172493, 983638665, 466172
983756150, 984047464, 291314
984149750, 984759807, 610057
984878322, 985349636, 471314
985746436, 986284379, 537943
986401179, 986860379, 459200
986976493, 987440036, 463543
987557636, 988030550, 472914
988149179, 988617750, 468571
988735921, 989208379, 472458
989325864, 989963579, 637715
990088836, 990563807, 474971
990681293, 991149979, 468686
991267807, 991564493, 296686
991667693, 992265750, 598057
992384607, 992849179, 464572
992967350, 993430207, 462857
993690893, 994204493, 513600
994320722, 994791464, 470742
994909979, 995383122, 473143
995501407, 995967693, 466286
996085636, 996549293, 463657
996667236, 997131807, 464571
997249636, 998024607, 774971
998153293, 998664722, 511429
998783122, 999253179, 470057
999371236, 999839693, 468457
999957522, 421864, -999535658
543922, 1020150, 476228
1135922, 1775007, 639085
1901293, 2556265, 654972
2675693, 3148493, 472800
3265293, 3735350, 470057
3851464, 4322550, 471086
4438893, 4905179, 466286
5021407, 5634436, 613029
5758665, 6255693, 497028
6369979, 6836836, 466857
6953179, 7422665, 469486
7538093, 8009750, 471657
8127007, 8588836, 461829
8705064, 9170093, 465029
9286207, 10104265, 818058
10233407, 10751122, 517715
10868836, 11339350, 470514
11456607, 11929293, 472686
12047121, 12514550, 467429
12631693, 13101407, 469714
13219121, 13862093, 642972
13987007, 14469750, 482743
14587350, 15054665, 467315
15171807, 15643579, 471772
15761750, 16232379, 470629
16349522, 16822436, 472914
16939464, 17232264, 292800
17663122, 18174779, 511657
18291122, 18763807, 472685
18881179, 19343579, 462400
19458436, 19927121, 468685
20044607, 20514893, 470286
20631921, 21100036, 468115
21217407, 21994665, 777258
22123922, 22637065, 513143
22755465, 23228836, 473371
23347807, 23820264, 472457
23939122, 24409979, 470857
24528607, 25000379, 471772
25118893, 25750665, 631772
25875807, 26356950, 481143
26474779, 26948950, 474171
27068493, 27542207, 473714
27661750, 28132493, 470743
28250779, 28724836, 474057
28843807, 29317864, 474057
29436607, 30083693, 647086
30208150, 30499922, 291772
30799922, 31267807, 467885
31866779, 32436036, 569257
32557407, 33037293, 479886
33155579, 33948722, 793143
34075693, 34597407, 521714
34714436, 35172493, 458057
35287464, 35755007, 467543
35872493, 36338321, 465828
36455121, 36924379, 469258
37041521, 37671808, 630287
37796722, 38302207, 505485
38419693, 38883579, 463886
39000493, 39470893, 470400
39588950, 40052836, 463886
40169636, 40636607, 466971
40752493, 41217979, 465486
41336036, 41976493, 640457
42101065, 42571465, 470400
42687007, 43142322, 455315
43258550, 43729979, 471429
43847579, 44316150, 468571
44432264, 44726321, 294057
44828150, 45448378, 620228
45833065, 46373636, 540571
46490207, 46961522, 471315
47078665, 47543007, 464342
47659922, 48128493, 468571
48245636, 48714550, 468914
48831579, 49301293, 469714
49418550, 50069979, 651429
50193407, 50656493, 463086
50772379, 51245750, 473371
51363236, 51836264, 473028
51951807, 52413407, 461600
52531121, 53001750, 470629
53119007, 53765979, 646972
53890779, 54371465, 480686
54486779, 54949179, 462400
55065636, 55533522, 467886
55649179, 56119579, 470400
56235922, 56705407, 469485
56822550, 57293636, 471086
57410779, 58251122, 840343
58381179, 58896379, 515200
59014322, 59480722, 466400
59597179, 59890779, 293600
59993064, 60621636, 628572
60739121, 61209293, 470172
61325864, 61974893, 649029
62100265, 62566093, 465828
62683122, 63153865, 470743
63271465, 63740265, 468800
63857407, 64325293, 467886
64440607, 64906550, 465943
65023350, 65635007, 611657
65760379, 66267007, 506628
66384036, 66848722, 464686
66965293, 67437293, 472000
67555007, 68026664, 471657
68144150, 68612721, 468571
68730321, 69200379, 470058
69318207, 70168036, 849829
70297979, 70816150, 518171
70933065, 71400036, 466971
71519236, 71991807, 472571
72109064, 72577750, 468686
72695236, 73152722, 457486
73268036, 73913407, 645371
74038550, 74520036, 481486
74636607, 75109636, 473029
75227350, 75693522, 466172
75811007, 76278779, 467772
76396493, 76862550, 466057
76980036, 77446778, 466742
77703693, 78227922, 524229
78345750, 78819122, 473372
78937065, 79404950, 467885
79522436, 79990436, 468000
80108836, 80571807, 462971
80687807, 81157407, 469600
81274664, 82107465, 832801
82237179, 82754893, 517714
82872493, 83340379, 467886
83457293, 83930893, 473600
84048264, 84521636, 473372
84638093, 85108607, 470514
85224493, 85864493, 640000
85989522, 86471693, 482171
86589522, 87055922, 466400
87172950, 87644150, 471200
87761407, 88228379, 466972
88345293, 88813407, 468114
88931236, 89393179, 461943
89659007, 90178665, 519658
90296265, 90765979, 469714
90883693, 91349750, 466057
91466893, 91928493, 461600
92045179, 92511807, 466628
92628950, 92926207, 297257
93217407, 93995350, 777943
94122893, 94636265, 513372
94754322, 95227579, 473257
95344722, 95813864, 469142
95931350, 96402664, 471314
96519807, 96988150, 468343
97105407, 97734322, 628915
97857065, 98336950, 479885
98452150, 98924950, 472800
99042093, 99513864, 471771
99631236, 100104150, 472914
100221750, 100690893, 469143
100809064, 101279578, 470514
101397178, 102042893, 645715
102169293, 102642207, 472914
102759922, 103228150, 468228
103346550, 103817293, 470743
103935007, 104398550, 463543
104516379, 104974550, 458171
105091007, 105381864, 290857
106003579, 106538665, 535086
106661864, 107133179, 471315
107251807, 107722664, 470857
107840950, 108313407, 472457
108431579, 108725179, 293600
109014093, 109643693, 629600
109769636, 110277179, 507543
110395236, 110858436, 463200
110975579, 111440836, 465257
111558436, 112026093, 467657
112144036, 112607579, 463543
112725979, 113193179, 467200
113309522, 113955350, 645828
114080607, 114551350, 470743
114667464, 115136036, 468572
115253636, 115719922, 466286
115842093, 116319579, 477486
116438779, 116913979, 475200
117033407, 117774550, 741143
117905065, 118441636, 536571
118560722, 119030550, 469828
119150093, 119624836, 474743
119744265, 120217407, 473142
120337179, 120805064, 467885
120924379, 121389864, 465485
121663465, 122177750, 514285
122295922, 122762893, 466971
122882436, 123354436, 472000
123473636, 123942779, 469143
124061521, 124536493, 474972
124656036, 125130093, 474057
125910779, 126496607, 585828
126618893, 127083350, 464457
127201636, 127666207, 464571
127781979, 128240150, 458171
128356379, 128824264, 467885
128940722, 129407922, 467200
129816036, 130357636, 541600
130473522, 130941179, 467657
131058436, 131531236, 472800
131647807, 132109979, 462172
132227807, 132702664, 474857
132820721, 133289064, 468343
133406436, 134048265, 641829
134172950, 134641065, 468115
134759236, 135231579, 472343
135350093, 135819807, 469714
135937064, 136404722, 467658
136522664, 136987464, 464800
137105179, 137731465, 626286
137857065, 138342550, 485485
138459007, 138925407, 466400
139043350, 139513636, 470286
139631579, 140099007, 467428
140217293, 140678550, 461257
140794550, 141260836, 466286
141379007, 142227122, 848115
142359236, 142874665, 515429
142992150, 143466207, 474057
143584036, 144049750, 465714
144167693, 144637293, 469600
144755007, 145227236, 472229
145345864, 145990893, 645029
146116836, 146591122, 474286
146709636, 147180836, 471200
147299236, 147766779, 467543
147884379, 148351121, 466742
148469179, 148937864, 468685
149056264, 149678208, 621944
149803922, 150305065, 501143
150422322, 150886779, 464457
151004493, 151468265, 463772
151586207, 152050550, 464343
152168264, 152634893, 466629
152752264, 153046207, 293943
153332950, 154183007, 850057
154315922, 154835693, 519771
154953179, 155424493, 471314
155540950, 156006207, 465257
156122779, 156592379, 469600
156709064, 157175807, 466743
157294664, 157949979, 655315
158075579, 158554436, 478857
158673179, 159137522, 464343
159254093, 159722093, 468000
159840722, 160310436, 469714
160429064, 160898550, 469486
161016836, 161634665, 617829
161760493, 162270779, 510286
162388836, 162852493, 463657
162968493, 163434779, 466286
163551922, 164018093, 466171
164135350, 164601407, 466057
164719464, 165190436, 470972
165308264, 166129636, 821372
166262093, 166782550, 520457
166900265, 167371807, 471542
167489750, 167958550, 468800
168076379, 168542779, 466400
168660722, 169127464, 466742
169245179, 169888950, 643771
170014322, 170498779, 484457
170616150, 171079579, 463429
171195693, 171656950, 461257
171774550, 172237293, 462743
172355121, 172823121, 468000
172940721, 173403350, 462629
173663922, 174191007, 527085
174309293, 174772379, 463086
174888379, 175344607, 456228
175461522, 175927007, 465485
176044950, 176514779, 469829
176632836, 177102322, 469486
177219007, 177993065, 774058
178121407, 178635122, 513715
178753064, 179224036, 470972
179342436, 179814893, 472457
179932836, 180393750, 460914
180513407, 180974779, 461372
181090779, 181716379, 625600
181840493, 182340150, 499657
182457979, 182928950, 470971
183046665, 183512836, 466171
183630893, 184094664, 463771
184212836, 184683236, 470400
184800722, 185263007, 462285
185380950, 186023807, 642857
186149179, 186624150, 474971
186742093, 187213064, 470971
187331464, 187800950, 469486
187918779, 188385179, 466400
188503693, 188964607, 460914
189081407, 189832836, 751429
189961065, 190481179, 520114
190597522, 191055350, 457828
191171579, 191637979, 466400
191755807, 192218893, 463086
192336836, 192808379, 471543
192926664, 193395122, 468458
193665522, 194001865, 336343
194105636, 194719807, 614171
194839579, 195307464, 467885
195425064, 195893293, 468229
196010550, 196470550, 460000
196586779, 197051579, 464800
197169636, 197798779, 629143
197924036, 198410893, 486857
198529179, 198999693, 470514
199117636, 199585522, 467886
199703122, 200172150, 469028
200290893, 200757979, 467086
200875693, 201337636, 461943
201714322, 202253865, 539543
202376379, 202840950, 464571
202958779, 203429179, 470400
203547007, 204019007, 472000
204137179, 204610779, 473600
204728379, 205195236, 466857
205315007, 205956493, 641486
206083007, 206550207, 467200
206668493, 207141979, 473486
207261065, 207732607, 471542
207852493, 208322550, 470057
208441750, 208909522, 467772
209028493, 209322893, 294400
209766093, 210284493, 518400
210403807, 210868607, 464800
210986550, 211456836, 470286
211576264, 212048036, 471772
212166779, 212636264, 469485
212755807, 213049750, 293943
213153750, 214078207, 924457
214665979, 215251236, 585257
215378665, 215842093, 463428
215957979, 216422436, 464457
216539922, 216831922, 292000
217119236, 217756036, 636800
217879807, 218365750, 485943
218482093, 218945864, 463771
219063693, 219540150, 476457
219658550, 220128036, 469486
220247121, 220714893, 467772
220832379, 221127350, 294971
221416836, 222052379, 635543
222176265, 222650550, 474285
222768493, 223237293, 468800
223355236, 223828036, 472800
223945750, 224412150, 466400
224530893, 224998207, 467314
225116379, 225872836, 756457
226002322, 226530093, 527771
226648150, 227117522, 469372
227233750, 227702664, 468914
227819693, 228287807, 468114
228406321, 228869064, 462743
228985064, 229596608, 611544
229723008, 230236265, 513257
230354550, 230824036, 469486
230942093, 231411465, 469372
231529065, 231996379, 467314
232115122, 232576836, 461714
232692607, 233157979, 465372
233275579, 233894550, 618971
234018550, 234496950, 478400
234615007, 235081979, 466972
235199236, 235663464, 464228
235781179, 236249064, 467885
236367007, 236831693, 464686
236949979, 237416493, 466514
237800608, 238343922, 543314
238461179, 238933865, 472686
239052150, 239524150, 472000
239642779, 240114207, 471428
240231464, 240700722, 469258
240819236, 241287807, 468571
241405864, 242062550, 656686
242186550, 242660950, 474400
242779007, 243251579, 472572
243369407, 243836607, 467200
243954321, 244420607, 466286
244538893, 245010093, 471200
245127350, 245756608, 629258
245881065, 246362207, 481142
246478550, 246942779, 464229
247060265, 247532836, 472571
247650893, 248116264, 465371
248233979, 248708836, 474857
248825979, 249291922, 465943
249409864, 250243579, 833715
250375465, 250890664, 515199
251009179, 251466779, 457600
251582664, 252047007, 464343
252164950, 252633407, 468457
252751693, 253225178, 473485
253343007, 253987350, 644343
254112950, 254587236, 474286
254704493, 255163693, 459200
255279922, 255746550, 466628
255864950, 256331579, 466629
256449407, 256921064, 471657
257039007, 257655922, 616915
257780950, 258282550, 501600
258400493, 258864950, 464457
258982893, 259452950, 470057
259571007, 260036150, 465143
260154207, 260621979, 467772
260740036, 261210436, 470400
261328721, 262169865, 841144
262301865, 262819693, 517828
262937522, 263410893, 473371
263528836, 263994207, 465371
264114893, 264586322, 471429
264704264, 265172836, 468572
265290436, 265916036, 625600
266040836, 266519807, 478971
266638436, 267105979, 467543
267223693, 267685293, 461600
267801293, 268263236, 461943
268380950, 268850093, 469143
268968150, 269570322, 602172
269695122, 270219236, 524114
270337979, 270809522, 471543
270927236, 271394436, 467200
271511465, 271977522, 466057
272095007, 272554779, 459772
272672379, 273137636, 465257
273255464, 274015236, 759772
274143122, 274654893, 511771
274773407, 275241750, 468343
275359350, 275830322, 470972
275948379, 276418436, 470057
276535007, 277009179, 474172
277126893, 277747236, 620343
277871579, 278359236, 487657
278475236, 278933750, 458514
279050665, 279522665, 472000
279640836, 280110664, 469828
280228607, 280692607, 464000
280811122, 281281636, 470514
281399007, 282046093, 647086
282171693, 282638322, 466629
282754322, 283226779, 472457
283345293, 283814893, 469600
283932493, 284402664, 470171
284520379, 284987350, 466971
285105293, 285859579, 754286
285988493, 286517407, 528914
286635807, 287105979, 470172
287224036, 287693979, 469943
287812036, 288278093, 466057
288395922, 288856836, 460914
288974322, 289437293, 462971
289705750, 290229179, 523429
290345979, 290816950, 470971
290935122, 291403922, 468800
291521636, 291990436, 468800
292109064, 292576150, 467086
292694093, 293160379, 466286
293278207, 293894436, 616229
294020265, 294499236, 478971
294619236, 295093750, 474514
295213750, 295676950, 463200
295794779, 296255350, 460571
296373064, 296831579, 458515
296949293, 297421407, 472114
297804607, 298357293, 552686
298477636, 298948607, 470971
299068493, 299534779, 466286
299653522, 300124379, 470857
300244264, 300714321, 470057
300832836, 301308036, 475200
301428150, 302081179, 653029
302206665, 302677407, 470742
302797179, 303262893, 465714
303819693, 304386550, 566857
304506893, 304978322, 471429
305096722, 305740950, 644228
305865065, 306351922, 486857
306469636, 306935922, 466286
307053750, 307525864, 472114
307644379, 308121407, 477028
308239350, 308707579, 468229
308824836, 309119921, 295085
309410207, 310263465, 853258
310394893, 310915007, 520114
311033179, 311503236, 470057
311621750, 312089750, 468000
312207693, 312674664, 466971
312791464, 313260722, 469258
313378322, 314036836, 658514
314162550, 314631807, 469257
314749293, 315215807, 466514
315333179, 315806550, 473371
315923350, 316218664, 295314
316511236, 316972150, 460914
317088721, 317717293, 628572
317843350, 318337293, 493943
318456036, 318923350, 467314
319041979, 319509636, 467657
319628493, 320102093, 473600
320220379, 320691807, 471428
320810093, 321270893, 460800
321388036, 322220950, 832914
322352265, 322861636, 509371
322977293, 323443922, 466629
323561750, 324032379, 470629
324149864, 324618321, 468457
324736607, 325205750, 469143
325323807, 325974779, 650972
326100950, 326579236, 478286
326697065, 327162550, 465485
327280493, 327741522, 461029
327857522, 328327350, 469828
328445293, 328915693, 470400
329033636, 329660836, 627200
329787236, 330288722, 501486
330406779, 330875693, 468914
330993864, 331898893, 905029
332032493, 332568721, 536228
332686893, 332982436, 295543
333297636, 334159922, 862286
334295579, 334818207, 522628
334937293, 335405865, 468572
335523350, 335992607, 469257
336110779, 336575236, 464457
336691122, 337154093, 462971
337271807, 337910093, 638286
338034550, 338513065, 478515
338630779, 339100836, 470057
339218322, 339686779, 468457
339805522, 340270550, 465028
340388150, 340855807, 467657
340974436, 341439007, 464571
341701065, 342225179, 524114
342343236, 342814893, 471657
342932836, 343402436, 469600
343521179, 343816722, 295543
344105293, 344567579, 462286
344683579, 345143350, 459771
345260379, 346045636, 785257
346172836, 346680722, 507886
346798550, 347268950, 470400
347386664, 347850779, 464115
347966779, 348260264, 293485
348548493, 349024036, 475543
349141864, 349881636, 739772
350012493, 350541179, 528686
350659122, 351132265, 473143
351251236, 351721750, 470514
351839122, 352308493, 469371
352426893, 352722207, 295314
353009064, 353624036, 614972
353748836, 354259693, 510857
354377865, 354846664, 468799
354964264, 355431579, 467315
355549522, 356015921, 466399
356133521, 356604721, 471200
356721064, 357013864, 292800
357303921, 358156150, 852229
358287350, 358808150, 520800
358926665, 359398093, 471428
359515922, 359985750, 469828
360104950, 360570093, 465143
360687693, 361158207, 470514
361276379, 361923350, 646971
362049407, 362529865, 480458
362648379, 363117979, 469600
363235922, 363706550, 470628
363824722, 364291807, 467085
364409636, 364870664, 461028
364987007, 365587693, 600686
365714208, 366235007, 520799
366351922, 366825179, 473257
366942322, 367411579, 469257
367528036, 367995579, 467543
368112264, 368582093, 469829
368698207, 369158093, 459886
369273750, 370048493, 774743
370176607, 370677293, 500686
370793064, 371254664, 461600
371370893, 371826893, 456000
371942893, 372416150, 473257
372535007, 373006207, 471200
373123921, 373418436, 294515
373893407, 374390665, 497258
374511579, 374980836, 469257
375098550, 375570893, 472343
375689522, 376152607, 463085
376269864, 376738436, 468572
376857064, 377325864, 468800
377443350, 378101293, 657943
378225865, 378697750, 471885
378815007, 379280264, 465257
379397750, 379859579, 461829
379975807, 380445521, 469714
380563579, 381032036, 468457
381150436, 381900607, 750171
382028722, 382550893, 522171
382667007, 383130550, 463543
383248036, 383719807, 471771
383842436, 384316264, 473828
384435693, 384910093, 474400
385029293, 385656150, 626857
385783007, 386292150, 509143
386411807, 386881064, 469257
387000264, 387465750, 465486
387583579, 388052493, 468914
388171579, 388646664, 475085
388766779, 389233407, 466628
389352836, 389997179, 644343
390124379, 390600265, 475886
390719465, 391191922, 472457
391311807, 391774207, 462400
391893064, 392355007, 461943
392473293, 392945293, 472000
393856265, 394441865, 585600
394564722, 395033636, 468914
395151922, 395620836, 468914
395738893, 396204150, 465257
396322093, 396782779, 460686
396901979, 397379464, 477485
397651808, 398164036, 512228
398280493, 398749636, 469143
398867922, 399328722, 460800
399444950, 399737750, 292800
400025293, 400502207, 476914
400621293, 401092264, 470971
401210779, 401849179, 638400
401974665, 402447693, 473028
402563807, 403026436, 462629
403142893, 403612607, 469714
403730436, 404197064, 466628
404314321, 404779464, 465143
404896493, 405367921, 471428
405764379, 406311350, 546971
406429065, 406903236, 474171
407021636, 407484836, 463200
407603922, 408061750, 457828
408177293, 408636722, 459429
408752722, 409222207, 469485
409340150, 409996722, 656572
410122207, 410595122, 472915
410713293, 411181636, 468343
411299807, 411760379, 460572
411877750, 412341179, 463429
412458779, 412927693, 468914
413045636, 413669636, 624000
413795008, 414296265, 501257
414413979, 414883122, 469143
415000950, 415465293, 464343
415583465, 416052722, 469257
416170436, 416637407, 466971
416754893, 417225293, 470400
417343122, 418190665, 847543
418323122, 418658436, 335314
418760836, 419384493, 623657
419505979, 419979693, 473714
420097293, 420565864, 468571
420683921, 421150321, 466400
421267693, 421915922, 648229
422041065, 422524722, 483657
422642322, 423115807, 473485
423234207, 423705407, 471200
423823007, 424289979, 466972
424407922, 424865522, 457600
424981864, 425442779, 460915
425701179, 426228836, 527657
426345750, 426813179, 467429
426931693, 427396036, 464343
427513522, 427988607, 475085
428106779, 428568264, 461485
428684264, 429155236, 470972
429273636, 430050779, 777143
430177522, 430681179, 503657
430798322, 431267236, 468914
431385407, 431854436, 469029
431970779, 432427579, 456800
432543464, 433019350, 475886
433138093, 433773179, 635086
433898665, 434387693, 489028
434505750, 434971579, 465829
435089179, 435554550, 465371
435670893, 436140150, 469257
436257864, 436725064, 467200
436843121, 437308607, 465486
437426550, 438368265, 941715
438500722, 439014436, 513714
439132150, 439607465, 475315
439725636, 440195579, 469943
440313636, 440783236, 469600
440901979, 441366550, 464571
441775007, 442324265, 549258
442443007, 442914779, 471772
443032950, 443504722, 471772
443622550, 444088836, 466286
444206893, 444671121, 464228
444787007, 445250893, 463886
445368493, 446026550, 658057
446152607, 446624607, 472000
446742322, 447207350, 465028
447324379, 447797293, 472914
447913979, 448382322, 468343
448499236, 448961179, 461943
449077179, 449365864, 288685
449836493, 450319693, 483200
450444150, 450740264, 296114
450844493, 451455579, 611086
451574664, 452038436, 463772
452155464, 452625521, 470057
452744264, 453212836, 468572
453330664, 454173522, 842858
454305979, 454827236, 521257
454945179, 455420379, 475200
455538779, 456009064, 470285
456126779, 456599579, 472800
456717522, 457185864, 468342
457303922, 457954665, 650743
458079922, 458555693, 475771
458673064, 459140264, 467200
459257979, 459728036, 470057
459845864, 460317293, 471429
460435007, 460901521, 466514
461019921, 461643693, 623772
461769979, 462278550, 508571
462395693, 462860265, 464572
462976150, 463432950, 456800
463549979, 464021064, 471085
464138893, 464605864, 466971
464723464, 465200607, 477143
465318436, 466156036, 837600
466287236, 466803807, 516571
466922779, 467387122, 464343
467504036, 467980607, 476571
468098550, 468567350, 468800
468685407, 469153407, 468000
469271121, 469926893, 655772
470052265, 470530207, 477942
470648379, 471113979, 465600
471231922, 471701522, 469600
471819350, 472284950, 465600
472403122, 472868379, 465257
472985864, 473583922, 598058
473709179, 474233522, 524343
474353407, 474824036, 470629
474942779, 475413179, 470400
475532493, 476002436, 469943
476121179, 476593293, 472114
476712036, 477176721, 464685
477295693, 478122322, 826629
478256493, 478765179, 508686
478883007, 479352379, 469372
479472265, 479938322, 466057
480057864, 480530093, 472229
480650093, 481123007, 472914
481243122, 481890665, 647543
482017522, 482501636, 484114
483048950, 483609636, 560686
483736264, 484204150, 467886
484322664, 484618093, 295429
484720379, 485342550, 622171
485617750, 486135579, 517829
486253636, 486728722, 475086
486847465, 487316379, 468914
487433979, 487897636, 463657
488015236, 488491464, 476228
488609864, 489076607, 466743
489193979, 489977979, 784000
490105865, 490616950, 511085
490735122, 491210093, 474971
491328836, 491800493, 471657
491918436, 492388950, 470514
492506779, 492970893, 464114
493088836, 493724493, 635657
493848836, 494356493, 507657
494474436, 494936722, 462286
495053065, 495519922, 466857
495638093, 496109750, 471657
496227236, 496694322, 467086
496812150, 497281522, 469372
497400264, 498036036, 635772
498160607, 498630664, 470057
498748150, 499212036, 463886
499328150, 499804722, 476572
499923464, 500390893, 467429
500509750, 500977750, 468000
501095807, 501830322, 734515
501957750, 502481522, 523772
502599007, 503069179, 470172
503187807, 503651236, 463429
503767122, 504227922, 460800
504344836, 504812950, 468114
504930779, 505399922, 469143
505669750, 506201865, 532115
506319236, 506790893, 471657
506909179, 507379007, 469828
507496722, 507963921, 467199
508082550, 508548493, 465943
508665979, 509129407, 463428
509247121, 509877636, 630515
510002665, 510483122, 480457
510600607, 511067236, 466629
511184722, 511651807, 467085
511769864, 512230664, 460800
512346436, 512815693, 469257
512933407, 513404722, 471315
513790893, 514339122, 548229
514456493, 514922664, 466171
515040607, 515510093, 469486
515627007, 516099464, 472457
516217750, 516688721, 470971
516806321, 517270207, 463886
517388493, 518040379, 651886
518165636, 518633636, 468000
518751236, 519219350, 468114
519337065, 519809636, 472571
519927922, 520401064, 473142
520519122, 520986779, 467657
521103693, 521736722, 633029
521861979, 522350322, 488343
522468036, 522935236, 467200
523052836, 523522322, 469486
523640379, 524108036, 467657
524225979, 524696836, 470857
524814893, 525109979, 295086
525212950, 526219465, 1006515
526352036, 526861750, 509714
526978093, 527443236, 465143
527561065, 528033179, 472114
528151579, 528625407, 473828
528743350, 529210093, 466743
529327236, 529980265, 653029
530105522, 530576150, 470628
530693979, 531159922, 465943
531277522, 531742779, 465257
531860607, 532326207, 465600
532443693, 532903921, 460228
533023007, 533651579, 628572
533777750, 534285522, 507772
534403236, 534870665, 467429
534988493, 535453407, 464914
535571122, 536041064, 469942
536158779, 536625522, 466743
536743350, 537212379, 469029
537329979, 538167007, 837028
538299122, 538817407, 518285
538934207, 539402664, 468457
539518550, 539996036, 477486
540112607, 540579921, 467314
540698093, 541167350, 469257
541284264, 541910093, 625829
542034779, 542511807, 477028
542629636, 543099007, 469371
543217293, 543690550, 473257
543808379, 544278550, 470171
544397293, 544867464, 470171
544985064, 545593065, 608001
545716607, 546230779, 514172
546348722, 546815122, 466400
546933293, 547401179, 467886
547519007, 547980150, 461143
548097293, 548566321, 469028
548684150, 549146321, 462171
549261978, 550037179, 775201
550165522, 550672607, 507085
550790436, 551253179, 462743
551369865, 551836493, 466628
551953864, 552423236, 469372
552541064, 553010664, 469600
553128722, 553761179, 632457
553886893, 554376607, 489714
554494207, 554960150, 465943
555077864, 555541293, 463429
555659350, 556129750, 470400
556248036, 556720607, 472571
556838207, 557308036, 469829
557426207, 558065407, 639200
558190207, 558655922, 465715
558773065, 559244722, 471657
559362665, 559826664, 463999
559943236, 560412264, 469028
560530664, 560998093, 467429
561114779, 561766093, 651314
561980607, 562514893, 534286
562633979, 563108493, 474514
563228607, 563703350, 474743
563823122, 564294779, 471657
564415007, 564884493, 469486
565003464, 565631008, 627544
565756608, 566262779, 506171
566381865, 566852150, 470285
566972036, 567434893, 462857
567552379, 568025750, 473371
568145750, 568613750, 468000
568732950, 569201979, 469029
569322322, 569963807, 641485
570090779, 570568493, 477714
570688836, 571160950, 472114
571280036, 571752036, 472000
572309521, 572866893, 557372
572985407, 573731008, 745601
573859808, 574396150, 536342
574513636, 574987579, 473943
575106207, 575574779, 468572
575692607, 576158207, 465600
576276379, 576744722, 468343
576862550, 577327007, 464457
577590779, 578114550, 523771
578240379, 578709407, 469028
578827007, 579290322, 463315
579408036, 579876722, 468686
579994436, 580457064, 462628
580572836, 581038550, 465714
581157293, 581784722, 627429
581909179, 582397065, 487886
582516036, 582989179, 473143
583107465, 583573636, 466171
583691122, 584150436, 459314
584266322, 584725293, 458971
584841522, 585308493, 466971
585425864, 586272950, 847086
586403579, 586916836, 513257
587033293, 587508836, 475543
587627236, 588100836, 473600
588218207, 588685521, 467314
588801521, 589273407, 471886
589390778, 590037293, 646515
590161636, 590630893, 469257
590748379, 591216950, 468571
591335807, 591806893, 471086
591923807, 592390093, 466286
592508722, 592973179, 464457
593090436, 593712836, 622400
593837293, 594329065, 491772
594446779, 594917293, 470514
595035579, 595509293, 473714
595627007, 596096150, 469143
596213979, 596681064, 467085
596798321, 597261864, 463543
597379921, 598213522, 833601
598344836, 598853407, 508571
598969293, 599441293, 472000
599559350, 600028607, 469257
600146664, 600616607, 469943
600734093, 601027807, 293714
601130550, 601937065, 806515
602063007, 602534207, 471200
602652150, 603122207, 470057
603240493, 603713064, 472571
603830779, 604301521, 470742
604419807, 604891807, 472000
605009293, 605613636, 604343
605739579, 606063122, 323543
606382893, 606849979, 467086
606971579, 607443122, 471543
607561636, 608023693, 462057
608139922, 608608950, 469028
608727464, 609198550, 471086
609316379, 610151122, 834743
610281979, 610796607, 514628
610914779, 611385407, 470628
611503236, 611971921, 468685
612089636, 612555007, 465371
612670779, 613141407, 470628
613259121, 613902093, 642972
614028493, 614513179, 484686
614630893, 615101065, 470172
615218550, 615689179, 470629
615805522, 616273407, 467885
616390322, 616860950, 470628
616979007, 617447350, 468343
617706207, 618232950, 526743
618350893, 618819807, 468914
618938779, 619407693, 468914
619525064, 619989064, 464000
620107350, 620578664, 471314
620696721, 621160036, 463315
621275693, 622107007, 831314
622239122, 622756379, 517257
622873750, 623344265, 470515
623462779, 623923236, 460457
624039122, 624508379, 469257
624627122, 625099579, 472457
625217064, 625860836, 643772
625987122, 626467807, 480685
626585065, 627048836, 463771
627164836, 627635579, 470743
627753522, 628218779, 465257
628336607, 628805407, 468800
628923007, 629392721, 469714
629655465, 630183579, 528114
630301293, 630767693, 466400
630885522, 631342779, 457257
631458893, 631929750, 470857
632048379, 632517636, 469257
632635807, 633105864, 470057
633223922, 633998093, 774171
634126893, 634633064, 506171
634749293, 635221407, 472114
635339350, 635810093, 470743
635928264, 636399464, 471200
636517407, 636978093, 460686
637097750, 637732036, 634286
637857408, 638344722, 487314
638461293, 638925065, 463772
639042550, 639511007, 468457
639628493, 640091922, 463429
640210093, 640674436, 464343
640792836, 641259807, 466971
641379007, 642020950, 641943
642145407, 642619236, 473829
642738436, 643210436, 472000
643328950, 643799007, 470057
643917179, 644386093, 468914
644504950, 644972036, 467086
645090093, 645817865, 727772
645946093, 646462665, 516572
646578893, 647048493, 469600
647167007, 647632150, 465143
647748036, 648221064, 473028
648339007, 648808036, 469029
648926436, 649395464, 469028
649664836, 650190550, 525714
650308493, 650773864, 465371
650891350, 651350093, 458743
651470779, 651943464, 472685
652063121, 652529864, 466743
652647693, 653116607, 468914
653236264, 653871465, 635201
653997979, 654304493, 306514
654595122, 655069979, 474857
655189293, 655659122, 469829
655778893, 656245750, 466857
656364607, 656829750, 465143
656949636, 657415464, 465828
657803922, 658344722, 540800
658463007, 658934779, 471772
659053636, 659523693, 470057
659643236, 660111807, 468571
660231464, 660702207, 470743
661256150, 661995693, 739543
662123693, 662593407, 469714
662711807, 663185407, 473600
663304265, 663775236, 470971
663892836, 664358322, 465486
664475922, 664941864, 465942
665059350, 665678893, 619543
665803122, 666304950, 501828
666423007, 666717522, 294515
667008493, 667478550, 470057
667594550, 668059693, 465143
668177179, 668639464, 462285
668755807, 669220607, 464800
669338093, 670188036, 849943
670320265, 670835807, 515542
670953865, 671427236, 473371
671545636, 672017522, 471886
672135236, 672607922, 472686
672726093, 673195464, 469371
673313064, 673964836, 651772
674090550, 674568265, 477715
674686207, 675155464, 469257
675271693, 675741864, 470171
675859579, 676322436, 462857
676438436, 676905407, 466971
677023121, 677649408, 626287
677775008, 678284836, 509828
678403236, 678870436, 467200
678988379, 679448607, 460228
679564265, 680028150, 463885
680146093, 680612264, 466171
680729293, 681199236, 469943
681317636, 681911922, 594286
682259236, 682747350, 488114
682865864, 683336950, 471086
683455122, 683917979, 462857
684035350, 684501064, 465714
684618093, 685085864, 467771
685203236, 685849865, 646629
685974779, 686449636, 474857
686565179, 687025865, 460686
687142665, 687612607, 469942
687730322, 688200607, 470285
688318664, 688789864, 471200
688907236, 689372950, 465714
689634550, 690159922, 525372
690278093, 690746550, 468457
690864836, 691327807, 462971
691443579, 691911464, 467885
692029750, 692499693, 469943
692616264, 693078321, 462057
693196836, 693977522, 780686
694105636, 694615579, 509943
694734093, 695205293, 471200
695323807, 695795122, 471315
695913064, 696383464, 470400
696501750, 696968836, 467086
697086436, 697717979, 631543
697842665, 698330436, 487771
698446207, 698919007, 472800
699037179, 699506207, 469028
699623579, 700093293, 469714
700211350, 700681979, 470629
700799579, 701265293, 465714
701382893, 702017407, 634514
702141522, 702618207, 476685
702736607, 703208607, 472000
703326436, 703795693, 469257
703913864, 704384036, 470172
704501864, 704971007, 469143
705089407, 705830550, 741143
705958207, 706483122, 524915
706601179, 707073636, 472457
707191350, 707662093, 470743
707780836, 708246550, 465714
708362093, 708828721, 466628
708946664, 709451807, 505143
709695008, 710221293, 526285
710339007, 710633407, 294400
710949750, 711423465, 473715
711544722, 712013636, 468914
712131579, 712605179, 473600
712723350, 713191350, 468000
713309636, 713951807, 642171
714075236, 714545636, 470400
714663693, 715135693, 472000
715253979, 715722436, 468457
715841179, 716306779, 465600
716424379, 716894664, 470285
717012607, 717738436, 725829
717868950, 718411579, 542629
718529293, 718998550, 469257
719116950, 719586093, 469143
719703579, 720171007, 467428
720289522, 720756264, 466742
720874436, 721344836, 470400
721610665, 722129522, 518857
722253407, 722723236, 469829
722841979, 723313179, 471200
723431464, 723902322, 470858
724020721, 724491350, 470629
724609407, 725079121, 469714
725197750, 725824150, 626400
725948950, 726417293, 468343
726533522, 727007579, 474057
727125179, 727598436, 473257
727716722, 728189064, 472342
728306893, 728775122, 468229
728893750, 729362093, 468343
729760950, 730307807, 546857
730426093, 730896950, 470857
731014779, 731486893, 472114
731605064, 732071121, 466057
732188721, 733237521, 1048800
733375807, 734102436, 726629
734230893, 734708493, 477600
734827236, 735296493, 469257
735413979, 735883464, 469485
736001636, 736470664, 469028
736588150, 737050436, 462286
737166779, 737800379, 633600
737925636, 738416036, 490400
738534779, 739005636, 470857
739123007, 739589407, 466400
739707350, 740175807, 468457
740293293, 740751579, 458286
740867464, 741331807, 464343
741721065, 742276950, 555885
742406436, 742878207, 471771
742997522, 743473407, 475885
743593522, 744057407, 463885
744174436, 744644036, 469600
744764379, 745233522, 469143
745352493, 746007807, 655314
746135007, 746608379, 473372
746727122, 747197979, 470857
747317522, 747790207, 472685
747909293, 748372150, 462857
748493179, 748958207, 465028
749075236, 749696379, 621143
749823693, 750320722, 497029
750864493, 751412607, 548114
751537979, 752013064, 475085
752131807, 752604150, 472343
752721750, 753187807, 466057
753305750, 754167465, 861715
754300150, 754818893, 518743
754936836, 755408036, 471200
755526436, 755999693, 473257
756117864, 756593636, 475772
756711693, 757182207, 470514
757300493, 757765750, 465257
758104836, 758588950, 484114
758712493, 759187922, 475429
759305293, 759771922, 466629
759890207, 760353864, 463657
760471693, 760933979, 462286
761051807, 761659007, 607200
761783007, 762281979, 498972
762398322, 762868150, 469828
762985979, 763450093, 464114
763567693, 764039236, 471543
764157293, 764628607, 471314
764746893, 765213293, 466400
765330778, 766173522, 842744
766305407, 766815807, 510400
766933407, 767404379, 470972
767522779, 767995807, 473028
768113750, 768584379, 470629
768702322, 769173407, 471085
769291236, 769944607, 653371
770069979, 770541979, 472000
770659807, 771130207, 470400
771248836, 771716264, 467428
771834207, 772298321, 464114
772415464, 772885521, 470057
773003236, 773606550, 603314
773732722, 774245979, 513257
774363350, 774829636, 466286
774947579, 775412607, 465028
775529979, 775998436, 468457
776117179, 776588150, 470971
776705864, 777169979, 464115
777288607, 778118550, 829943
778250550, 778761293, 510743
778877179, 779335464, 458285
779451236, 779917407, 466171
780035807, 780506893, 471086
780624721, 781091236, 466515
781208950, 781858665, 649715
781984379, 782463693, 479314
782582207, 783053065, 470858
783170436, 783636950, 466514
783753407, 784218207, 464800
784335579, 784801293, 465714
784919122, 785383693, 464571
785646093, 786165522, 519429
786283693, 786742779, 459086
786859122, 787323922, 464800
787441522, 787914436, 472914
788032150, 788503579, 471429
788621864, 789096150, 474286
789214093, 789990322, 776229
790118893, 790627236, 508343
790745293, 791213865, 468572
791332379, 791801864, 469485
791919464, 792389979, 470515
792507693, 792973864, 466171
793091693, 793748036, 656343
793875350, 794369293, 493943
794485293, 794954093, 468800
795072379, 795540607, 468228
795658893, 796128150, 469257
796245864, 796715464, 469600
796833750, 797299921, 466171
797417750, 798060722, 642972
798184950, 798653293, 468343
798770893, 799241522, 470629
799359922, 799829864, 469942
799947693, 800413407, 465714
800531236, 800998322, 467086
801116036, 801858665, 742629
801987922, 802521293, 533371
802639579, 803108836, 469257
803227807, 803699350, 471543
803817636, 804289979, 472343
804408721, 804872950, 464229
804991121, 805287236, 296115
805734550, 806247350, 512800
806364722, 806838093, 473371
806957179, 807423693, 466514
807541407, 808008722, 467315
808127122, 808596722, 469600
808714779, 809186322, 471543
809304607, 809940493, 635886
810065636, 810534207, 468571
810651122, 811115236, 464114
811233064, 811705407, 472343
811823464, 812295807, 472343
812413636, 812884950, 471314
813002664, 813725522, 722858
813854093, 814392265, 538172
814511007, 814982550, 471543
815100836, 815570550, 469714
815688836, 816155922, 467086
816273636, 816743122, 469486
816861750, 817331236, 469486
817601636, 818125636, 524000
818246665, 818541065, 294400
818838436, 819316493, 478057
819437636, 819905407, 467771
820023921, 820491807, 467886
820609521, 821069179, 459658
821188264, 821813293, 625029
821937865, 822417979, 480114
822535693, 823007122, 471429
823125636, 823597865, 472229
823715465, 824185636, 470171
824303693, 824774207, 470514
824891807, 825350893, 459086
825749522, 826302665, 553143
826421407, 826892264, 470857
827010207, 827483007, 472800
827600607, 828065064, 464457
828182779, 828647007, 464228
828764721, 829234207, 469486
829352607, 830001293, 648686
830127122, 830603350, 476228
830725293, 831194665, 469372
831314436, 831784379, 469943
831903693, 832370436, 466743
832488607, 832956036, 467429
833075579, 833696379, 620800
833823236, 834322093, 498857
834440950, 834911579, 470629
835031693, 835504722, 473029
835624836, 836095693, 470857
836215121, 836690893, 475772
836810893, 837279693, 468800
837398778, 838249636, 850858
838381979, 838897522, 515543
839017636, 839491350, 473714
839610436, 840078207, 467771
840636607, 841200722, 564115
841322093, 841977179, 655086
842102093, 842579465, 477372
842698322, 843167693, 469371
843285179, 843753064, 467885
843870779, 844340493, 469714
844457979, 844928036, 470057
845046207, 845664608, 618401
845791122, 846301407, 510285
846420036, 846890550, 470514
847008036, 847300950, 292914
847588722, 848047922, 459200
848163922, 848624493, 460571
848740950, 849211579, 470629
849329979, 850178779, 848800
850311122, 850827464, 516342
850945407, 851415922, 470515
851533636, 852003350, 469714
852121293, 852590779, 469486
852708493, 853170321, 461828
853288493, 853920036, 631543
854044493, 854517865, 473372
854633865, 855104265, 470400
855222550, 855691465, 468915
855809179, 856279236, 470057
856397636, 856866322, 468686
856984264, 857589407, 605143
857715579, 858219807, 504228
858336607, 858809522, 472915
858927350, 859400150, 472800
859517636, 859990207, 472571
860107350, 860401179, 293829
860693864, 861173979, 480115
861291921, 862114322, 822401
862246093, 862756379, 510286
862872150, 863341407, 469257
863459236, 863934093, 474857
864052150, 864519579, 467429
864637407, 865107693, 470286
865225750, 865891922, 666172
866018322, 866499350, 481028
866617636, 867089179, 471543
867207350, 867679807, 472457
867797522, 868263236, 465714
868381293, 868839350, 458057
868955121, 869413293, 458172
869675236, 870202665, 527429
870320493, 870790779, 470286
870909065, 871371807, 462742
871490207, 871957636, 467429
872075007, 872535579, 460572
872652493, 873109750, 457257
873225407, 874001293, 775886
874129865, 874640036, 510171
874757522, 875227236, 469714
875345179, 875812836, 467657
875931007, 876400836, 469829
876518893, 876987921, 469028
877106093, 877741865, 635772
877868608, 878352722, 484114
878468722, 878927922, 459200
879045293, 879516836, 471543
879635007, 880104836, 469829
880221979, 880692036, 470057
880810322, 881281293, 470971
881399007, 882034207, 635200
882160493, 882632722, 472229
882750322, 883215579, 465257
883331464, 883797979, 466515
883916493, 884392607, 476114
884511693, 884981407, 469714
885100036, 885845636, 745600
885974093, 886501293, 527200
886620036, 887091465, 471429
887209979, 887680836, 470857
887798550, 888268036, 469486
888387007, 888851464, 464457
888969064, 889587122, 618058
889710207, 890221636, 511429
890338779, 890815693, 476914
890933522, 891400493, 466971
891518322, 891989521, 471199
892107807, 892577750, 469943
892695464, 893164950, 469486
893283578, 893915007, 631429
894039807, 894513179, 473372
894631122, 895101979, 470857
895219007, 895688265, 469258
895806436, 896273864, 467428
896391693, 896853179, 461486
896969407, 897430207, 460800
897811236, 898354665, 543429
898471350, 898926664, 455314
899042893, 899500950, 458057
899617064, 900084264, 467200
900201979, 900672607, 470628
900791007, 901256150, 465143
901373864, 902019807, 645943
902144607, 902607465, 462858
902724722, 903186207, 461485
903304379, 903767122, 462743
903884493, 904352836, 468343
904470893, 904935007, 464114
905050779, 905664379, 613600
905789065, 906288036, 498971
906405522, 906873179, 467657
906990779, 907457293, 466514
907574779, 908038207, 463428
908154093, 908608036, 453943
908724036, 909192264, 468228
909310207, 910147465, 837258
910281179, 910800836, 519657
910919465, 911390322, 470857
911508493, 911981064, 472571
912099350, 912564950, 465600
912682779, 913152493, 469714
913271350, 913917407, 646057
914041750, 914515922, 474172
914633979, 915102664, 468685
915220836, 915691350, 470514
915809522, 916274550, 465028
916392379, 916857407, 465028
916975350, 917577065, 601715
917700836, 918220836, 520000
918338322, 918802550, 464228
918918550, 919383122, 464572
919502436, 919976836, 474400
920096950, 920565407, 468457
920684493, 921154550, 470057
921274207, 922100265, 826058
922232836, 922745750, 512914
922863350, 923320722, 457372
923438436, 923907922, 469486
924026207, 924490664, 464457
924610893, 925088950, 478057
925208493, 925857408, 648915
925983350, 926459007, 475657
926578436, 927044493, 466057
927162207, 927625865, 463658
927744722, 928217407, 472685
928336722, 928801064, 464342
929359236, 930090779, 731543
930217979, 930695122, 477143
930812950, 931281864, 468914
931400264, 931864607, 464343
931982436, 932452493, 470057
932570893, 933030664, 459771
933146436, 933926322, 779886
934054436, 934385179, 330743
934705293, 935157979, 452686
935280036, 935755122, 475086
935872836, 936334779, 461943
936450779, 936920036, 469257
937038436, 937671007, 632571
937796607, 938310550, 513943
938428607, 938897864, 469257
939014779, 939489750, 474971
939607236, 940064036, 456800
940179121, 940644836, 465715
940763121, 941229864, 466743
941347464, 941993865, 646401
942119807, 942594093, 474286
942711693, 943181750, 470057
943300150, 943761179, 461029
943878779, 944338550, 459771
944454893, 944917979, 463086
945035464, 945776379, 740915
945904950, 946429522, 524572
946545979, 947003579, 457600
947119807, 947575122, 455315
947690550, 948151579, 461029
948268607, 948726207, 457600
948842207, 949303693, 461486
949420036, 950065750, 645714
950190322, 950667693, 477371
950786093, 951251350, 465257
951368836, 951833750, 464914
951951464, 952412950, 461486
952530436, 952999350, 468914
953117636, 953863693, 746057
953994665, 954519693, 525028
954638093, 954929407, 291314
955235236, 955708950, 473714
955830093, 956296836, 466743
956415121, 956884150, 469029
957002207, 957753979, 751772
957883922, 958425750, 541828
958543693, 959011579, 467886
959127922, 959593979, 466057
959711579, 960178093, 466514
960295236, 960759464, 464228
960876036, 961333636, 457600
961596836, 962117179, 520343
962241865, 962705064, 463199
962822322, 963291350, 469028
963409979, 963873407, 463428
963991121, 964453864, 462743
964570436, 965026321, 455885
965143121, 965776379, 633258
965901979, 966387465, 485486
966505065, 966975922, 470857
967095007, 967558550, 463543
967676265, 968136950, 460685
968253750, 968716836, 463086
968834664, 969306436, 471772
969425179, 970273407, 848228
970404836, 970922207, 517371
971041064, 971510436, 469372
971627807, 972099007, 471200
972217407, 972687350, 469943
972805064, 973276150, 471086
973394664, 974041522, 646858
974165179, 974629293, 464114
974746779, 975213636, 466857
975331465, 975804722, 473257
975922779, 976391464, 468685
976509864, 976979464, 469600
977097522, 977714779, 617257
977839122, 978324265, 485143
978440379, 978910093, 469714
979027922, 979497522, 469600
979615464, 980080379, 464915
980197864, 980492379, 294515
980781979, 981251578, 469599
981369750, 982212036, 842286
982344265, 982859236, 514971
982976836, 983436950, 460114
983553179, 984014550, 461371
984131693, 984600379, 468686
984718093, 985189522, 471429
985307464, 985960493, 653029
986085636, 986559007, 473371
986676722, 987134436, 457714
987250893, 987711922, 461029
987829636, 988296150, 466514
988413521, 988877179, 463658
988992950, 989591236, 598286
989715008, 990225979, 510971
990342550, 990806322, 463772
990923693, 991400265, 476572
991518093, 991988150, 470057
992105864, 992575579, 469715
992694093, 993158436, 464343
993275693, 994104493, 828800
994236722, 994751007, 514285
994868264, 995331236, 462972
995449636, 995911007, 461371
996029064, 996500379, 471315
996618550, 997088264, 469714
997205979, 997858093, 652114
997983807, 998466550, 482743
998584379, 999057979, 473600
999176379, 999645065, 468686
999762664, 229293, -999533371
349293, 816150, 466857
932722, 1397636, 464914
1667465, 2191236, 523771
2307693, 2775807, 468114
2891693, 3359350, 467657
3475236, 3937521, 462285
4053179, 4506321, 453142
4620607, 5086893, 466286
5202664, 5983350, 780686
6109407, 6625065, 515658
6742093, 7207465, 465372
7323465, 7788379, 464914
7904379, 8379464, 475085
8495122, 8966093, 470971
9082550, 9703465, 620915
9826093, 10311007, 484914
10429636, 10905522, 475886
11024036, 11488036, 464000
11604607, 12076379, 471772
12194779, 12661179, 466400
12778207, 13236721, 458514
13353293, 14002893, 649600
14129636, 14605522, 475886
14723807, 15195807, 472000
15314779, 15611807, 297028
15917864, 16393407, 475543
16516264, 16990550, 474286
17109407, 17858436, 749029
17988150, 18520493, 532343
18639464, 19106436, 466972
19224379, 19700264, 475885
19819464, 20292150, 472686
20861979, 21586208, 724229
21715465, 22226893, 511428
22341636, 22808150, 466514
22925750, 23396722, 470972
23513865, 23988264, 474399
24105750, 24570779, 465029
24688036, 25154436, 466400
25272150, 25905065, 632915
26029750, 26511350, 481600
26629293, 27101522, 472229
27218436, 27689522, 471086
27806893, 28276379, 469486
28392379, 28686436, 294057
28984264, 29633636, 649372
29858093, 30404493, 546400
30520836, 30813179, 292343
31118322, 31598322, 480000
31720036, 32199122, 479086
32316150, 32788722, 472572
32906322, 33376607, 470285
33644722, 34168150, 523428
34286093, 34754550, 468457
34871807, 35335007, 463200
35450207, 35918321, 468114
36035236, 36505407, 470171
36621864, 37091236, 469372
37206664, 37831236, 624572
37955579, 38431350, 475771
38548265, 39015122, 466857
39132950, 39605065, 472115
39721865, 40191579, 469714
40308036, 40776379, 468343
40892379, 41358664, 466285
41753522, 42305522, 552000
42422550, 42891236, 468686
43009636, 43479922, 470286
43596836, 44063236, 466400
44181521, 44641064, 459543
44755921, 45220836, 464915
45338893, 45986207, 647314
46110665, 46583807, 473142
46702322, 47173750, 471428
47291465, 47587465, 296000
47877179, 48346893, 469714
48464036, 48927579, 463543
49045064, 49656607, 611543
49781179, 50288265, 507086
50405407, 50877864, 472457
50994664, 51463236, 468572
51580493, 52045521, 465028
52161979, 52625064, 463085
52740493, 53207464, 466971
53324607, 54178207, 853600
54309636, 54819465, 509829
54934665, 55226436, 291771
55329293, 56558093, 1228800
56692836, 57224036, 531200
57341179, 57990093, 648914
58115007, 58590893, 475886
58707350, 59173750, 466400
59290550, 59587007, 296457
59879350, 60350893, 471543
60468264, 60935807, 467543
61053064, 61666550, 613486
61791808, 62294893, 503085
62412150, 62883007, 470857
63000265, 63467122, 466857
63584836, 64049864, 465028
64167122, 64629179, 462057
64745750, 65203807, 458057
65319922, 66167922, 848000
66298093, 66816722, 518629
66933979, 67405522, 471543
67523007, 67993636, 470629
68110093, 68578093, 468000
68693064, 68988036, 294972
69278207, 69928379, 650172
70053293, 70531579, 478286
70649407, 71120950, 471543
71237979, 71708607, 470628
71825864, 72294550, 468686
72412036, 72879807, 467771
72997179, 73603122, 605943
73728722, 74229750, 501028
74345979, 74802550, 456571
74917864, 75389407, 471543
75507236, 75979579, 472343
76097293, 76565064, 467771
76682207, 77153750, 471543
77270436, 78048607, 778171
78176379, 78685522, 509143
78802665, 79276150, 473485
79393407, 79867693, 474286
79985293, 80456036, 470743
80573636, 81037522, 463886
81152836, 81781750, 628914
81905407, 82396379, 490972
82513865, 82983807, 469942
83101064, 83572036, 470972
83689064, 84154779, 465715
84272493, 84735807, 463314
84852607, 85315121, 462514
85569408, 86092150, 522742
86217636, 86512722, 295086
86614550, 87222893, 608343
87341065, 87808379, 467314
87925293, 88392264, 466971
88509864, 88979464, 469600
89096493, 89849179, 752686
89976950, 90503122, 526172
90620036, 91090436, 470400
91207693, 91678550, 470857
91795350, 92259121, 463771
92376264, 92841179, 464915
92958093, 93425293, 467200
93693750, 94220036, 526286
94337865, 94807350, 469485
94924836, 95393522, 468686
95510779, 95979807, 469028
96096836, 96565750, 468914
96682779, 97151922, 469143
97269064, 97892607, 623543
98016950, 98494436, 477486
98611464, 99077179, 465715
99194779, 99665522, 470743
99783007, 100243807, 460800
100359579, 100816379, 456800
100932264, 101401978, 469714
101786779, 102342322, 555543
102460493, 102933522, 473029
103051922, 103517750, 465828
103634207, 104103350, 469143
104221179, 104692722, 471543
104810664, 105279693, 469029
105397636, 106048722, 651086
106174207, 106635807, 461600
106753522, 107223007, 469485
107341864, 107812836, 470972
107932379, 108404264, 471885
108523807, 108992950, 469143
109112379, 109746779, 634400
109873408, 110359807, 486399
110479350, 110944607, 465257
111063579, 111528493, 464914
111647007, 112116722, 469715
112235922, 112710093, 474171
112829636, 113298664, 469028
113418207, 114256493, 838286
114389065, 114903350, 514285
115023007, 115496607, 473600
116069750, 116630893, 561143
116751464, 117220493, 469029
117339007, 118000150, 661143
118125636, 118603236, 477600
118720950, 119191579, 470629
119309293, 119779464, 470171
119897636, 120191693, 294057
120480379, 120940722, 460343
121056722, 121667807, 611085
121792036, 122302436, 510400
122419922, 122892722, 472800
123010664, 123483122, 472458
123600950, 124070893, 469943
124189407, 124658436, 469029
124776493, 125241521, 465028
125359121, 126200036, 840915
126332150, 126852379, 520229
126971350, 127435693, 464343
127552036, 128021407, 469371
128140150, 128607693, 467543
128725636, 129190207, 464571
129308607, 129956265, 647658
130082207, 130557407, 475200
130675807, 131143236, 467429
131261293, 131727350, 466057
131845064, 132312264, 467200
132430436, 132902321, 471885
133020607, 133647122, 626515
133773865, 134281865, 508000
134400036, 134870779, 470743
134987807, 135455236, 467429
135573522, 136031579, 458057
136147579, 136604836, 457257
136721293, 137013522, 292229
137316379, 138162322, 845943
138297865, 138818322, 520457
138937179, 139405064, 467885
139522322, 139991921, 469599
140109979, 140581293, 471314
140699121, 140992150, 293029
141280036, 141913636, 633600
142037750, 142512379, 474629
142630436, 143097522, 467086
143215922, 143686550, 470628
143804036, 144272722, 468686
144390893, 144857864, 466971
144975579, 145601522, 625943
145728379, 146233522, 505143
146349407, 146812950, 463543
146930664, 147223122, 292458
147528379, 148009979, 481600
148131579, 148605293, 473714
148723579, 149194779, 471200
149313064, 150148379, 835315
150279465, 150798207, 518742
150916150, 151388722, 472572
151507350, 151979579, 472229
152097179, 152568950, 471771
152687464, 153155807, 468343
153273522, 153900379, 626857
154024493, 154504722, 480229
154622550, 155091350, 468800
155209750, 155675922, 466172
155794207, 156263350, 469143
156381064, 156845179, 464115
156960607, 157420721, 460114
157678208, 158199922, 521714
158317179, 158785979, 468800
158903236, 159374436, 471200
159492265, 159961179, 468914
160079236, 160544950, 465714
160662436, 161125293, 462857
161241407, 162019236, 777829
162147579, 162656950, 509371
162773522, 163240950, 467428
163358436, 163827807, 469371
163946664, 164416607, 469943
164534436, 165000493, 466057
165118550, 165751236, 632686
165877179, 166369407, 492228
166488379, 166955922, 467543
167073179, 167365979, 292800
167675807, 168146436, 470629
168268379, 168738322, 469943
168856150, 169319922, 463772
169470322, 170102893, 632571
170227693, 170696607, 468914
170815464, 171284607, 469143
171402322, 171871693, 469371
171989293, 172454436, 465143
172571921, 173035350, 463429
173153179, 173901522, 748343
174029522, 174554322, 524800
174672379, 175141065, 468686
175259122, 175726665, 467543
175844493, 176308836, 464343
176425979, 176895007, 469028
177013864, 177635579, 621715
177762093, 178276722, 514629
178395465, 178865864, 470399
178982207, 179452836, 470629
179570779, 180033979, 463200
180150093, 180614664, 464571
180733064, 181198093, 465029
181315350, 181953522, 638172
182079236, 182545293, 466057
182661636, 183135579, 473943
183253750, 183717865, 464115
183833636, 184299122, 465486
184416950, 184886436, 469486
185004150, 185723007, 718857
185853407, 186397636, 544229
186515007, 186985750, 470743
187104493, 187573522, 469029
187691236, 188159121, 467885
188276607, 188746207, 469600
188862436, 189329521, 467085
189597408, 189942550, 345142
190241865, 190705293, 463428
190820950, 191290436, 469486
191409407, 191881293, 471886
191999007, 192469407, 470400
192587579, 193059236, 471657
193176722, 193801407, 624685
193924836, 194231236, 306400
194520493, 195000722, 480229
195122893, 195595464, 472571
195715350, 196186550, 471200
196304379, 196774664, 470285
196893179, 197363807, 470628
197754436, 198311579, 557143
198432150, 198728493, 296343
198833179, 199465750, 632571
199586322, 200059122, 472800
200179350, 200645179, 465829
200764836, 201228150, 463314
201345864, 202001407, 655543
202128036, 202601750, 473714
202721064, 203190322, 469258
203309979, 203781064, 471085
203900836, 204372836, 472000
204930779, 205635465, 704686
205762779, 206271122, 508343
206389293, 206860379, 471086
206978436, 207447122, 468686
207565293, 208028950, 463657
208145636, 208613750, 468114
208730550, 209201979, 471429
209320493, 210163007, 842514
210295007, 210806664, 511657
210922779, 211387007, 464228
211505522, 211976836, 471314
212095693, 212560836, 465143
212679921, 213158321, 478400
213275807, 213911236, 635429
214035579, 214511236, 475657
214629179, 215096265, 467086
215213979, 215680950, 466971
215799236, 216273407, 474171
216391122, 216859922, 468800
216977750, 217437979, 460229
217696607, 218215350, 518743
218332950, 218801864, 468914
218919922, 219213293, 293371
219501864, 219977064, 475200
220095121, 220567921, 472800
220685979, 221153407, 467428
221271807, 222097979, 826172
222230093, 222742436, 512343
222858207, 223314665, 456458
223430322, 223901407, 471085
224020150, 224492950, 472800
224610664, 225077750, 467086
225194779, 225838893, 644114
225964036, 226443579, 479543
226562207, 227030893, 468686
227148264, 227616493, 468229
227734207, 228028721, 294514
228320950, 228795350, 474400
228913064, 229383350, 470286
229644493, 230170093, 525600
230287122, 230753179, 466057
230870893, 231341065, 470172
231459579, 231926893, 467314
232044379, 232508950, 464571
232626093, 233096722, 470629
233214436, 233992036, 777600
234120493, 234630550, 510057
234748264, 235217864, 469600
235335922, 235801636, 465714
235919350, 236386779, 467429
236504607, 236974207, 469600
237092721, 237712608, 619887
237843922, 238340493, 496571
238456722, 238930093, 473371
239048493, 239517179, 468686
239634893, 240103579, 468686
240221864, 240696836, 474972
240814550, 241287236, 472686
241405636, 242048036, 642400
242172836, 242634664, 461828
242750436, 243220607, 470171
243338207, 243807807, 469600
243926321, 244394893, 468572
244512836, 244982550, 469714
245100721, 245853865, 753144
245982322, 246504950, 522628
246621522, 247089750, 468228
247207579, 247677865, 470286
247796150, 248267693, 471543
248385864, 248851579, 465715
248969064, 249580493, 611429
249705750, 250230207, 524457
250348036, 250812950, 464914
250931236, 251397636, 466400
251515579, 251985407, 469828
252103693, 252574321, 470628
252692493, 253161636, 469143
253279236, 253917865, 638629
254043007, 254516722, 473715
254634436, 255100150, 465714
255217979, 255684607, 466628
255802550, 256271693, 469143
256389636, 256684379, 294743
256972493, 257445064, 472571
257823579, 258364607, 541028
258480950, 258953522, 472572
259071464, 259541407, 469943
259660493, 260123693, 463200
260241293, 260709864, 468571
260827807, 261294778, 466971
261412150, 262064607, 652457
262189179, 262665407, 476228
262783807, 263253750, 469943
263371122, 263833179, 462057
263949293, 264409864, 460571
264526664, 264994893, 468229
265113179, 265742665, 629486
265868150, 266356493, 488343
266475007, 266932036, 457029
267047579, 267509293, 461714
267626893, 268095807, 468914
268213293, 268677636, 464343
268796379, 269264150, 467771
269380721, 269988722, 608001
270350322, 270829293, 478971
270950893, 271416493, 465600
271534665, 271998093, 463428
272115807, 272587464, 471657
272705750, 273181522, 475772
273299350, 273943350, 644000
274068379, 274540950, 472571
274658893, 275126664, 467771
275244379, 275714779, 470400
275832722, 276298893, 466171
276416607, 276883921, 467314
277001636, 277607693, 606057
277734436, 278235922, 501486
278352607, 278826322, 473715
278944836, 279414665, 469829
279532493, 279997636, 465143
280115693, 280580493, 464800
280698207, 281170207, 472000
281286550, 282105865, 819315
282237636, 282756722, 519086
282874550, 283345750, 471200
283463807, 283934436, 470629
284051807, 284521407, 469600
284643579, 285112607, 469028
285232036, 285875693, 643657
286002665, 286484493, 481828
286604150, 287077065, 472915
287196607, 287667922, 471315
287787464, 288254436, 466972
288374436, 288844607, 470171
288964264, 289573293, 609029
289703007, 290214093, 511086
290332379, 290806779, 474400
290926779, 291399007, 472228
291518779, 291991464, 472685
292111807, 292583464, 471657
292701864, 293170321, 468457
294080836, 294678779, 597943
294808607, 295275465, 466858
295392379, 295861979, 469600
295979007, 296449293, 470286
296567579, 297036836, 469257
297154779, 297797065, 642286
297922093, 298400379, 478286
298516607, 298805750, 289143
298909064, 299522664, 613600
299643122, 300114550, 471428
300232493, 300699121, 466628
300817407, 301284607, 467200
301401978, 302043236, 641258
302169407, 302639693, 470286
302757407, 303219350, 461943
303336379, 303800493, 464114
303918322, 304387007, 468685
304505522, 304975807, 470285
305093979, 305840722, 746743
305969179, 306498207, 529028
306616150, 307087236, 471086
307205864, 307676836, 470972
307795464, 308267464, 472000
308385636, 308851121, 465485
308969750, 309575236, 605486
309699693, 310214093, 514400
310332607, 310797636, 465029
310915465, 311378322, 462857
311497065, 311970093, 473028
312088264, 312562550, 474286
312679807, 313150436, 470629
313268722, 313891693, 622971
314017179, 314496493, 479314
314614664, 315088264, 473600
315206093, 315679464, 473371
315797179, 316269064, 471885
316387007, 316856264, 469257
316974664, 317439807, 465143
317820493, 318365407, 544914
318483236, 318949750, 466514
319067807, 319538207, 470400
319657065, 320124722, 467657
320243693, 320705179, 461486
320822322, 321297864, 475542
321415693, 322091007, 675314
322216722, 322692036, 475314
322809750, 323280722, 470972
323397864, 323865064, 467200
323981179, 324446664, 465485
324563007, 325026207, 463200
325144036, 325765179, 621143
325889865, 326381407, 491542
326499693, 326969293, 469600
327087350, 327559579, 472229
327677750, 328141750, 464000
328257864, 328714436, 456572
328831007, 329298550, 467543
329416607, 330256950, 840343
330389065, 330900379, 511314
331017293, 331487122, 469829
331604264, 332072036, 467772
332188721, 332659121, 470400
333150664, 333880836, 730172
334012265, 334497979, 485714
334616150, 335088150, 472000
335205979, 335671579, 465600
335788150, 336082207, 294057
336371693, 336846207, 474514
336964036, 337429293, 465257
337692950, 338208150, 515200
338325065, 338798550, 473485
338917064, 339387693, 470629
339506550, 339972950, 466400
340090321, 340558893, 468572
340676264, 341140721, 464457
341258093, 342022436, 764343
342150322, 342660150, 509828
342778322, 343074207, 295885
343364722, 343839693, 474971
343957407, 344423579, 466172
344540836, 345012722, 471886
345131579, 345762436, 630857
345888493, 346383350, 494857
346502207, 346963693, 461486
347082664, 347376036, 293372
347674322, 348149636, 475314
348271921, 348743921, 472000
348860836, 349324607, 463771
349442550, 350395579, 953029
350525865, 351031236, 505371
351146893, 351617750, 470857
351736379, 352196836, 460457
352313750, 352790207, 476457
352909064, 353380950, 471886
353777865, 354327465, 549600
354445636, 354914893, 469257
355033179, 355502664, 469485
355618550, 356088264, 469714
356204950, 356678207, 473257
356796721, 357261521, 464800
357378093, 358028150, 650057
358152265, 358619236, 466971
358736836, 359200493, 463657
359317636, 359782779, 465143
359901293, 360371236, 469943
360488493, 360964722, 476229
361083350, 361690093, 606743
361813865, 362314550, 500685
362433407, 362903693, 470286
363021636, 363492493, 470857
363610322, 364076836, 466514
364192950, 364488150, 295200
364591121, 365205293, 614172
365324493, 366159007, 834514
366291579, 366806779, 515200
366924607, 367393065, 468458
367510893, 367984836, 473943
368102893, 368571807, 468914
368689179, 369160950, 471771
369278322, 369926893, 648571
370052036, 370532950, 480914
370651579, 371116722, 465143
371235007, 371702779, 467772
371821522, 372291007, 469485
372408607, 372878664, 470057
372996493, 373598779, 602286
373724608, 374242779, 518171
374362550, 374833522, 470972
374952607, 375419807, 467200
375538322, 376011122, 472800
376129864, 376599122, 469258
376718779, 377188264, 469485
377307350, 378141979, 834629
378275465, 378797636, 522171
378917522, 379391464, 473942
379511236, 379979464, 468228
380098436, 380569179, 470743
380688607, 381163007, 474400
381281636, 381931350, 649714
382058779, 382539007, 480228
382659122, 383125636, 466514
383243693, 383717293, 473600
384282550, 384839236, 556686
384957979, 385423579, 465600
385700379, 386226093, 525714
386344493, 386815464, 470971
386934207, 387395236, 461029
387511122, 387980607, 469485
388098664, 388565979, 467315
388683807, 389153636, 469829
389271807, 390057179, 785372
390185179, 390692379, 507200
390808265, 391278322, 470057
391394550, 391871007, 476457
391989750, 392459464, 469714
392577864, 393049064, 471200
393166893, 393803693, 636800
393929065, 394415922, 486857
394533865, 394829750, 295885
395130093, 395580836, 450743
395703122, 396176150, 473028
396294093, 396764493, 470400
396882321, 397346778, 464457
397464036, 398121293, 657257
398246093, 398707693, 461600
398823579, 399293750, 470171
399411922, 399878779, 466857
399996493, 400463122, 466629
400581064, 401047122, 466058
401164722, 401915350, 750628
402043922, 402565407, 521485
402682893, 403156607, 473714
