
Start_ns, stop_ns,  spent_ns
549195048, 550389741, 1194693
550518205, 551561344, 1043139
551686265, 552557738, 871473
552676944, 553838831, 1161887
553972895, 554913282, 940387
555031116, 555868755, 837639
555986246, 556845944, 859698
556965035, 558068055, 1103020
558190345, 559050035, 859690
559169354, 560274197, 1104843
560404259, 561256978, 852719
561375497, 562450755, 1075258
562570076, 563425437, 855361
563544644, 564405149, 860505
564522413, 565362345, 839932
565737566, 566687674, 950108
566806766, 567669098, 862332
567786018, 568642293, 856275
568760699, 569784980, 1024281
569914243, 570796454, 882211
570914402, 571768384, 853982
571887360, 572750599, 863239
572868204, 573904816, 1036612
574029505, 574901072, 871567
575018904, 575872528, 853624
575990703, 576846727, 856024
576964330, 578155569, 1191239
578277402, 579152062, 874660
579270467, 580121812, 851345
580240102, 581078418, 838316
581194423, 582240750, 1046327
582363841, 583227076, 863235
583345252, 584198430, 853178
584317063, 585170469, 853406
585286817, 586309460, 1022643
586432546, 587279295, 846749
587394724, 588245129, 850405
588363530, 589208336, 844806
589324908, 590615764, 1290856
590737935, 591603876, 865941
591722162, 592584903, 862741
592702503, 593718958, 1016455
593847871, 594754951, 907080
594872550, 595727631, 855081
595845687, 596691282, 845595
596807395, 597821675, 1014280
597949445, 598830811, 881366
598949782, 599790805, 841023
599907604, 600760627, 853023
600879484, 602065192, 1185708
602193306, 603062674, 869368
603181531, 604037413, 855882
604155355, 605007351, 851996
605127351, 606187691, 1060340
606309062, 607153860, 844798
607271003, 608115573, 844570
608232944, 609091913, 858969
609209970, 610233170, 1023200
610354313, 611215456, 861143
611334313, 612190199, 855886
612308942, 613170428, 861486
613288599, 614493172, 1204573
614616601, 615483459, 866858
615601402, 616447003, 845601
616565631, 617432032, 866401
617694319, 618615805, 921486
618734548, 619595349, 860801
619714092, 620563808, 849716
620682208, 621685067, 1002859
621811924, 622723124, 911200
622841181, 623701867, 860686
623820038, 624674667, 854629
624792953, 625956839, 1163886
626088724, 626996153, 907429
627113638, 627958095, 844457
628073295, 628924495, 851200
629043124, 630100381, 1057257
630221753, 631078209, 856456
631197067, 632059466, 862399
632177066, 633031923, 854857
633150666, 634203237, 1052571
634325523, 635169409, 843886
635286209, 636128951, 842742
636245294, 637094665, 849371
637213636, 638416837, 1203201
638538894, 639404608, 865714
639524722, 640385293, 860571
640503465, 641351007, 847542
641607807, 642528607, 920800
642649407, 643497292, 847885
643616378, 644466092, 849714
644583349, 645576835, 993486
645703235, 646577178, 873943
646707806, 647573749, 865943
647692949, 648502892, 809943
648632149, 649756835, 1124686
649888835, 650833178, 944343
650950778, 651798778, 848000
651916149, 652776149, 860000
652894435, 653930779, 1036344
654055465, 654925065, 869600
655043922, 655896493, 852571
656014779, 656861750, 846971
656978207, 658016607, 1038400
658137407, 659007350, 869943
659125636, 659983121, 857485
660102436, 660960607, 858171
661078093, 662276607, 1198514
662399693, 663256150, 856457
663371922, 664225064, 853142
664344493, 665204493, 860000
665323350, 666377293, 1053943
666500493, 667347922, 847429
667464036, 668320036, 856000
668437979, 669294778, 856799
669412607, 670458093, 1045486
670580150, 671438893, 858743
671557750, 672408036, 850286
672527236, 673372264, 845028
673760036, 674701293, 941257
674817636, 675674436, 856800
675793293, 676653521, 860228
676771121, 677794093, 1022972
677923007, 678806893, 883886
678924493, 679778207, 853714
679898436, 680757750, 859314
680877179, 681919922, 1042743
682048150, 682872950, 824800
683002893, 683867464, 864571
683986436, 684831807, 845371
684948150, 686133293, 1185143
686256722, 687127007, 870285
687245865, 688088379, 842514
688204836, 689044836, 840000
689163350, 690215579, 1052229
690337865, 691185179, 847314
691301750, 692150093, 848343
692270207, 693128836, 858629
693247921, 694278893, 1030972
694401865, 695259693, 857828
695845864, 696802779, 956915
696921064, 698130893, 1209829
698259236, 699128036, 868800
699247122, 700088379, 841257
700204379, 701036379, 832000
701153407, 702198436, 1045029
702319922, 703181293, 861371
703299579, 704148150, 848571
704266664, 705125522, 858858
705244150, 706280722, 1036572
706403465, 707262322, 858857
707379236, 708230664, 851428
708348836, 709207121, 858285
709325178, 710604950, 1279772
710728722, 711587465, 858743
711704265, 712568607, 864342
712685750, 713695807, 1010057
713824036, 714731122, 907086
714848950, 715691579, 842629
715807350, 716662093, 854743
716780950, 717811236, 1030286
717939236, 718817865, 878629
718936379, 719780150, 843771
719897064, 720749864, 852800
720867922, 722030093, 1162171
722161636, 723066779, 905143
723181750, 724035121, 853371
724155007, 725005521, 850514
725122550, 726172036, 1049486
726293865, 727136265, 842400
727254665, 728113979, 859314
728231122, 729078436, 847314
729197293, 730231350, 1034057
730352265, 731207464, 855199
731327350, 732187921, 860571
732305750, 734124265, 1818515
734257979, 735150207, 892228
735271350, 736133864, 862514
736252150, 737113064, 860914
737231007, 738287465, 1056458
738409979, 739269864, 859885
739388607, 740234893, 846286
740354664, 741215807, 861143
741333750, 742379350, 1045600
742501979, 743361293, 859314
743479007, 744332722, 853715
744452036, 745312150, 860114
745429750, 746714550, 1284800
746838093, 747698664, 860571
747816264, 748675464, 859200
748794550, 749834436, 1039886
749964607, 750850207, 885600
750969522, 751834207, 864685
751951350, 752805064, 853714
752924036, 753967579, 1043543
754092836, 754949636, 856800
755068150, 755929179, 861029
756046893, 756890321, 843428
757005750, 758177979, 1172229
758301750, 759164836, 863086
759280150, 760130093, 849943
760248722, 761093407, 844685
761210779, 762240722, 1029943
762360493, 762983122, 622629
763096950, 764209750, 1112800
764333293, 765201521, 868228
765320264, 766373636, 1053372
766496036, 767347807, 851771
767464379, 768317293, 852914
768436150, 769297979, 861829
769416264, 770704722, 1288458
770828379, 771688036, 859657
771805979, 772653521, 847542
772773293, 773786665, 1013372
773915579, 774790779, 875200
774910550, 775759350, 848800
775877407, 776717636, 840229
776837407, 777839465, 1002058
777967007, 778817064, 850057
778934322, 779792722, 858400
779911579, 780747579, 836000
780864493, 782041636, 1177143
782171350, 783044836, 873486
783164265, 784019579, 855314
784137979, 784989750, 851771
785108493, 786150665, 1042172
786271693, 787131464, 859771
787249979, 788106093, 856114
788224379, 789072950, 848571
789191464, 790223350, 1031886
790344265, 791202779, 858514
791321636, 792180264, 858628
792298093, 793150207, 852114
793269293, 794476950, 1207657
794598550, 795461179, 862629
795580150, 796435579, 855429
796553293, 797391350, 838057
797655922, 798574322, 918400
798695236, 799554893, 859657
799673750, 800525979, 852229
800645522, 801654093, 1008571
801780607, 802674322, 893715
802790436, 803642093, 851657
803761064, 804619807, 858743
804737750, 805877636, 1139886
806010893, 806940607, 929714
807057522, 807909750, 852228
808029293, 808875464, 846171
808991122, 810035807, 1044685
810158093, 811025522, 867429
811144607, 811984493, 839886
812100950, 812949064, 848114
813068264, 814113293, 1045029
814234893, 815081979, 847086
815197979, 816053407, 855428
816172722, 817027807, 855085
817146207, 818332836, 1186629
818454093, 819320722, 866629
819438779, 820296264, 857485
820415579, 821261521, 845942
821380036, 822450207, 1070171
822570893, 823194207, 623314
823307579, 831113865, 7806286
831239465, 832098436, 858971
832213865, 833065522, 851657
833185407, 834605293, 1419886
834788264, 835689636, 901372
835868493, 839424150, 3555657
839611122, 840803807, 1192685
840984150, 842594207, 1610057
842777407, 843963693, 1186286
844144036, 845325636, 1181600
845693979, 846929636, 1235657
847109065, 848292264, 1183199
848472379, 849855693, 1383314
850044493, 851251464, 1206971
851432607, 852615807, 1183200
852796836, 854290893, 1494057
854413979, 855288950, 874971
855408493, 856251350, 842857
856807236, 857971693, 1164457
858098550, 858948264, 849714
859065864, 859925636, 859772
860044264, 860896036, 851772
861015236, 862055122, 1039886
862175693, 863036265, 860572
863156036, 864013636, 857600
864131693, 864968493, 836800
865084379, 866293293, 1208914
866417407, 867274322, 856915
867389864, 868243693, 853829
868362207, 869223350, 861143
869341407, 870383007, 1041600
870505293, 871349522, 844229
871465750, 872316264, 850514
872434550, 873291922, 857372
873410779, 874447122, 1036343
874568150, 875429064, 860914
875547807, 876404950, 857143
876524721, 877369521, 844800
877757179, 878713407, 956228
878833750, 879683693, 849943
879801064, 880659922, 858858
880779007, 881807693, 1028686
881936950, 882814550, 877600
882933407, 883773864, 840457
883890207, 884740721, 850514
884859350, 885889293, 1029943
886017636, 886884607, 866971
887004950, 887847693, 842743
887964836, 888819122, 854286
888938436, 890128607, 1190171
890249865, 891119122, 869257
891238550, 892095464, 856914
892213636, 893066093, 852457
893185179, 894232493, 1047314
894354322, 895211922, 857600
895331236, 896190779, 859543
896309179, 897154779, 845600
897273293, 898311465, 1038172
898432722, 899286893, 854171
899405407, 900252836, 847429
900369750, 901226093, 856343
901344607, 902623122, 1278515
902745750, 903613750, 868000
903732036, 904585864, 853828
904704836, 905715350, 1010514
905842893, 906747007, 904114
906865979, 907733979, 868000
907850779, 908704836, 854057
908824264, 909838550, 1014286
909967465, 910840836, 873371
910958779, 911819350, 860571
911937750, 912794893, 857143
912913179, 914093179, 1180000
914221750, 915095922, 874172
915214893, 916072379, 857486
916190550, 917044950, 854400
917163579, 918212036, 1048457
918333979, 919189065, 855086
919310207, 920161407, 851200
920280722, 921132493, 851771
921250322, 922286893, 1036571
922408950, 923267922, 858972
923385750, 924233750, 848000
924352721, 925207350, 854629
925324607, 926598093, 1273486
926722093, 927592265, 870172
927710665, 928557636, 846971
928675579, 929676836, 1001257
929804265, 930703922, 899657
930822207, 931678322, 856115
931796150, 932648264, 852114
932767350, 933784950, 1017600
933912836, 934795693, 882857
934915465, 935778322, 862857
935896950, 936743350, 846400
936862436, 938017407, 1154971
938149750, 939050207, 900457
939167579, 940008721, 841142
940124607, 940975236, 850629
941094207, 942152836, 1058629
942274550, 943127807, 853257
943247465, 944105979, 858514
944223464, 945064150, 840686
945182436, 946226893, 1044457
946348607, 947204836, 856229
947324607, 948182893, 858286
948301636, 949148150, 846514
949264493, 950458779, 1194286
950581636, 951447236, 865600
951565179, 952421979, 856800
952540379, 953397750, 857371
953664265, 954584379, 920114
954704836, 955558436, 853600
955676036, 956527121, 851085
956646321, 957647350, 1001029
957774665, 958669636, 894971
958787007, 959636379, 849372
959753293, 960607693, 854400
960727350, 961872607, 1145257
962008036, 962941636, 933600
963059464, 963916036, 856572
964035236, 964878893, 843657
964996150, 966034779, 1038629
966156150, 967020722, 864572
967140265, 967998436, 858171
968116150, 968970436, 854286
969089522, 970126779, 1037257
970248036, 971109522, 861486
971228722, 972082436, 853714
972201864, 973064493, 862629
973182093, 974365407, 1183314
974488607, 975362665, 874058
975480836, 976336036, 855200
976455350, 977312036, 856686
977577522, 978494322, 916800
978614893, 979456607, 841714
979572950, 980428379, 855429
980547579, 981394207, 846628
981651808, 982566093, 914285
982682893, 983528950, 846057
983647007, 984508607, 861600
984626893, 985744950, 1118057
985877293, 986822436, 945143
986941636, 987795693, 854057
987915921, 988755464, 839543
988871807, 989909522, 1037715
990036379, 990904836, 868457
991023693, 991876950, 853257
991996607, 992852836, 856229
992971122, 994009293, 1038171
994131693, 994997864, 866171
995116836, 995970321, 853485
996088950, 996944493, 855543
997062550, 998263579, 1201029
998387693, 999242779, 855086
999359236, 217407, -999141829
338664, 1200264, 861600
1315922, 2377979, 1062057
2947350, 3907464, 960114
4022436, 4876607, 854171
4994436, 6030665, 1036229
6149750, 7014779, 865029
7132379, 7977293, 844914
8092607, 8952722, 860115
9069293, 10278779, 1209486
10401179, 11256036, 854857
11371122, 12227693, 856571
12346436, 13192721, 846285
13309636, 14368950, 1059314
14490322, 15349179, 858857
15467922, 16326893, 858971
16443236, 17297636, 854400
17415122, 18462665, 1047543
18582665, 19439807, 857142
19556836, 20408836, 852000
20526436, 21379578, 853142
21768836, 22724836, 956000
22842207, 23694550, 852343
23812836, 24674207, 861371
24790893, 25812265, 1021372
25939350, 26820264, 880914
26938207, 27783350, 845143
27898893, 28751693, 852800
28870207, 29883922, 1013715
30011807, 30878893, 867086
30997179, 31852607, 855428
31968950, 32820950, 852000
32939122, 34121750, 1182628
34248036, 35122093, 874057
35239579, 36096493, 856914
36213521, 37067121, 853600
37184950, 38230093, 1045143
38350665, 39205065, 854400
39322322, 40184836, 862514
40301407, 41155464, 854057
41273522, 42294665, 1021143
42414550, 43271922, 857372
43389864, 44248264, 858400
44365521, 45221407, 855886
45339693, 46840950, 1501257
46964607, 47838436, 873829
47956722, 48818893, 862171
48935807, 49994779, 1058972
50115693, 50983579, 867886
51101293, 51939807, 838514
52060607, 52896493, 835886
53012721, 54077636, 1064915
54198893, 55054436, 855543
55170322, 56021750, 851428
56139579, 57003007, 863428
57119236, 58324379, 1205143
58447007, 59317407, 870400
59434550, 60275693, 841143
60391236, 61233521, 842285
61350550, 62429065, 1078515
62549179, 63388607, 839428
63503922, 64358436, 854514
64476036, 65324722, 848686
65442779, 66477407, 1034628
66596950, 67453636, 856686
67571007, 68428264, 857257
68545407, 69399921, 854514
69781065, 70730665, 949600
70846665, 71699350, 852685
71816264, 72668150, 851886
72784722, 73799236, 1014514
73927007, 74811693, 884686
74928607, 75783693, 855086
75901750, 76760721, 858971
76878207, 77908493, 1030286
78035807, 78910436, 874629
79029293, 79892150, 862857
80009407, 80862322, 852915
80981293, 82160836, 1179543
82283007, 83152722, 869715
83270664, 84128150, 857486
84244721, 85094093, 849372
85211579, 86259693, 1048114
86380150, 87235579, 855429
87354207, 88214207, 860000
88332036, 89191007, 858971
89310207, 90356722, 1046515
90476265, 91323579, 847314
91440950, 92303693, 862743
92421521, 93269407, 847886
93385064, 94664722, 1279658
94787693, 95657979, 870286
95775007, 96620493, 845486
96738207, 97772265, 1034058
97899693, 98782664, 882971
98900722, 99758093, 857371
99875122, 100728836, 853714
100846779, 101888150, 1041371
102012836, 102866322, 853486
102982322, 103833864, 851542
103952836, 104815122, 862286
104933179, 106094550, 1161371
106223007, 107089864, 866857
107208493, 108074436, 865943
108192493, 109036950, 844457
109155693, 110205065, 1049372
110327236, 111181522, 854286
111300379, 112158436, 858057
112276264, 113088150, 811886
113217293, 114265750, 1048457
114387465, 115246436, 858971
115364836, 116221636, 856800
116339007, 117196721, 857714
117314893, 118605407, 1290514
118727807, 119592722, 864915
119711122, 120571807, 860685
120689179, 121696607, 1007428
121824836, 122732722, 907886
122851007, 123708836, 857829
123826893, 124678893, 852000
124797179, 125808950, 1011771
125937407, 126814779, 877372
126933065, 127765522, 832457
127894550, 128745864, 851314
128862093, 130022779, 1160686
130154093, 131064722, 910629
131180036, 132030321, 850285
132149636, 133008379, 858743
133126664, 134187465, 1060801
134311693, 135173293, 861600
135293179, 136143693, 850514
136260950, 137119122, 858172
137237522, 138272036, 1034514
138393407, 139240950, 847543
139357864, 140217293, 859429
140336379, 141193293, 856914
141312493, 142593407, 1280914
142715350, 143579693, 864343
143699579, 144547236, 847657
144664722, 145667122, 1002400
145795122, 146705864, 910742
146824493, 147676493, 852000
147796722, 148648836, 852114
148766893, 149780036, 1013143
149909293, 150792493, 883200
150910322, 151750664, 840342
151866093, 152718779, 852686
152838207, 153996036, 1157829
154128836, 155051807, 922971
155171693, 156016721, 845028
156588036, 157704036, 1116000
157833408, 158729179, 895771
158847465, 159696722, 849257
159813864, 160656379, 842515
160773522, 161792265, 1018743
161920379, 162800150, 879771
162919350, 163777522, 858172
163895922, 164748721, 852799
164867464, 166051807, 1184343
166180379, 167050665, 870286
167170093, 168019236, 849143
168135350, 168989864, 854514
169108493, 170167007, 1058514
170288836, 171144150, 855314
171263007, 172122321, 859314
172240379, 173094664, 854285
173212607, 174259007, 1046400
174380150, 175240036, 859886
175358893, 176219807, 860914
176337179, 177189864, 852685
177308264, 178518779, 1210515
178640493, 179506436, 865943
179625407, 180484721, 859314
180602207, 181455007, 852800
181722893, 182633293, 910400
182748950, 183605179, 856229
183722779, 184576950, 854171
184695922, 185325636, 629714
185438207, 186542779, 1104572
186664036, 187522093, 858057
187641064, 188459350, 818286
188588379, 189624836, 1036457
189841065, 190797179, 956114
190914665, 191742322, 827657
191866664, 192715464, 848800
192834779, 193864950, 1030171
193993065, 194851122, 858057
194968722, 195827236, 858514
195944950, 196799121, 854171
196917293, 197957750, 1040457
198082665, 198952722, 870057
199071350, 199926322, 854972
200044493, 200902893, 858400
201020264, 202200493, 1180229
202323350, 203195350, 872000
203313750, 204163464, 849714
204282207, 205132607, 850400
205251921, 206296836, 1044915
206417636, 207274550, 856914
207393179, 208255350, 862171
208373179, 209218436, 845257
209334322, 210380950, 1046628
210503122, 211346779, 843657
211462436, 212315807, 853371
212434664, 213292721, 858057
213411464, 214705179, 1293715
214829407, 215687693, 858286
215805179, 216650893, 845714
216769179, 217782093, 1012914
217911579, 218776150, 864571
218905864, 219751807, 845943
219870550, 220730779, 860229
220849179, 221889065, 1039886
222016950, 222889293, 872343
223008265, 223858893, 850628
223977864, 224837407, 859543
224954664, 226116379, 1161715
226237522, 227105407, 867885
227224379, 228074207, 849828
228191350, 229049979, 858629
229168036, 230219465, 1051429
230342436, 231197522, 855086
231315236, 232165979, 850743
232284493, 233134207, 849714
233250779, 234299122, 1048343
234421293, 235269179, 847886
235385636, 236241979, 856343
236359464, 237216721, 857257
237335007, 238621179, 1286172
238742207, 239605293, 863086
239723579, 240578893, 855314
240695807, 241704722, 1008915
241832950, 242741979, 909029
242859464, 243714322, 854858
243832607, 244683464, 850857
244800379, 245823350, 1022971
245952150, 246827807, 875657
246946207, 247810550, 864343
247927579, 248780036, 852457
248898550, 250088950, 1190400
250217636, 251437522, 1219886
251571122, 252524379, 953257
252640950, 253651693, 1010743
253779122, 254682436, 903314
254799465, 255655007, 855542
255773179, 256614207, 841028
256732150, 257749750, 1017600
257878436, 258757864, 879428
258874893, 259728836, 853943
259846779, 260696836, 850057
260815350, 261975007, 1159657
262106322, 263026322, 920000
263144950, 264006436, 861486
264123464, 264978322, 854858
265097179, 266164836, 1067657
266287007, 267145750, 858743
267264836, 268121407, 856571
268238779, 269096379, 857600
269214778, 270257293, 1042515
270378207, 271227579, 849372
271346207, 272208036, 861829
272325407, 273181407, 856000
273298893, 274571807, 1272914
274693864, 275558207, 864343
275676722, 276530664, 853942
276646893, 277647465, 1000572
277774665, 278688265, 913600
278808379, 279655465, 847086
279772150, 280633750, 861600
280751922, 281766665, 1014743
281895922, 282789522, 893600
282908150, 283756836, 848686
283874664, 284726779, 852115
284845750, 286009979, 1164229
286142550, 287051807, 909257
287168836, 288015579, 846743
288133407, 288988836, 855429
289109293, 290166893, 1057600
290289636, 291141979, 852343
291261407, 292116493, 855086
292233864, 293085864, 852000
293205521, 294249065, 1043544
294371122, 295218436, 847314
295341636, 296200150, 858514
296320722, 297167807, 847085
297285636, 298480493, 1194857
298602665, 299452722, 850057
299571350, 300417293, 845943
300534664, 301385978, 851314
301651236, 302555007, 903771
303104150, 304065636, 961486
304184836, 305030893, 846057
305146779, 306195007, 1048228
306318322, 307138093, 819771
307268150, 308135236, 867086
308254893, 309117864, 862971
309235693, 310444607, 1208914
310567465, 311435350, 867885
311552722, 312407122, 854400
312526207, 313387693, 861486
313650322, 314557979, 907657
314675236, 315526093, 850857
315642779, 316487236, 844457
316603579, 317577979, 974400
317706093, 318618322, 912229
318735922, 319589293, 853371
319707693, 320566779, 859086
320683693, 321807350, 1123657
321939579, 322863122, 923543
322979122, 323817293, 838171
323935350, 324789179, 853829
324906550, 325947579, 1041029
326072265, 326941750, 869485
327059579, 327915464, 855885
328034093, 328886322, 852229
329005407, 330061407, 1056000
330181979, 331042093, 860114
331160722, 332020150, 859428
332137521, 332989179, 851658
333107464, 334295236, 1187772
334418322, 335287922, 869600
335406779, 336260150, 853371
336378779, 337232379, 853600
337348836, 338404493, 1055657
338526550, 339373750, 847200
339490893, 340346436, 855543
340464379, 341313407, 849028
341432378, 342476722, 1044344
342596722, 343448950, 852228
343567465, 344429522, 862057
344547236, 345400379, 853143
345782893, 346725522, 942629
346842322, 347686093, 843771
347802322, 348653750, 851428
348773636, 349913293, 1139657
350045979, 350960607, 914628
351079007, 351924264, 845257
352040150, 352895464, 855314
353013522, 354052493, 1038971
354173179, 355036836, 863657
355156379, 356017636, 861257
356136493, 356969864, 833371
357093293, 358298779, 1205486
358422893, 359297407, 874514
359414893, 360267007, 852114
360385636, 361242322, 856686
361360036, 362414322, 1054286
362536607, 363393636, 857029
363512607, 364363236, 850629
364482664, 365332036, 849372
365587122, 366510436, 923314
366631579, 367489750, 858171
367607579, 368458093, 850514
368576607, 369430893, 854286
369813065, 370751693, 938628
370868150, 371727922, 859772
371846436, 372703464, 857028
372822436, 373834779, 1012343
373963579, 374841407, 877828
374959465, 375816950, 857485
375935350, 376790550, 855200
376908950, 377938893, 1029943
378064607, 378912607, 848000
379028036, 379882664, 854628
380001750, 380859007, 857257
380976150, 382153979, 1177829
382275807, 383152607, 876800
383271579, 384110093, 838514
384227236, 385083693, 856457
385201636, 386250207, 1048571
386372265, 387230207, 857942
387348264, 388207121, 858857
388325750, 389172836, 847086
389291693, 390311922, 1020229
390433293, 391285865, 852572
391404493, 392266207, 861714
392383922, 393234436, 850514
393353064, 394644950, 1291886
394767236, 395622893, 855657
395741064, 396601179, 860115
396719579, 397692722, 973143
397825522, 398723236, 897714
398842093, 399705407, 863314
399823007, 400678893, 855886
400798436, 401809979, 1011543
401938436, 402822322, 883886
402940264, 403801407, 861143
403919121, 404763807, 844686
404879579, 406043007, 1163428
406175007, 407039350, 864343
407155579, 407992264, 836685
408108264, 408964836, 856572
409083922, 410131122, 1047200
410252150, 411107350, 855200
411225750, 412078550, 852800
412197636, 413039464, 841828
413156036, 414202893, 1046857
414326207, 415177293, 851086
415293179, 416142093, 848914
416261636, 417121064, 859428
417239007, 418437065, 1198058
418559350, 419427579, 868229
419545064, 420398207, 853143
420516264, 421363236, 846972
421625865, 422536607, 910742
422653407, 423507236, 853829
423626893, 424482322, 855429
424601179, 425592265, 991086
425718665, 426622779, 904114
426739350, 427598207, 858857
427717293, 428567121, 849828
428686207, 429801065, 1114858
429933293, 430859465, 926172
430976379, 431836264, 859885
431954550, 432808950, 854400
432927350, 433960722, 1033372
434085179, 434945979, 860800
435065979, 435918779, 852800
436035921, 436884493, 848572
437003693, 438294893, 1291200
438418322, 439271236, 852914
439387807, 440233407, 845600
440352150, 441211122, 858972
441328722, 442628607, 1299885
442752607, 443622322, 869715
443740264, 444590550, 850286
444709979, 445714893, 1004914
445845179, 446743922, 898743
446862207, 447703693, 841486
447822893, 448675579, 852686
448792379, 450112836, 1320457
450689293, 451642093, 952800
451758436, 452618893, 860457
452737750, 454153293, 1415543
454288150, 455271122, 982972
455391122, 456256836, 865714
456376607, 457236950, 860343
457355236, 458408036, 1052800
458530436, 459376036, 845600
459493407, 460355121, 861714
460473293, 461326778, 853485
461446321, 462504722, 1058401
462626665, 463477636, 850971
463595465, 464444036, 848571
464562207, 465398436, 836229
465792265, 466728150, 935885
466843922, 467700722, 856800
467820036, 468663579, 843543
468780721, 469797979, 1017258
469926779, 470807122, 880343
470926093, 471785750, 859657
471903122, 472752264, 849142
472869064, 473904150, 1035086
474029750, 474901293, 871543
475020036, 475861864, 841828
475977750, 476826207, 848457
476944836, 478113979, 1169143
478236379, 479092493, 856114
479209865, 480058322, 848457
480178779, 481037750, 858971
481157179, 482202779, 1045600
482326550, 483191464, 864914
483310207, 484165636, 855429
484285521, 485133064, 847543
485249978, 486287579, 1037601
486410093, 487257407, 847314
487374322, 488230093, 855771
488348150, 489190207, 842057
489307693, 490580493, 1272800
490704379, 491574664, 870285
491693179, 492546893, 853714
492666436, 493668722, 1002286
493796265, 494703922, 907657
494822779, 495683465, 860686
495802207, 496656950, 854743
496775922, 497805750, 1029828
497935693, 498816607, 880914
498936379, 499781293, 844914
499898093, 500739579, 841486
500856950, 502023350, 1166400
502156265, 503028950, 872685
503148150, 504008264, 860114
504126322, 504971122, 844800
505088607, 506119693, 1031086
506241865, 507081750, 839885
507204036, 508060036, 856000
508180150, 509026550, 846400
509143921, 510188836, 1044915
510311236, 511173407, 862171
511292379, 512149750, 857371
512268950, 513126207, 857257
513244493, 514443350, 1198857
514565522, 515434436, 868914
515552607, 516412721, 860114
516531464, 517385978, 854514
517652950, 518577750, 924800
518697065, 519561750, 864685
519680150, 520525636, 845486
520643807, 521648379, 1004572
521775236, 522687807, 912571
522807007, 523670207, 863200
523787807, 524633750, 845943
524751921, 525909522, 1157601
526041865, 526970550, 928685
527088836, 527948036, 859200
528066436, 528922550, 856114
529042093, 530084379, 1042286
530207122, 531054779, 847657
531172150, 532026207, 854057
532144150, 532995579, 851429
533115007, 534145750, 1030743
534267122, 535125179, 858057
535242550, 536097636, 855086
536217064, 537077407, 860343
537195007, 538401750, 1206743
538524950, 539395007, 870057
539512836, 540365864, 853028
540485064, 541334093, 849029
541595236, 542517865, 922629
542635693, 543489293, 853600
543608493, 544470893, 862400
544588950, 545443464, 854514
545703693, 546614093, 910400
546733293, 547576607, 843314
547693864, 548556150, 862286
548674436, 549794208, 1119772
549927122, 550642093, 714971
550756036, 552048722, 1292686
552173407, 553028836, 855429
553147122, 554201865, 1054743
554323465, 555166779, 843314
555283122, 556135350, 852228
556254893, 557100150, 845257
557223807, 558260150, 1036343
558382322, 559238665, 856343
559357636, 560219922, 862286
560338093, 561189064, 850971
561307464, 562588379, 1280915
562709293, 563575464, 866171
563695007, 564536493, 841486
564653521, 565658322, 1004801
565787008, 566700722, 913714
566819122, 567672493, 853371
567791350, 568652150, 860800
568770550, 569779579, 1009029
569908493, 570787464, 878971
570907122, 571765636, 858514
571883007, 572725179, 842172
572842779, 573980379, 1137600
574113065, 575000950, 887885
575130322, 575984950, 854628
576103350, 576967350, 864000
577084607, 578115122, 1030515
578237750, 579086550, 848800
579202322, 579821750, 619428
579935693, 585843466, 5907773
586038208, 587297180, 1258972
587477294, 588667808, 1190514
588849294, 590238665, 1389371
590420265, 591630208, 1209943
591813979, 593002208, 1188229
593183465, 594582894, 1399429
594764608, 595947008, 1182400
596126893, 597312608, 1185715
597866208, 598819465, 953257
598935351, 599774094, 838743
599890551, 600729294, 838743
600846779, 601884951, 1038172
602013180, 602880151, 866971
602998779, 603838665, 839886
603956379, 604795350, 838971
605347350, 606483122, 1135772
606605980, 607465751, 859771
607584265, 608424722, 840457
608542665, 609397751, 855086
609786551, 610727465, 940914
610844379, 611703122, 858743
611821179, 612675693, 854514
612795122, 613819123, 1024001
613947237, 614822322, 875085
614940037, 615794894, 854857
615912379, 616768151, 855772
616886779, 617921408, 1034629
618046665, 618917865, 871200
619036608, 619899579, 862971
620017522, 620870436, 852914
620988722, 622170551, 1181829
622292151, 623158094, 865943
623278094, 624128494, 850400
624247122, 625109865, 862743
625228151, 626271351, 1043200
626394551, 627256722, 862171
627374094, 628226436, 852342
628345865, 629201865, 856000
629319579, 630359923, 1040344
630481180, 631327008, 845828
631443694, 632297408, 853714
632416151, 633271922, 855771
633390436, 634665294, 1274858
634789065, 635657751, 868686
635775122, 636623236, 848114
636741408, 637769180, 1027772
637897408, 638782780, 885372
638901980, 639760837, 858857
639879465, 640730779, 851314
640849865, 641879008, 1029143
642007465, 642876151, 868686
642994322, 643851008, 856686
643969522, 644821408, 851886
644940379, 646129751, 1189372
646250780, 647117637, 866857
647237065, 648083579, 846514
648204379, 649048036, 843657
649165522, 650215465, 1049943
650336608, 651193065, 856457
651311351, 652169522, 858171
652287351, 653140150, 852799
653258208, 655837408, 2579200
655974437, 656995465, 1021028
657113636, 658377294, 1263658
658501408, 659353522, 852114
659469751, 660329408, 859657
660448608, 661310779, 862171
661429179, 662558208, 1129029
662681522, 663545637, 864115
663664722, 664508722, 844000
664627351, 665656265, 1028914
665784951, 666688380, 903429
666806094, 667670894, 864800
667789408, 668627465, 838057
668745293, 669915694, 1170401
670049980, 670986322, 936342
671104608, 671731694, 627086
671844951, 675042779, 3197828
675166894, 676030322, 863428
676148951, 677005408, 856457
677123350, 678212037, 1088687
678334094, 679199694, 865600
679317294, 680168036, 850742
680287008, 681148722, 861714
681266208, 682515351, 1249143
682639922, 683494094, 854172
683612494, 684451351, 838857
684568151, 685404379, 836228
685669408, 686565294, 895886
686682094, 687531808, 849714
687650094, 688488036, 837942
688607922, 689607923, 1000001
689735123, 690632494, 897371
690749294, 691587351, 838057
691709408, 692564493, 855085
692684493, 693799237, 1114744
693932151, 694870665, 938514
694989980, 695852379, 862399
695971237, 696821408, 850171
696941293, 697977065, 1035772
698098322, 698963922, 865600
699082779, 699927008, 844229
700043122, 700896379, 853257
701015008, 702078437, 1063429
702199694, 703049294, 849600
703169751, 704026779, 857028
704145065, 704997408, 852343
705116836, 706318894, 1202058
706442094, 707310551, 868457
707428722, 708287351, 858629
708405636, 709243465, 837829
709361750, 710417065, 1055315
710539922, 711395237, 855315
711515237, 712374322, 859085
712491808, 713343236, 851428
713604608, 714530094, 925486
714648037, 715494094, 846057
715613294, 716461293, 847999
716578665, 717421636, 842971
717800037, 718732380, 932343
718849751, 719709522, 859771
719828037, 720681065, 853028
720799465, 721828837, 1029372
721956608, 722815808, 859200
722933637, 723780951, 847314
723898322, 724764722, 866400
724883122, 725897980, 1014858
726025637, 726875465, 849828
726991008, 727843465, 852457
727962437, 728822665, 860228
728940379, 730128037, 1187658
730256265, 731129979, 873714
731248265, 732103579, 855314
732222551, 733908723, 1686172
734041180, 734929408, 888228
735050894, 735916494, 865600
736033065, 736876151, 843086
736992836, 738031694, 1038858
738153408, 739015122, 861714
739132379, 739986322, 853943
740105065, 740962436, 857371
741080836, 742260608, 1179772
742384951, 743242551, 857600
743360151, 744216608, 856457
744336265, 745180722, 844457
745298551, 746344151, 1045600
746465180, 747306322, 841142
747425294, 748285293, 859999
748404493, 749252608, 848115
749372379, 750425065, 1052686
750547351, 751391694, 844343
751510551, 752370779, 860228
752489751, 753341065, 851314
753460151, 754748151, 1288000
754871808, 755720951, 849143
756279465, 757246436, 966971
757365979, 758417180, 1051201
758539122, 759397637, 858515
759515694, 760355351, 839657
760471579, 761320951, 849372
761578894, 762504265, 925371
762625751, 763461408, 835657
763579694, 764415808, 836114
764532151, 765361750, 829599
765758323, 766714322, 955999
766832722, 767685637, 852915
767804151, 768660951, 856800
768779465, 769789180, 1009715
769917523, 770793865, 876342
770911237, 771765294, 854057
771884494, 772744608, 860114
772863236, 773878894, 1015658
774007123, 774883694, 876571
775001751, 775854208, 852457
775973294, 776818436, 845142
776935008, 778118208, 1183200
778247694, 779110551, 862857
779229751, 780068265, 838514
780185865, 781044265, 858400
781163122, 782192951, 1029829
782314323, 783153865, 839542
783270208, 784117636, 847428
784236836, 785099579, 862743
785217751, 786032494, 814743
786355008, 787231694, 876686
787351922, 788198551, 846629
788316151, 789152265, 836114
789269636, 790488951, 1219315
790610551, 791453751, 843200
791571237, 792410551, 839314
792525751, 793361065, 835314
793621980, 794517294, 895314
794647237, 795501636, 854399
795621522, 796483808, 862286
796602436, 797606437, 1004001
797733751, 798639122, 905371
798755008, 799612608, 857600
799732151, 800591122, 858971
800709408, 801833980, 1124572
801966551, 802904265, 937714
803022094, 803878779, 856685
803997636, 804844150, 846514
804960036, 805984151, 1024115
806105065, 806964837, 859772
807082551, 807929522, 846971
808047465, 808897979, 850514
809015236, 810049522, 1034286
810171237, 811036151, 864914
811154551, 811990208, 835657
812107808, 812964722, 856914
813082893, 814284037, 1201144
814407351, 815277979, 870628
815395122, 816247808, 852686
816366894, 817223122, 856228
817341636, 818398208, 1056572
818520380, 819378665, 858285
819497065, 820350779, 853714
820469179, 821329293, 860114
821589866, 822510437, 920571
822629180, 823487922, 858742
823606094, 824447465, 841371
824563922, 825419922, 856000
825802894, 826743008, 940114
826858894, 827715808, 856914
827836036, 828696379, 860343
828815808, 829847808, 1032000
829977180, 830851122, 873942
830969408, 831814665, 845257
831933065, 832795122, 862057
832912379, 833950208, 1037829
834075351, 834931008, 855657
835047237, 835865408, 818171
835995465, 836859236, 863771
836980493, 838168265, 1187772
838290208, 839147580, 857372
839266208, 840114094, 847886
840231465, 841089293, 857828
841207922, 842244151, 1036229
842364608, 843206779, 842171
843325179, 844185636, 860457
844305065, 845155465, 850400
845275236, 846300608, 1025372
846422551, 847280265, 857714
847398779, 848257408, 858629
848375808, 849227922, 852114
849346893, 850644494, 1297601
850767122, 851631008, 863886
851749522, 852600951, 851429
852716493, 853735694, 1019201
853864837, 854763580, 898743
854882094, 855730437, 848343
855846779, 856703579, 856800
856822436, 857844837, 1022401
857972494, 858845294, 872800
858964379, 859821179, 856800
859938322, 860795465, 857143
860914893, 862108608, 1193715
862237180, 863110094, 872914
863228951, 864090208, 861257
864208722, 865064036, 855314
865183122, 866220951, 1037829
866341865, 867197408, 855543
867316837, 868168265, 851428
868285751, 869139008, 853257
869258893, 870286551, 1027658
870408837, 871268837, 860000
871387579, 872237636, 850057
872354894, 873208493, 853599
873328036, 874606551, 1278515
874728494, 875593179, 864685
875712494, 876574436, 861942
876692036, 877693180, 1001144
877821408, 878731122, 909714
878848837, 879699122, 850285
879818094, 880678208, 860114
880796951, 881815008, 1018057
881943465, 882806551, 863086
882924379, 883784951, 860572
883903579, 884755693, 852114
884874779, 886026665, 1151886
886159694, 887074094, 914400
887193865, 888049179, 855314
888167694, 889019236, 851542
889138779, 890189637, 1050858
890311694, 891168151, 856457
891287694, 892132836, 845142
892249179, 893090208, 841029
893208836, 894236037, 1027201
894357523, 895210551, 853028
895331122, 896190094, 858972
896310094, 897168608, 858514
897288836, 898580837, 1292001
898703808, 899559236, 855428
899676951, 900532608, 855657
900652722, 901634665, 981943
902202551, 903177751, 975200
903295579, 904154665, 859086
904274436, 905126322, 851886
905243351, 906288722, 1045371
906411580, 907260037, 848457
907377294, 908220608, 843314
908337293, 909193750, 856457
909311922, 910592494, 1280572
910715008, 911583694, 868686
911702551, 912554094, 851543
912671236, 913665180, 993944
913792608, 914704380, 911772
914822551, 915679465, 856914
915798322, 916657179, 858857
916775350, 917791808, 1016458
917920037, 918800151, 880114
918918780, 919780379, 861599
919898322, 920752722, 854400
920871008, 922055008, 1184000
922183465, 923057065, 873600
923175808, 924031236, 855428
924148722, 924992608, 843886
925111693, 926176723, 1065030
926299123, 927145865, 846742
927262551, 928118322, 855771
928237065, 929093179, 856114
929211693, 930261751, 1050058
930384265, 931236837, 852572
931352265, 932208951, 856686
932327236, 933188836, 861600
933307693, 934515351, 1207658
934638437, 935503237, 864800
935620951, 936480379, 859428
936599351, 937446436, 847085
937710551, 938620151, 909600
938736151, 939587694, 851543
939707008, 940565636, 858628
940683579, 941683580, 1000001
941812380, 942717980, 905600
942836265, 943692951, 856686
943811694, 944668608, 856914
944786322, 945936608, 1150286
946068951, 946979694, 910743
947095351, 947933179, 837828
948049179, 948910665, 861486
949028722, 950088608, 1059886
950210894, 951080722, 869828
951199122, 952051808, 852686
952171579, 953028151, 856572
953145865, 954185980, 1040115
954308380, 955168379, 859999
955286437, 956135693, 849256
956253408, 957102665, 849257
957221408, 958432837, 1211429
958553980, 959417865, 863885
959536379, 960393636, 857257
960511922, 961369065, 857143
961637065, 962560380, 923315
962679008, 963520608, 841600
963639236, 964498093, 858857
964616036, 965614551, 998515
965741751, 966646094, 904343
966762208, 967612722, 850514
967731694, 968590322, 858628
968708379, 969841980, 1133601
969975237, 970912722, 937485
971031465, 971891008, 859543
972010436, 972859808, 849372
972977408, 974020723, 1043315
974142208, 975005065, 862857
975123808, 975985637, 861829
976103579, 976960951, 857372
977079465, 978122208, 1042743
978244951, 979095579, 850628
979215465, 980072379, 856914
980190322, 981041636, 851314
981160836, 982350094, 1189258
982472494, 983327808, 855314
983446665, 984307236, 860571
984424265, 985277522, 853257
985396836, 986444151, 1047315
986565180, 987419922, 854742
987537979, 988397636, 859657
988515808, 989361865, 846057
989623237, 990549637, 926400
990669065, 991530665, 861600
991649065, 992493865, 844800
992609751, 993725065, 1115314
993857408, 994797637, 940229
994915579, 995771694, 856115
995891579, 996750436, 858857
996868379, 997911465, 1043086
998039008, 998914094, 875086
999032265, 999892494, 860229
11922, 859808, 847886
974779, 2019008, 1044229
2138437, 3006208, 867771
3124151, 3980608, 856457
4097408, 4958322, 860914
5075693, 6298894, 1223201
6420494, 7287008, 866514
7404951, 8249408, 844457
8365408, 9220151, 854743
9336722, 10388837, 1052115
10509637, 11366779, 857142
11483465, 12319693, 836228
12436265, 13286093, 849828
13402322, 14439122, 1036800
14560265, 15409408, 849143
15524722, 16382094, 857372
16501179, 17345636, 844457
17730437, 18687694, 957257
18805065, 19660494, 855429
19779579, 20623236, 843657
20739693, 21760151, 1020458
21888837, 22742437, 853600
22871694, 23722894, 851200
23842094, 24699465, 857371
24816722, 25835465, 1018743
25963237, 26828037, 864800
26944151, 27797636, 853485
27916379, 28764151, 847772
28882208, 30066665, 1184457
30195465, 31074551, 879086
31193751, 32055808, 862057
32172722, 33016151, 843429
33133751, 34191008, 1057257
34312494, 35170094, 857600
35288379, 36144722, 856343
36263351, 37106093, 842742
37225293, 38272837, 1047544
38393865, 39249865, 856000
39370094, 40225636, 855542
40345522, 41194093, 848571
41311236, 42591922, 1280686
42714780, 43585294, 870514
43703351, 44557865, 854514
44677293, 45689865, 1012572
45818208, 46720151, 901943
46839237, 47689065, 849828
47807008, 48656265, 849257
48772379, 49779351, 1006972
49907237, 50784951, 877714
50904494, 51759122, 854628
51877408, 52728951, 851543
53282779, 54675922, 1393143
54797980, 55655237, 857257
55771237, 56629979, 858742
56748494, 57782208, 1033714
57910323, 58796379, 886056
58914665, 59772379, 857714
59889408, 60742551, 853143
60861293, 61881637, 1020344
62009523, 62876265, 866742
62994665, 63854665, 860000
63972722, 64816951, 844229
64933522, 66116037, 1182515
66242894, 67116151, 873257
67234551, 68091579, 857028
68208722, 69050208, 841486
69166893, 70206551, 1039658
70327923, 71190437, 862514
71308494, 72166208, 857714
72284151, 73127579, 843428
73244722, 74285637, 1040915
74406780, 75261065, 854285
75378779, 76225179, 846400
76340379, 77196379, 856000
77313865, 78613522, 1299657
78735008, 79600951, 865943
79718322, 80576836, 858514
80694208, 81709751, 1015543
81837523, 82730779, 893256
82845865, 83697522, 851657
83816036, 84677179, 861143
84795236, 85815923, 1020687
85944151, 86824608, 880457
86942208, 87791351, 849143
87908951, 88766208, 857257
88883351, 90060608, 1177257
90190894, 91071579, 880685
91189294, 92042436, 853142
92160836, 93016608, 855772
93132950, 94186894, 1053944
94308951, 95172837, 863886
95291237, 96141408, 850171
96260265, 97117751, 857486
97235693, 98278780, 1043087
98401294, 99262208, 860914
99380037, 100231236, 851199
100350322, 101205179, 854857
101324950, 102610780, 1285830
102733522, 103596265, 862743
103715465, 104561979, 846514
104680379, 105680265, 999886
105807923, 106697408, 889485
106813865, 107666094, 852229
107785751, 108624036, 838285
108746322, 109766323, 1020001
109896151, 110783351, 887200
110900494, 111745979, 845485
111864608, 112718894, 854286
112838208, 113992037, 1153829
114124380, 115031922, 907542
115149179, 115993522, 844343
116109522, 116961636, 852114
117080493, 118106437, 1025944
118227237, 119085180, 857943
119204037, 120049294, 845257
120166551, 121022093, 855542
121139465, 122177637, 1038172
122300608, 123155808, 855200
123274551, 124129636, 855085
124247693, 125098665, 850972
125217750, 126426323, 1208573
126547694, 127400265, 852571
127519008, 128374208, 855200
128491579, 129344951, 853372
129613065, 130543122, 930057
130661637, 131519579, 857942
131638094, 132483808, 845714
132599465, 133460265, 860800
133721180, 134649180, 928000
134767351, 135607579, 840228
135725751, 136583579, 857828
136701522, 137825980, 1124458
137958665, 138878551, 919886
138994437, 139828951, 834514
139951465, 140804036, 852571
140924722, 141965408, 1040686
142088380, 142951465, 863085
143071808, 143918894, 847086
144036951, 144887236, 850285
145005065, 146040723, 1035658
146162665, 147028151, 865486
147147122, 147993636, 846514
148113179, 148974436, 861257
149092379, 150288380, 1196001
150412151, 151285522, 873371
151403922, 152254894, 850972
152373636, 153219236, 845600
153335579, 154357065, 1021486
154488265, 155351465, 863200
155471122, 156329522, 858400
156447808, 157300379, 852571
157419693, 158474437, 1054744
158595694, 159444379, 848685
159562665, 160413179, 850514
160530894, 161388608, 857714
161776608, 162715922, 939314
162832265, 163688836, 856571
163808494, 164659236, 850742
164776722, 165789180, 1012458
165918094, 166799808, 881714
166918437, 167773637, 855200
167892608, 168747694, 855086
168866779, 169887580, 1020801
170014665, 170867808, 853143
170983808, 171838894, 855086
171958551, 172809522, 850971
172927236, 174105408, 1178172
174235465, 175107694, 872229
175225408, 176076265, 850857
176195351, 177052836, 857485
177171122, 178212380, 1041258
178336265, 179183922, 847657
179300837, 180153179, 852342
180272265, 181127922, 855657
181245865, 182295580, 1049715
182417408, 183276379, 858971
183394665, 184247579, 852914
184366322, 184990779, 624457
185103579, 186474208, 1370629
186598780, 187469294, 870514
187587808, 188443579, 855771
188563351, 189419922, 856571
189685980, 190591237, 905257
190708151, 191566779, 858628
191686779, 192477636, 790857
192604265, 193621065, 1016800
193748494, 194652951, 904457
194770094, 195624836, 854742
195744608, 196602093, 857485
196720379, 197848723, 1128344
197981980, 198902322, 920342
199018551, 199877065, 858514
199996837, 200844036, 847199
200962208, 201995008, 1032800
202543694, 203522779, 979085
203641979, 204501522, 859543
204620265, 205627923, 1007658
205754780, 206667465, 912685
206786551, 207630551, 844000
207747694, 208604151, 856457
208722551, 209867465, 1144914
210000723, 210921522, 920799
211037979, 211893751, 855772
212013179, 212857865, 844686
212976950, 214005751, 1028801
214127465, 214991237, 863772
215109751, 215965179, 855428
216084379, 216951693, 867314
217069979, 218113522, 1043543
218236151, 219081522, 845371
219205522, 220031922, 826400
220160608, 221021522, 860914
221140608, 222338551, 1197943
222461865, 223315465, 853600
223431694, 224285636, 853942
224405065, 225264379, 859314
225382436, 226421637, 1039201
226543351, 227401979, 858628
227520036, 228373865, 853829
228493179, 229355008, 861829
229616837, 230524037, 907200
230642780, 231503579, 860799
231623122, 232474094, 850972
232592265, 233611351, 1019086
233826323, 234778437, 952114
234897522, 235741751, 844229
235858094, 236708379, 850285
236828150, 237849523, 1021373
237977865, 238853065, 875200
238973065, 239820037, 846972
239936951, 240782322, 845371
240900836, 241937637, 1036801
242063580, 242932151, 868571
243051237, 243909636, 858399
244027922, 244884379, 856457
245004608, 246171923, 1167315
246295923, 247161294, 865371
247278779, 248119008, 840229
248235236, 249078551, 843315
249196836, 250247008, 1050172
250368265, 251221637, 853372
251341179, 252197636, 856457
252315808, 253844723, 1528915
253978665, 254876380, 897715
254995922, 255846437, 850515
255968608, 256824951, 856343
256944951, 258135237, 1190286
258257751, 259114322, 856571
259232151, 260070436, 838285
260186893, 261037179, 850286
261154779, 262204608, 1049829
262327465, 263186094, 858629
263303694, 264161294, 857600
264279694, 265124036, 844342
265240493, 266287351, 1046858
266409751, 267270894, 861143
267388265, 268245751, 857486
268364493, 269206665, 842172
269323465, 270592608, 1269143
270717294, 271590094, 872800
271708379, 272554551, 846172
272670779, 273663923, 993144
273791351, 274696837, 905486
274815351, 275669751, 854400
275787808, 276646551, 858743
276765522, 277787465, 1021943
277916608, 278799008, 882400
278918322, 279776951, 858629
279894322, 280744151, 849829
280862779, 282036380, 1173601
282169751, 283037408, 867657
283155808, 284005751, 849943
284121522, 284971236, 849714
285089865, 286151465, 1061600
286273180, 287131237, 858057
287249637, 288105408, 855771
288223351, 289076951, 853600
289195922, 290239465, 1043543
290360037, 291200265, 840228
291317979, 292176722, 858743
292296036, 293136722, 840686
293253065, 294454322, 1201257
294577180, 295449408, 872228
295567465, 296426551, 859086
296545294, 297405636, 860342
297671694, 298574208, 902514
298694894, 299558551, 863657
299678208, 300541293, 863085
300659922, 301659923, 1000001
301787465, 302699580, 912115
302816837, 303669294, 852457
303789065, 304649636, 860571
304767808, 305919694, 1151886
306052951, 306983122, 930171
307101408, 307954551, 853143
308073636, 308928150, 854514
309046208, 310089523, 1043315
310211923, 311047808, 835885
311177751, 312030665, 852914
312151579, 313004722, 853143
313124265, 314150780, 1026515
314271808, 315125637, 853829
315244722, 316085751, 841029
316206779, 317068950, 862171
317187236, 318398665, 1211429
318520722, 319387122, 866400
319506437, 320363351, 856914
320481751, 321345179, 863428
321603008, 322523122, 920114
322643808, 323502779, 858971
323620951, 324476951, 856000
324596265, 325589408, 993143
325717637, 326634894, 917257
326753751, 327600608, 846857
327716494, 328554436, 837942
328670894, 329780037, 1109143
329912380, 330845751, 933371
330961522, 331816151, 854629
331935236, 332787579, 852343
332903922, 333923008, 1019086
334049523, 334906208, 856685
335025065, 335880265, 855200
335999579, 336856265, 856686
336976493, 338024951, 1048458
338147008, 338996951, 849943
339115694, 339974322, 858628
340093751, 340940150, 846399
341059922, 342263237, 1203315
342386894, 343257522, 870628
343377179, 344236036, 858857
344355579, 345200836, 845257
345320722, 346378780, 1058058
346501180, 347353865, 852685
347473636, 348333293, 859657
348874893, 350279237, 1404344
350403237, 351281522, 878285
351399351, 352253636, 854285
352372379, 353227465, 855086
353346093, 354643237, 1297144
354766665, 355632151, 865486
355750779, 356589979, 839200
356712836, 357737408, 1024572
357867123, 358764722, 897599
358882551, 359737865, 855314
359856151, 360701065, 844914
360817522, 361832380, 1014858
361960380, 362828494, 868114
362945865, 363778208, 832343
363896265, 364751693, 855428
364871808, 366021751, 1149943
366153637, 367077980, 924343
367196494, 368052151, 855657
368169979, 369027122, 857143
369145179, 370189980, 1044801
370312608, 371171465, 858857
371290322, 372139465, 849143
372258551, 373106779, 848228
373224608, 374249408, 1024800
374371008, 375219922, 848914
375336837, 376197065, 860228
376315694, 377165522, 849828
377283693, 378478551, 1194858
378600608, 379462779, 862171
379582208, 380425751, 843543
380542779, 381390322, 847543
381655237, 382560265, 905028
382681180, 383536037, 854857
383653865, 384504036, 850171
384622894, 385624494, 1001600
385751923, 386663922, 911999
386781979, 387629865, 847886
387747008, 388610322, 863314
388727693, 389897751, 1170058
390031351, 390956037, 924686
391073637, 391931579, 857942
392050094, 392901522, 851428
393020036, 394078551, 1058515
394199808, 395056608, 856800
395175694, 396028379, 852685
396147236, 396996722, 849486
397114208, 398166437, 1052229
398289180, 399154780, 865600
399271922, 400127922, 856000
400246094, 401097065, 850971
401213293, 402436265, 1222972
402559351, 403428151, 868800
403545865, 404397522, 851657
404517293, 405373865, 856572
405639008, 406541751, 902743
406657180, 407508037, 850857
407627579, 408484379, 856800
408601636, 409455579, 853943
409717294, 410612837, 895543
410735122, 411588722, 853600
411708494, 412568036, 859542
412685636, 413798437, 1112801
413929637, 414866894, 937257
414985065, 415842665, 857600
415961751, 416819351, 857600
416937865, 417981865, 1044000
418102780, 418972494, 869714
419091351, 419950436, 859085
420068836, 420913750, 844914
421031579, 422059923, 1028344
422180151, 423041180, 861029
423160494, 424018551, 858057
424137065, 424991579, 854514
425110322, 426307694, 1197372
426430437, 427292379, 861942
427410665, 428267922, 857257
428386436, 429235350, 848914
429351465, 430403237, 1051772
430526322, 431383237, 856915
431501979, 432327122, 825143
432455236, 433308608, 853372
433428379, 434467580, 1039201
434587694, 435429865, 842171
435546665, 436403008, 856343
436521179, 437373750, 852571
437944723, 438896608, 951885
439012494, 439867922, 855428
439987465, 440840151, 852686
440958322, 441992151, 1033829
442113751, 442979579, 865828
443098094, 443951351, 853257
444068722, 444919236, 850514
445037408, 446092494, 1055086
446213751, 447073408, 859657
447192380, 448043579, 851199
448162208, 449016951, 854743
449134893, 450335694, 1200801
450459122, 451317179, 858057
451433522, 452288493, 854971
452407122, 453264722, 857600
453383122, 454422780, 1039658
454544380, 455408037, 863657
455524951, 456379008, 854057
456497751, 457352722, 854971
457614094, 458541180, 927086
458659008, 459508608, 849600
459627122, 460481636, 854514
460597865, 461602894, 1005029
461818323, 462765294, 946971
462884608, 463725179, 840571
463841179, 464703236, 862057
464823122, 465849865, 1026743
465978094, 466856494, 878400
466974779, 467822779, 848000
467939236, 468788836, 849600
468905293, 469941294, 1036001
470066780, 470935808, 869028
471054551, 471895922, 841371
472014208, 472876951, 862743
472994322, 474151694, 1157372
474272608, 475139808, 867200
475259008, 476101751, 842743
476219351, 477079122, 859771
477196722, 478234551, 1037829
478355808, 479214551, 858743
479332722, 480176722, 844000
480295694, 481156379, 860685
481275236, 482312494, 1037258
482435694, 483297065, 861371
483415922, 484270551, 854629
484389751, 485248379, 858628
485367579, 486663580, 1296001
486787351, 487651465, 864114
487770322, 488627236, 856914
488746322, 489769408, 1023086
489899465, 490785408, 885943
490905294, 491766208, 860914
491884494, 492730322, 845828
492846779, 493873408, 1026629
494000723, 494870437, 869714
494989637, 495835808, 846171
496431808, 497416265, 984457
497824723, 498782208, 957485
498901751, 499756722, 854971
499875922, 500735122, 859200
500852950, 501872151, 1019201
501999123, 502871580, 872457
502989980, 503844722, 854742
503964151, 504809636, 845485
504925979, 505967237, 1041258
506092380, 506954894, 862514
507072722, 507917979, 845257
508033751, 508879922, 846171
508996150, 510155580, 1159430
510277637, 511147808, 870171
511267122, 512128379, 861257
512245865, 513083236, 837371
513201293, 514256837, 1055544
514379237, 515238894, 859657
515357179, 516204493, 847314
516321408, 517162665, 841257
517278322, 518315580, 1037258
518437865, 519300951, 863086
519418208, 520272151, 853943
520390322, 521250436, 860114
521367808, 522654894, 1287086
522778437, 523647351, 868914
523764951, 524621636, 856685
524740951, 525770551, 1029600
525900151, 526785637, 885486
526904037, 527761408, 857371
527879694, 528726894, 847200
528843579, 529880151, 1036572
530008608, 530873637, 865029
530992608, 531853065, 860457
531971579, 532828150, 856571
532945979, 534113065, 1167086
534242208, 535112722, 870514
535231580, 536088379, 856799
536207008, 537061636, 854628
537180836, 538217751, 1036915
538340494, 539197865, 857371
539315579, 540169751, 854172
540287808, 541139008, 851200
541256150, 542288494, 1032344
542410780, 543268951, 858171
543386551, 544243008, 856457
544361979, 545206322, 844343
545321636, 546611008, 1289372
546734551, 547583236, 848685
547698779, 548548836, 850057
548667579, 549673065, 1005486
549799580, 550708151, 908571
550824037, 551677179, 853142
551795808, 552657294, 861486
552775236, 553794665, 1019429
553923008, 554804494, 881486
554922551, 555779808, 857257
555897522, 556744379, 846857
556861065, 558015237, 1154172
558147008, 559069980, 922972
559187922, 560044265, 856343
560163351, 561023579, 860228
561141065, 562178665, 1037600
562301522, 563165522, 864000
563283694, 564139808, 856114
564258322, 565116265, 857943
565235808, 566255694, 1019886
566377180, 567223580, 846400
567340494, 568191922, 851428
568308151, 569159008, 850857
569278322, 570491580, 1213258
570613751, 571479236, 865485
571597865, 572457065, 859200
572575236, 573430208, 854972
573693751, 574617637, 923886
574736151, 575588722, 852571
575707237, 576565408, 858171
576684494, 577677751, 993257
577804380, 578711694, 907314
578828379, 579679694, 851315
579798894, 580659351, 860457
580777636, 581918665, 1141029
582051123, 582979237, 928114
583097865, 583957979, 860114
584075351, 584926093, 850742
585044608, 586100037, 1055429
586220837, 587081294, 860457
587199008, 588058322, 859314
588176036, 589034550, 858514
589151922, 590201294, 1049372
590323008, 591176380, 853372
591295579, 592155008, 859429
592272608, 593124379, 851771
593242779, 594453980, 1211201
594575465, 595439579, 864114
595557979, 596403008, 845029
596518322, 597373636, 855314
597638094, 598564037, 925943
598682665, 599526894, 844229
599642208, 600497522, 855314
600617179, 601619351, 1002172
601745523, 602659008, 913485
602777065, 603627351, 850286
603743694, 604599465, 855771
604716836, 605861865, 1145029
605994780, 606927465, 932685
607044265, 607888608, 844343
608007122, 608865865, 858743
608983808, 610001180, 1017372
610121637, 610984151, 862514
611102894, 611964265, 861371
612081865, 612922436, 840571
613038208, 614094780, 1056572
614217294, 615081408, 864114
615199465, 616054551, 855086
616173408, 617034779, 861371
617152151, 618358322, 1206171
618481865, 619356494, 874629
619474208, 620316836, 842628
620433179, 621284836, 851657
621403693, 622461408, 1057715
622582437, 623432265, 849828
623550665, 624411808, 861143
624530551, 625385293, 854742
625647351, 626556722, 909371
626674094, 627531122, 857028
627649636, 628497751, 848115
628617522, 629723580, 1106058
629856494, 630797751, 941257
630917980, 631766094, 848114
631885979, 632744722, 858743
632863579, 633882208, 1018629
634011351, 634883351, 872000
635001522, 635855236, 853714
635973979, 636820379, 846400
636937750, 637967123, 1029373
638093294, 638945522, 852228
639062894, 639917522, 854628
640036951, 640894436, 857485
641013293, 642191351, 1178058
642755351, 643707694, 952343
643824379, 644664493, 840114
644782322, 645815694, 1033372
645943808, 646815580, 871772
646935008, 647792951, 857943
647911922, 648767351, 855429
648885636, 649929523, 1043887
650053980, 650923808, 869828
651042437, 651898436, 855999
652016036, 652872493, 856457
652991122, 654187351, 1196229
654309408, 655178551, 869143
655298208, 656165179, 866971
656283122, 657136608, 853486
657255465, 658303922, 1048457
658425637, 659283122, 857485
659402094, 660260493, 858399
660378093, 661219122, 841029
661334779, 662384723, 1049944
662507122, 663370208, 863086
663487465, 664347122, 859657
664466208, 665324265, 858057
665442436, 666634551, 1192115
666754894, 667617751, 862857
667736036, 668590093, 854057
668708608, 669719808, 1011200
669847237, 670752951, 905714
670871580, 671730551, 858971
671849294, 672694094, 844800
672812608, 673832494, 1019886
673960037, 674831694, 871657
674950665, 675809408, 858743
675927465, 676778208, 850743
676896836, 678087237, 1190401
678215465, 679085980, 870515
679204951, 680062436, 857485
680180494, 681030779, 850285
681148836, 682190551, 1041715
682312951, 683171008, 858057
683288151, 684143808, 855657
684262665, 685122665, 860000
685240379, 686276951, 1036572
686399123, 687261751, 862628
687379122, 688224151, 845029
688340151, 689196836, 856685
689315351, 690607694, 1292343
690729979, 691594094, 864115
691713065, 692573865, 860800
692691922, 693702894, 1010972
693831580, 694739351, 907771
694856494, 695707922, 851428
695826551, 696677065, 850514
696793408, 697813408, 1020000
697941751, 698818894, 877143
698938322, 699793751, 855429
699912265, 700770093, 857828
700887922, 702067808, 1179886
702196723, 703073294, 876571
703191351, 704043922, 852571
704162665, 705007122, 844457
705124722, 706184494, 1059772
706305637, 707165865, 860228
707284494, 708127465, 842971
708246093, 709098093, 852000
709215465, 710235465, 1020000
710357065, 711203580, 846515
711319808, 712159008, 839200
712276036, 713131922, 855886
713251122, 714452722, 1201600
714576151, 715444379, 868228
715562436, 716416036, 853600
716534893, 717385979, 851086
717646208, 718568837, 922629
718686437, 719538322, 851885
719656379, 720501065, 844686
720616722, 721469636, 852914
721730780, 722656265, 925485
722773637, 723628608, 854971
723747008, 724606893, 859885
724725065, 725871808, 1146743
726004380, 726920722, 916342
727036494, 727888037, 851543
728006437, 728863236, 856799
728981293, 730023351, 1042058
730144380, 731008951, 864571
731127008, 731981294, 854286
732099808, 733678208, 1578400
733809865, 734732951, 923086
734854208, 735721294, 867086
735837979, 736690665, 852686
736809065, 737974894, 1165829
738106322, 739033065, 926743
739152722, 740012836, 860114
740131579, 740987808, 856229
741106093, 742167465, 1061372
742288951, 743146894, 857943
743265865, 744122322, 856457
744240036, 745093636, 853600
745212951, 746255122, 1042171
746375008, 747233522, 858514
747352837, 748201979, 849142
748318436, 749174208, 855772
749292493, 750508951, 1216458
750630322, 751479922, 849600
751596837, 752453065, 856228
752570322, 753389408, 819086
753663237, 754577408, 914171
754694551, 755557408, 862857
755675579, 756520951, 845372
756636608, 757635808, 999200
757762780, 758674208, 911428
758792494, 759636151, 843657
759752037, 760593979, 841942
760710551, 761840951, 1130400
761972723, 762895122, 922399
763010551, 763866436, 855885
763985636, 764836950, 851314
764956722, 765986894, 1030172
766109637, 766975922, 866285
767094322, 767939465, 845143
768055351, 768910093, 854742
769028151, 770088608, 1060457
770209637, 771067351, 857714
771186437, 772045408, 858971
772164379, 773013522, 849143
773132608, 774338780, 1206172
774462551, 775324837, 862286
775444837, 776292379, 847542
776408494, 777255693, 847199
777375008, 778435351, 1060343
778557637, 779411694, 854057
779530779, 780382551, 851772
780501179, 781340950, 839771
781604380, 782534437, 930057
782652951, 783503008, 850057
783622322, 784463694, 841372
784579465, 785429408, 849943
785813865, 786754322, 940457
786870437, 787700265, 829828
787817865, 788672036, 854171
789215579, 790370437, 1154858
790493522, 791330894, 837372
791446437, 792281408, 834971
792398665, 793236722, 838057
793352036, 794402665, 1050629
794524380, 795365979, 841599
795482436, 796320151, 837715
796436036, 797291008, 854972
797409522, 798702094, 1292572
798824608, 799687351, 862743
799806894, 800668951, 862057
800786094, 801813865, 1027771
801943008, 802826208, 883200
802942779, 803783122, 840343
803900608, 804759236, 858628
804876722, 805914551, 1037829
806041865, 806913865, 872000
807032608, 807872494, 839886
807989751, 808849865, 860114
808967808, 810149180, 1181372
810271694, 811136379, 864685
811255008, 812107122, 852114
812228493, 813086779, 858286
813205065, 814236494, 1031429
814357637, 815200951, 843314
815317522, 816168036, 850514
816287008, 817141865, 854857
817259922, 818296037, 1036115
818416837, 819278779, 861942
819396151, 820249979, 853828
820368036, 821221293, 853257
821340493, 822628380, 1287887
822748837, 823609751, 860914
823728265, 824576608, 848343
824693294, 825704151, 1010857
825832951, 826730322, 897371
826847237, 827707808, 860571
827824951, 828679008, 854057
828797179, 829815465, 1018286
829943694, 830818551, 874857
830936837, 831785179, 848342
831901408, 832752265, 850857
832872608, 834032265, 1159657
834163580, 835042094, 878514
835160951, 836014779, 853828
836132836, 836975922, 843086
837092150, 838143465, 1051315
838265980, 839127351, 861371
839245065, 840080951, 835886
840199122, 841041751, 842629
841157293, 842175465, 1018172
842296608, 843156265, 859657
843275237, 844128951, 853714
844247122, 845098550, 851428
845217636, 846420837, 1203201
846542780, 847393522, 850742
847511465, 848362551, 851086
848480036, 849336265, 856229
849454893, 850499580, 1044687
850619122, 851474779, 855657
851593408, 852436265, 842857
852552608, 853401179, 848571
853659465, 854566094, 906629
854682894, 855538437, 855543
855656494, 856509294, 852800
856628151, 857743694, 1115543
857875008, 858805294, 930286
858923008, 859785865, 862857
859903122, 860751351, 848229
860869979, 861906780, 1036801
862031123, 862894322, 863199
863013980, 863853751, 839771
863968722, 864818665, 849943
864936722, 865962094, 1025372
866087808, 866945865, 858057
867061179, 867915808, 854629
868035465, 868881636, 846171
868997293, 870171694, 1174401
870294665, 871159922, 865257
871277522, 872120379, 842857
872236608, 873092151, 855543
873211351, 874256951, 1045600
874377637, 875234894, 857257
875353865, 876206893, 853028
876323693, 877171579, 847886
877290093, 878339923, 1049830
878460608, 879318894, 858286
879436722, 880293751, 857029
880412036, 881263351, 851315
881381979, 882668380, 1286401
882791122, 883652494, 861372
883771351, 884621522, 850171
884737979, 885760951, 1022972
885889180, 886783465, 894285
886902094, 887761637, 859543
887879465, 888730665, 851200
888849408, 889865865, 1016457
889993523, 890860722, 867199
890980151, 891825522, 845371
891942436, 892786208, 843772
892903808, 894087351, 1183543
894215694, 895070094, 854400
895186437, 896046437, 860000
896164608, 897018665, 854057
897137179, 898190208, 1053029
898313065, 899175465, 862400
899293865, 900147236, 853371
900266436, 901122779, 856343
901240379, 902278894, 1038515
902400380, 903258779, 858399
903377065, 904232036, 854971
904351122, 905205636, 854514
905324379, 906596837, 1272458
906719808, 907590779, 870971
907708951, 908561636, 852685
908680493, 909693180, 1012687
909820723, 910725180, 904457
910843694, 911698094, 854400
911815122, 912665979, 850857
912782094, 913793065, 1010971
913923237, 914807579, 884342
914929179, 915783008, 853829
915900836, 916755122, 854286
916873750, 918055694, 1181944
918185180, 919058208, 873028
919177180, 920037979, 860799
920156836, 921003579, 846743
921122665, 922162780, 1040115
922285065, 923148722, 863657
923267351, 924112379, 845028
924228722, 925084950, 856228
925203236, 926239008, 1035772
926361637, 927220608, 858971
927339351, 928184951, 845600
928303465, 929155579, 852114
929274208, 930465522, 1191314
930588265, 931457179, 868914
931576151, 932421751, 845600
932538665, 933380379, 841714
933643008, 934549522, 906514
934666208, 935506208, 840000
936070208, 937031579, 961371
937150665, 938210894, 1060229
938332722, 939189179, 856457
939308265, 940164151, 855886
940281293, 941129065, 847772
941247350, 942469751, 1222401
942590894, 943450779, 859885
943569179, 944427008, 857829
944544951, 945399465, 854514
945665980, 946592494, 926514
946711351, 947555694, 844343
947673636, 948533636, 860000
948651236, 949650780, 999544
949778208, 950688151, 909943
950806322, 951658551, 852229
951777179, 952626894, 849715
952743694, 953873065, 1129371
954005408, 954914094, 908686
955043694, 955893179, 849485
956010779, 956861065, 850286
956979350, 958018437, 1039087
958139237, 958998665, 859428
959117980, 959973979, 855999
960091236, 960944379, 853143
961063236, 962106437, 1043201
962229065, 963086094, 857029
963204494, 964061408, 856914
964179579, 965038208, 858629
965157408, 966360037, 1202629
966483008, 967349751, 866743
967468608, 968334665, 866057
968451808, 969303693, 851885
969422322, 970471580, 1049258
970592608, 971444951, 852343
971563922, 972423922, 860000
972542779, 973394893, 852114
973658894, 974566551, 907657
974682437, 975542208, 859771
975659694, 976515122, 855428
976633979, 977749065, 1115086
977880951, 978805979, 925028
978922665, 979782208, 859543
979900379, 980753636, 853257
980872722, 981914894, 1042172
982040494, 982907694, 867200
983026780, 983884608, 857828
984003008, 984853522, 850514
984972151, 986013294, 1041143
986133751, 986997865, 864114
987117522, 987974436, 856914
988091693, 988943808, 852115
989062550, 990251808, 1189258
990373865, 991249522, 875657
991367122, 992207465, 840343
992323351, 993180036, 856685
993299351, 994349751, 1050400
994470665, 995330094, 859429
995448722, 996300836, 852114
996419008, 997269065, 850057
997385750, 998444037, 1058287
998566322, 999428608, 862286
999546894, 401522, -999145372
521979, 1388722, 866743
1771465, 2732494, 961029
2849522, 3713294, 863772
3829522, 4682551, 853029
4800036, 5827008, 1026972
5953637, 6819122, 865485
6933637, 7783579, 849942
7901522, 8762208, 860686
8878208, 9916951, 1038743
10040380, 10910208, 869828
11028037, 11879008, 850971
11996722, 12854550, 857828
12972036, 14153751, 1181715
14275008, 15148037, 873029
15265179, 16124265, 859086
16242779, 17096951, 854172
17213979, 18249865, 1035886
18370780, 19234094, 863314
19351122, 20189522, 838400
20306551, 21161065, 854514
21277408, 22310894, 1033486
22432151, 23290894, 858743
23407808, 24263579, 855771
24381522, 25234093, 852571
25350551, 26638322, 1287771
26761979, 27620608, 858629
27735351, 28593408, 858057
28710551, 29726208, 1015657
29853865, 30755465, 901600
30873865, 31730094, 856229
31848379, 32706665, 858286
32824379, 33843351, 1018972
33970894, 34853179, 882285
34970437, 35825408, 854971
35943008, 36794208, 851200
36910665, 38088951, 1178286
38217637, 39089980, 872343
39207122, 40058779, 851657
40176836, 41034322, 857486
41151922, 42202894, 1050972
42324494, 43185294, 860800
43302094, 44155465, 853371
44274436, 45134550, 860114
45251465, 46288037, 1036572
46409637, 47272379, 862742
47389751, 48244836, 855085
48363351, 49221979, 858628
49339236, 50623922, 1284686
50746551, 51612608, 866057
51730094, 52581636, 851542
52699122, 53720494, 1021372
53848265, 54736037, 887772
54851694, 55690779, 839085
55805979, 56657294, 851315
56775122, 57804494, 1029372
57932037, 58810094, 878057
58928379, 59780722, 852343
59896836, 60753522, 856686
60871236, 62023123, 1151887
62157751, 63069637, 911886
63184608, 64026551, 841943
64141979, 64985636, 843657
65100951, 66146780, 1045829
66269180, 67120379, 851199
67236379, 68095351, 858972
68211122, 69064608, 853486
69182550, 70232723, 1050173
70353523, 71208494, 854971
71327122, 72185522, 858400
72303465, 73157179, 853714
73276608, 74470780, 1194172
74591808, 75452265, 860457
75571808, 76418322, 846514
76535351, 77372722, 837371
77637408, 78554094, 916686
78673751, 79534894, 861143
79652151, 80503922, 851771
80622665, 81611808, 989143
81738780, 82650780, 912000
82769979, 83612379, 842400
83729179, 84568379, 839200
84684493, 85804151, 1119658
85936265, 86877980, 941715
86996380, 87855465, 859085
88395922, 89367351, 971429
89638665, 90542665, 904000
90658437, 91497065, 838628
91612951, 92469293, 856342
92585979, 93439693, 853714
93701751, 94608608, 906857
94724608, 95580265, 855657
95698551, 96548836, 850285
96666436, 97799694, 1133258
97931123, 98873751, 942628
98993179, 99854208, 861029
99971122, 100816036, 844914
100932150, 101980723, 1048573
102102094, 102958780, 856686
103073865, 103926894, 853029
104046094, 104886779, 840685
105007693, 106053294, 1045601
106175351, 107044494, 869143
107164151, 108023236, 859085
108141865, 108994436, 852571
109113408, 110307465, 1194057
110431008, 111290779, 859771
111409979, 112268151, 858172
112386208, 113243579, 857371
113362208, 114422894, 1060686
114544951, 115396722, 851771
115515808, 116372265, 856457
116490322, 117330208, 839886
117587237, 118507237, 920000
118625294, 119478779, 853485
119596608, 120451808, 855200
120569979, 121423465, 853486
121805865, 122761408, 955543
122880837, 123740494, 859657
123857865, 124700951, 843086
124819808, 125848380, 1028572
125975923, 126850322, 874399
126968494, 127823579, 855085
127942779, 128799008, 856229
128916265, 129951237, 1034972
130075808, 130934208, 858400
131051008, 131910322, 859314
132028151, 132880036, 851885
132999008, 134180723, 1181715
134302094, 135169980, 867886
135289522, 136151122, 861600
136268379, 137114665, 846286
137234093, 138273637, 1039544
138396037, 139256151, 860114
139374094, 140229293, 855199
140348379, 141212150, 863771
141329179, 142382437, 1053258
142504494, 143363694, 859200
143480951, 144332722, 851771
144451236, 145311351, 860115
145429979, 146712837, 1282858
146835694, 147701751, 866057
147820151, 148674665, 854514
148793865, 149821865, 1028000
149950665, 150822094, 871429
150940722, 151799351, 858629
151916379, 152767122, 850743
152885636, 153931580, 1045944
154055694, 154897522, 841828
155019237, 155876379, 857142
155996265, 156853979, 857714
156970893, 158151237, 1180344
158273523, 159144265, 870742
159262094, 160111351, 849257
160228951, 161073751, 844800
161191579, 162245865, 1054286
162367580, 163219579, 851999
163338437, 164192036, 853599
164310436, 165168493, 858057
165286436, 166321523, 1035087
166444494, 167294894, 850400
167412722, 168260608, 847886
168376265, 169232722, 856457
169351351, 170646894, 1295543
170769408, 171630551, 861143
171749522, 172607008, 857486
172725522, 173741408, 1015886
173870323, 174767694, 897371
174885180, 175731922, 846742
175848265, 176691694, 843429
176807922, 177824151, 1016229
177951808, 178829065, 877257
178947808, 179808722, 860914
179927122, 180772836, 845714
180889750, 182068380, 1178630
182197408, 183074437, 877029
183191808, 184042894, 851086
184161751, 185015236, 853485
185131808, 186174208, 1042400
186296380, 187147351, 850971
187264722, 188091351, 826629
188220151, 188859579, 639428
188971579, 190589180, 1617601
190713065, 191575465, 862400
191690779, 192544379, 853600
192663236, 193785637, 1122401
193918208, 194865294, 947086
194984151, 195831579, 847428
195948265, 196785522, 837257
196905979, 197961065, 1055086
198082551, 198956037, 873486
199074780, 199934551, 859771
200052265, 200909865, 857600
201028265, 202087694, 1059429
202209522, 203068379, 858857
203187808, 204043808, 856000
204160493, 205003579, 843086
205119122, 206321294, 1202172
206444951, 207315808, 870857
207434322, 208291008, 856686
208409979, 209271351, 861372
209389293, 210441180, 1051887
210562894, 211423122, 860228
211541408, 212396836, 855428
212515579, 213373293, 857714
213636494, 214551808, 915314
214669637, 215527922, 858285
215647122, 216495465, 848343
216611922, 217634094, 1022172
217851351, 218804837, 953486
218923579, 219778551, 854972
219895008, 220749179, 854171
220868722, 221900151, 1031429
222029294, 222895580, 866286
223015465, 223874437, 858972
223993065, 224849179, 856114
224968379, 225989980, 1021601
226112380, 226979237, 866857
227098551, 227950894, 852343
228070436, 228924036, 853600
229041865, 230221180, 1179315
230345523, 231215008, 869485
231334551, 232191579, 857028
232311236, 233168608, 857372
233288151, 234309408, 1021257
234432837, 235280379, 847542
235825636, 236779350, 953714
236898208, 237950208, 1052000
238074780, 238942437, 867657
239062208, 239920951, 858743
240039465, 240884836, 845371
241004265, 242186894, 1182629
242309408, 243172494, 863086
243292037, 244155351, 863314
244273179, 245126093, 852914
245244950, 246286323, 1041373
246408151, 247263694, 855543
247382322, 248243922, 861600
248361979, 249217065, 855086
249336722, 250391922, 1055200
250513294, 251365522, 852228
251484151, 252345065, 860914
252462436, 253315808, 853372
253434436, 255030094, 1595658
255154322, 256036837, 882515
256157751, 257012379, 854628
257129408, 258177865, 1048457
258299580, 259145751, 846171
259261065, 260115922, 854857
260235465, 261099465, 864000
261217293, 262283465, 1066172
262406323, 263264265, 857942
263382094, 264234208, 852114
264353065, 265211579, 858514
265329865, 266594780, 1264915
266718437, 267584951, 866514
267702322, 268559922, 857600
268678893, 269690551, 1011658
269817637, 270733637, 916000
270852380, 271707122, 854742
271823694, 272673979, 850285
272791236, 273816265, 1025029
273945180, 274826437, 881257
274945522, 275799808, 854286
275919351, 276766893, 847542
276883236, 278066208, 1182972
278195580, 279070322, 874742
279189522, 280048951, 859429
280166894, 281017751, 850857
281136951, 282190665, 1053714
282312265, 283165979, 853714
283284837, 284142322, 857485
284260265, 285111122, 850857
285229865, 286277980, 1048115
286399123, 287255122, 855999
287373751, 288220494, 846743
288337751, 289195465, 857714
289313408, 290572722, 1259314
290696722, 291558094, 861372
291675808, 292522665, 846857
292638893, 293631465, 992572
293758894, 294660037, 901143
294782094, 295637865, 855771
295757751, 296620151, 862400
296738779, 297745180, 1006401
297874437, 298755579, 881142
298873865, 299734094, 860229
299852379, 300701751, 849372
300821179, 301969408, 1148229
302102665, 303025180, 922515
303144151, 304004722, 860571
304123008, 304967579, 844571
305086208, 306149751, 1063543
306272265, 307120722, 848457
307237865, 308076608, 838743
308194436, 309043236, 848800
309162665, 310215694, 1053029
310336380, 311194208, 857828
311313065, 312168722, 855657
312287122, 313143808, 856686
313263693, 314462551, 1198858
314585294, 315454665, 869371
315573408, 316422665, 849257
316539008, 317395236, 856228
317659351, 318580722, 921371
318698208, 319542894, 844686
319660951, 320518208, 857257
320636722, 321628265, 991543
321755237, 322655008, 899771
322771237, 323627465, 856228
323745979, 324594322, 848343
324713751, 325824037, 1110286
325957865, 326887122, 929257
327003580, 327857865, 854285
327977522, 328837979, 860457
328955465, 329996265, 1040800
330118094, 330985637, 867543
331103465, 331957294, 853829
332076494, 332929865, 853371
333047693, 334126323, 1078630
334248151, 335105065, 856914
335224608, 336081294, 856686
336199694, 337048951, 849257
337167465, 338353980, 1186515
338476951, 339347808, 870857
339465636, 340310551, 844915
340427351, 341282893, 855542
341402322, 342452951, 1050629
342573980, 343427237, 853257
343546094, 344406436, 860342
344524265, 345375808, 851543
345636951, 346552837, 915886
346672265, 347527808, 855543
347646436, 348499008, 852572
348617522, 349773865, 1156343
349907694, 350853865, 946171
350971465, 351815579, 844114
351931922, 352770436, 838514
352887236, 353929180, 1041944
354054208, 354925637, 871429
355043579, 355898322, 854743
356017636, 356871350, 853714
356988836, 357962551, 973715
358094094, 358987008, 892914
359106780, 359966894, 860114
360084151, 360937065, 852914
361055465, 362250665, 1195200
362374094, 363234779, 860685
363353408, 364210779, 857371
364328493, 365183808, 855315
365303122, 366362437, 1059315
366484608, 367343465, 858857
367463579, 368309979, 846400
368428722, 369273979, 845257
369392151, 370444265, 1052114
370565980, 371420836, 854856
371540379, 372395236, 854857
372513865, 373364836, 850971
373749408, 374689522, 940114
374806780, 375661179, 854399
375782094, 376634436, 852342
376753751, 377782323, 1028572
377912380, 378791465, 879085
378910094, 379758436, 848342
379878436, 380729179, 850743
380847922, 381883351, 1035429
382013523, 382886551, 873028
383440265, 384407351, 967086
384526894, 385383008, 856114
385791923, 386740837, 948914
386858894, 387708722, 849828
387826551, 388684036, 857485
388802665, 389828037, 1025372
389956037, 390839008, 882971
390958322, 391812837, 854515
391930665, 392782779, 852114
392902093, 393919923, 1017830
394044837, 394896494, 851657
395013408, 395872722, 859314
395993408, 396857636, 864228
396976493, 398141408, 1164915
398262780, 399115465, 852685
399231465, 400066094, 834629
400182322, 401042208, 859886
401161179, 402219922, 1058743
402341408, 403193979, 852571
403313408, 404172836, 859428
404289751, 405142779, 853028
405261636, 406301637, 1040001
406422894, 407271465, 848571
407390551, 408247808, 857257
408365522, 409205636, 840114
409321751, 410626551, 1304800
410750551, 411609294, 858743
411726322, 412577522, 851200
412696379, 413709065, 1012686
413837180, 414742551, 905371
414860722, 415707808, 847086
415824837, 416669065, 844228
416785408, 417802665, 1017257
417931351, 418806437, 875086
418924837, 419780836, 855999
419899122, 420752493, 853371
420871465, 422054551, 1183086
422182665, 423040037, 857372
423155922, 424007808, 851886
424126208, 424984265, 858057
425102093, 426157408, 1055315
426280494, 427146894, 866400
427264151, 428104608, 840457
428221636, 429062436, 840800
429179122, 430224380, 1045258
430346780, 431208037, 861257
431327008, 432178551, 851543
432297408, 433135351, 837943
433253522, 434453751, 1200229
434576380, 435444379, 867999
435564494, 436424036, 859542
436542436, 437396150, 853714
437908723, 438855237, 946514
438971922, 439808837, 836915
439925065, 440762779, 837714
440880379, 441905065, 1024686
442033980, 442904265, 870285
443023922, 443881179, 857257
443999694, 444852265, 852571
444971122, 446162665, 1191543
446284151, 447156494, 872343
447275808, 448136494, 860686
448255122, 449095693, 840571
449212722, 450253865, 1041143
450377065, 451237637, 860572
451355694, 452208608, 852914
452327808, 453183579, 855771
453301293, 454333065, 1031772
454455465, 455312379, 856914
455430779, 456285636, 854857
456404379, 457268036, 863657
457386093, 458656608, 1270515
458780608, 459650208, 869600
459768608, 460620151, 851543
460738665, 461756837, 1018172
461885180, 462775237, 890057
462894665, 463753294, 858629
463870894, 464716265, 845371
464835008, 465858665, 1023657
465987465, 466845865, 858400
466963237, 467824265, 861028
467943465, 468799693, 856228
468917750, 470102665, 1184915
470231008, 471102437, 871429
471221637, 472081979, 860342
472199236, 473049065, 849829
473168036, 474226208, 1058172
474348951, 475192608, 843657
475309294, 476162665, 853371
476282551, 477140265, 857714
477258322, 478289865, 1031543
478412608, 479273979, 861371
479391351, 480246779, 855428
480366208, 481215236, 849028
481332836, 482624494, 1291658
482747237, 483600494, 853257
483717065, 484559579, 842514
484675693, 485687808, 1012115
485816951, 486728380, 911429
486846322, 487691808, 845486
487810322, 488659351, 849029
488778322, 489800265, 1021943
489928608, 490791922, 863314
490908151, 491756722, 848571
491876151, 492730893, 854742
492849065, 493992494, 1143429
494124380, 495047008, 922628
495165751, 496023237, 857486
496141522, 496990208, 848686
497108951, 498157522, 1048571
498279808, 499143351, 863543
499261865, 500104722, 842857
500221179, 501074208, 853029
501194093, 502245637, 1051544
502368265, 503223694, 855429
503342322, 504194779, 852457
504314094, 505175808, 861714
505293636, 506500494, 1206858
506623694, 507493979, 870285
507613522, 508454436, 840914
508573293, 509431693, 858400
509699008, 510604837, 905829
510721180, 511568037, 846857
511685751, 512541179, 855428
512659236, 513649865, 990629
513777523, 514688380, 910857
514807694, 515433065, 625371
515549179, 516575579, 1026400
516697293, 517828837, 1131544
517962094, 518900151, 938057
519019465, 519861408, 841943
519977979, 520829294, 851315
520949293, 521980837, 1031544
522103237, 522973408, 870171
523092379, 523931808, 839429
524049979, 524909979, 860000
525029408, 526082208, 1052800
526205637, 527071694, 866057
527190780, 528040037, 849257
528159122, 529010893, 851771
529945408, 530962551, 1017143
531083237, 531938779, 855542
532057065, 532897179, 840114
533013636, 534066437, 1052801
534187808, 535050094, 862286
535169065, 536031465, 862400
536149751, 536993293, 843542
537112379, 538166551, 1054172
538289865, 539158779, 868914
539276379, 540104836, 828457
540227008, 541067693, 840685
541185522, 542392037, 1206515
542517065, 543385408, 868343
543504608, 544361636, 857028
544479236, 545330779, 851543
545449522, 546492380, 1042858
546611922, 547463122, 851200
547582094, 548440151, 858057
548559236, 549411465, 852229
549671923, 550605065, 933142
550723922, 551575008, 851086
551693522, 552548036, 854514
552666665, 553808494, 1141829
553941523, 554870894, 929371
554986779, 555838436, 851657
555957294, 556810893, 853599
556928608, 557974208, 1045600
558096151, 558965065, 868914
559083922, 559938208, 854286
560057294, 560904951, 847657
561021751, 562078094, 1056343
562200494, 563065294, 864800
563183122, 564036722, 853600
564155351, 565014550, 859199
565133065, 566332837, 1199772
566457294, 567329065, 871771
567447465, 568304265, 856800
568423465, 569273522, 850057
569391465, 570222322, 830857
570342780, 578983351, 8640571
579108608, 579958551, 849943
580075922, 580931350, 855428
581050093, 582495008, 1444915
582676037, 583865294, 1189257
584045522, 585228379, 1182857
585408151, 586808837, 1400686
586991237, 588178779, 1187542
588357065, 589915123, 1558058
590048837, 590992151, 943314
591109408, 591949294, 839886
592067008, 592923579, 856571
593041979, 594089751, 1047772
594212951, 595068837, 855886
595186894, 596041179, 854285
596161065, 597007465, 846400
597124722, 598171465, 1046743
598293865, 599149180, 855315
599267808, 600113408, 845600
600230665, 601092151, 861486
601210779, 602420151, 1209372
602543580, 603408951, 865371
603527465, 604381751, 854286
604499922, 605357408, 857486
605618437, 606513637, 895200
606635694, 607488265, 852571
607607808, 608458094, 850286
608574894, 609425636, 850742
609687008, 610609751, 922743
610728722, 611586665, 857943
611705294, 612552951, 847657
612671008, 613799808, 1128800
613932151, 614861522, 929371
614979465, 615838894, 859429
615957065, 616797636, 840571
616913522, 617952723, 1039201
618078322, 618945637, 867315
619063351, 619916608, 853257
620035922, 620892493, 856571
621010893, 622040265, 1029372
622161637, 623027580, 865943
623146208, 623999122, 852914
624118436, 624971808, 853372
625090322, 626303351, 1213029
626428151, 627285522, 857371
627401294, 628250893, 849599
628369751, 629210436, 840685
629326550, 630371123, 1044573
630493065, 631346779, 853714
631464151, 632301294, 837143
632418551, 633276379, 857828
633394208, 634669180, 1274972
634793408, 635660265, 866857
635777522, 636627808, 850286
636747236, 637910094, 1162858
638042894, 638964837, 921943
639080608, 639920494, 839886
640037865, 640894779, 856914
641012151, 642033408, 1021257
642156037, 643022208, 866171
643141179, 643991808, 850629
644111008, 644958322, 847314
645075236, 646148037, 1072801
646270665, 647137408, 866743
647256608, 648106665, 850057
648225636, 649077751, 852115
649195122, 650389865, 1194743
650513180, 651380494, 867314
651499351, 652353636, 854285
652473179, 653324608, 851429
653443693, 654485065, 1041372
654605408, 655454208, 848800
655572494, 656431008, 858514
656549294, 657400493, 851199
657661637, 658584722, 923085
658702894, 659557751, 854857
659676608, 660530322, 853714
660647351, 661738094, 1090743
661872723, 662801980, 929257
662920722, 663781979, 861257
663900037, 664736151, 836114
664852379, 665890437, 1038058
666015123, 666886322, 871199
667003694, 667851465, 847771
667968836, 668826893, 858057
668945636, 669980608, 1034972
670106094, 670976265, 870171
671095351, 671943122, 847771
672062779, 672920379, 857600
673038208, 674243694, 1205486
674367808, 675224837, 857029
675343465, 676176608, 833143
676294322, 677132836, 838514
677251808, 678293637, 1041829
678416151, 679260151, 844000
679376151, 680208494, 832343
680326094, 681166779, 840685
681282893, 682304608, 1021715
682427351, 683284151, 856800
683403122, 684245751, 842629
684363922, 685202779, 838857
686096265, 687101294, 1005029
687221980, 688076951, 854971
688194894, 689043465, 848571
689161751, 690215694, 1053943
690337294, 691187694, 850400
691306437, 692158551, 852114
692277065, 693135236, 858171
693252722, 694288494, 1035772
694409637, 695254322, 844685
695369865, 696223122, 853257
696342551, 697192265, 849714
697308722, 698599122, 1290400
698721294, 699569751, 848457
699686665, 700549865, 863200
700667351, 701661294, 993943
701787923, 702696951, 909028
702815465, 703677065, 861600
703795465, 704645408, 849943
704764494, 705789294, 1024800
705916608, 706795465, 878857
706913979, 707773522, 859543
707891922, 708745979, 854057
708865179, 710015465, 1150286
710147123, 711071465, 924342
711189294, 712045408, 856114
712165408, 712978665, 813257
713107579, 714171580, 1064001
714295008, 715158322, 863314
715276265, 716126208, 849943
716244036, 717088379, 844343
717203922, 718258437, 1054515
718378437, 719217180, 838743
719335008, 720181408, 846400
720299351, 721153522, 854171
721272379, 722475922, 1203543
722599008, 723464836, 865828
723581979, 724437179, 855200
724555693, 725415350, 859657
725679923, 726601980, 922057
726721751, 727581065, 859314
727699008, 728549522, 850514
728667236, 729671808, 1004572
729798894, 730693865, 894971
730809979, 731661065, 851086
731780265, 733191465, 1411200
733326550, 734647122, 1320572
734769294, 735636951, 867657
735755122, 736611694, 856572
736730779, 737748380, 1017601
737877523, 738768037, 890514
738885751, 739750665, 864914
739867465, 740721408, 853943
740840036, 741865065, 1025029
741993065, 742859694, 866629
742978894, 743838437, 859543
743957408, 744806208, 848800
744924836, 746108494, 1183658
746236265, 747109179, 872914
747227808, 748085522, 857714
748204379, 749053408, 849029
749172950, 750223808, 1050858
750344608, 751194208, 849600
751312379, 752172836, 860457
752291008, 753145408, 854400
753264722, 754290665, 1025943
754411808, 755263351, 851543
755381751, 756239122, 857371
756356951, 757207579, 850628
757326893, 758624380, 1297487
758745294, 759606665, 861371
759726551, 760580036, 853485
760697865, 761694094, 996229
761820837, 762726894, 906057
762844722, 763695579, 850857
763812951, 764664951, 852000
764783122, 765801065, 1017943
765929065, 766796837, 867772
766911580, 767761751, 850171
767880494, 768737979, 857485
768855351, 770019694, 1164343
770151008, 771059351, 908343
771174665, 772029179, 854514
772148151, 773011122, 862971
773129065, 774177408, 1048343
774299465, 775160037, 860572
775278437, 776132036, 853599
776250779, 777109065, 858286
777227236, 778267465, 1040229
778390551, 779021637, 631086
779134437, 782913522, 3779085
783038551, 783906208, 867657
784025065, 784885979, 860914
785003465, 786221980, 1218515
786345408, 787211694, 866286
787327922, 788180951, 853029
788300265, 789154322, 854057
789271922, 790300723, 1028801
790423008, 791283237, 860229
791401979, 792252036, 850057
792370665, 793231693, 861028
793351922, 794645980, 1294058
794768379, 795619008, 850629
795736265, 796576951, 840686
796693293, 797683808, 990515
797812608, 798710894, 898286
798827694, 799687008, 859314
799803922, 800645865, 841943
800764379, 801788265, 1023886
801916608, 802789751, 873143
802905179, 803744836, 839657
803862894, 804710322, 847428
804827008, 805986437, 1159429
806118780, 807039237, 920457
807157865, 807999237, 841372
808116036, 808969522, 853486
809088379, 810137637, 1049258
810259122, 811103465, 844343
811219465, 812068608, 849143
812187465, 813042208, 854743
813159236, 814184837, 1025601
814306894, 815155351, 848457
815272837, 816123694, 850857
816240036, 817096951, 856915
817214893, 818409865, 1194972
818532151, 819375008, 842857
819492494, 820348722, 856228
820467579, 821323122, 855543
821442779, 822484837, 1042058
822604837, 823455465, 850628
823575351, 824432494, 857143
824551351, 825388608, 837257
825647465, 826548265, 900800
826666437, 827528951, 862514
827647579, 828487351, 839772
828604036, 829721408, 1117372
829855237, 830787922, 932685
830904494, 831755694, 851200
831875237, 832735122, 859885
832852951, 833883465, 1030514
834011808, 834888608, 876800
835440951, 836419579, 978628
836540151, 837384836, 844685
837654208, 838573637, 919429
838691008, 839539579, 848571
839657751, 840520722, 862971
840639008, 841761980, 1122972
841894094, 842834779, 940685
842952837, 843811579, 858742
843929751, 844783236, 853485
844903236, 845948837, 1045601
846073751, 846942665, 868914
847061980, 847921865, 859885
848041751, 848904608, 862857
849023236, 850052037, 1028801
850174780, 851027694, 852914
851143008, 851993179, 850171
852111693, 852969750, 858057
853088265, 854278323, 1190058
854403008, 855259579, 856571
855376379, 856230322, 853943
856348951, 857196951, 848000
857314665, 858364608, 1049943
858486208, 859342665, 856457
859460722, 860303465, 842743
860420151, 861285408, 865257
861402550, 862445751, 1043201
862567122, 863424379, 857257
863542894, 864391122, 848228
864509636, 865363922, 854286
865753065, 866704722, 951657
866822551, 867682208, 859657
867800379, 868651122, 850743
868769750, 869806894, 1037144
869935008, 870815922, 880914
870934322, 871782094, 847772
871899237, 872753751, 854514
872870779, 873913523, 1042744
874038665, 874906208, 867543
875023465, 875878208, 854743
875996379, 876859236, 862857
876976722, 878157980, 1181258
878280265, 879153294, 873029
879271694, 880123351, 851657
880241865, 881091008, 849143
881209408, 882248608, 1039200
882368265, 883218551, 850286
883336608, 884191122, 854514
884307693, 885157865, 850172
885276265, 886314780, 1038515
886434780, 887278437, 843657
887394322, 888249636, 855314
888368151, 889227922, 859771
889346208, 890631580, 1285372
890754094, 891611808, 857714
891728951, 892587922, 858971
892706208, 893719123, 1012915
893847580, 894750437, 902857
894868837, 895725637, 856800
895844379, 896688722, 844343
896805408, 897816265, 1010857
897944151, 898828265, 884114
898945979, 899800151, 854172
899918551, 900777179, 858628
900895579, 902079923, 1184344
902208837, 903084837, 876000
903202665, 904052151, 849486
904170665, 905027922, 857257
905145408, 906205408, 1060000
906327580, 907177865, 850285
907295008, 908151351, 856343
908268951, 909119236, 850285
909237522, 910281751, 1044229
910402551, 911258894, 856343
911377179, 912232379, 855200
912350436, 913206208, 855772
913325751, 914615008, 1289257
914736379, 915593636, 857257
915712722, 916564036, 851314
916683236, 917698780, 1015544
917826437, 918736722, 910285
918856037, 919717522, 861485
919836037, 920675922, 839885
920795351, 921822780, 1027429
921950437, 922829065, 878628
922947808, 923805179, 857371
923925179, 924750436, 825257
924880722, 926073637, 1192915
926203237, 927076265, 873028
927194665, 928053408, 858743
928171008, 929030208, 859200
929148379, 930193408, 1045029
930316265, 931171579, 855314
931291351, 932150665, 859314
932267693, 933121636, 853943
933239922, 934280037, 1040115
934400723, 935255351, 854628
935374094, 936223351, 849257
936339236, 937188608, 849372
937306551, 938571237, 1264686
938694665, 939565751, 871086
939683922, 940538551, 854629
940657293, 941667008, 1009715
941793751, 942696608, 902857
942812722, 943667694, 854972
943786551, 944645179, 858628
944761979, 945778094, 1016115
945906437, 946793179, 886742
946911579, 947759922, 848343
947879351, 948742779, 863428
948860265, 950006094, 1145829
950141180, 951060037, 918857
951180151, 952041522, 861371
952159236, 953013751, 854515
953132493, 954175694, 1043201
954297980, 955155579, 857599
955274208, 956119808, 845600
956236151, 957076836, 840685
957193293, 958234894, 1041601
958357294, 959215922, 858628
959333865, 960172494, 838629
960287579, 961142208, 854629
961261293, 962474208, 1212915
962595808, 963456265, 860457
963574779, 964429522, 854743
964547351, 965395693, 848342
965661523, 966589065, 927542
966708380, 967559237, 850857
967677979, 968530208, 852229
968649294, 969650437, 1001143
969777980, 970684494, 906514
970803808, 971647808, 844000
971765751, 972622436, 856685
972739808, 973881294, 1141486
974014780, 974946894, 932114
975065408, 975921179, 855771
976041294, 976901522, 860228
977019922, 978059351, 1039429
978181865, 979046665, 864800
979165065, 980019922, 854857
980139808, 981002322, 862514
981122322, 982178551, 1056229
982738094, 983706894, 968800
983824608, 984679236, 854628
984798094, 985978437, 1180343
986110551, 987034437, 923886
987152951, 987997408, 844457
988114436, 988963465, 849029
989080608, 990143237, 1062629
990264380, 991121522, 857142
991240951, 992089636, 848685
992207122, 993065408, 858286
993183236, 994232037, 1048801
994354208, 995212951, 858743
995331579, 996184493, 852914
996302322, 997149065, 846743
997267350, 998469408, 1202058
998593294, 999461637, 868343
999579237, 431236, -999148001
552036, 1412951, 860915
1688380, 2609294, 920914
2726437, 3575922, 849485
3691008, 4551808, 860800
4668265, 5672723, 1004458
5799923, 6709065, 909142
6825065, 7667008, 841943
7781294, 8632951, 851657
8750208, 9908151, 1157943
10039694, 10963922, 924228
11081065, 11940265, 859200
12056722, 12906665, 849943
13024608, 14060837, 1036229
14181751, 15041180, 859429
15158322, 16012151, 853829
16129979, 16988265, 858286
17104493, 18160037, 1055544
18281180, 19147922, 866742
19264722, 20117179, 852457
20235808, 21093065, 857257
21210550, 22421294, 1210744
22543580, 23407465, 863885
23525408, 24382094, 856686
24502436, 25363122, 860686
25624265, 26533408, 909143
26648608, 27503351, 854743
27622094, 28476608, 854514
28595236, 29457293, 862057
29721408, 30642208, 920800
30760494, 31616837, 856343
31734779, 32590551, 855772
32708036, 33857065, 1149029
33988837, 34917637, 928800
35035122, 35894322, 859200
36011694, 36854093, 842399
36971008, 38015808, 1044800
38135808, 39001180, 865372
39119808, 39967694, 847886
40083236, 40939122, 855886
41056151, 42097637, 1041486
42219922, 43081751, 861829
43198894, 44055694, 856800
44173179, 45032379, 859200
45149179, 46342780, 1193601
46465637, 47325179, 859542
47441522, 48285179, 843657
48400951, 49240836, 839885
49357408, 50415808, 1058400
50538094, 51397408, 859314
51515122, 52371351, 856229
52489179, 53342093, 852914
53598094, 54519351, 921257
54639808, 55501637, 861829
55618665, 56469294, 850629
56587579, 57615808, 1028229
57828608, 58762551, 933943
58879694, 59741865, 862171
59858894, 60714208, 855314
60832379, 61875237, 1042858
62004265, 62876151, 871886
62993980, 63850322, 856342
63968265, 64824494, 856229
64943236, 65979808, 1036572
66099808, 66957179, 857371
67074894, 67933408, 858514
68050322, 68890550, 840228
69005522, 70182094, 1176572
70302894, 71170322, 867428
71288608, 72143579, 854971
72260494, 73120036, 859542
73237179, 74283008, 1045829
74403580, 75258665, 855085
75376265, 76234322, 858057
76351693, 77211236, 859543
77328608, 78372265, 1043657
78493751, 79346437, 852686
79463237, 80319694, 856457
80437294, 81257179, 819885
81385293, 82675580, 1290287
82798665, 83667122, 868457
83783008, 84640608, 857600
84758436, 85789408, 1030972
85916723, 86801865, 885142
86920037, 87777065, 857028
87894551, 88743579, 849028
88860722, 89897180, 1036458
90022094, 90872837, 850743
90988837, 91840265, 851428
91958094, 92816150, 858056
92933522, 94115808, 1182286
94243694, 95116608, 872914
95235122, 96093522, 858400
96211465, 97066208, 854743
97183579, 98225294, 1041715
98347237, 99194551, 847314
99310208, 100151579, 841371
100266551, 101126665, 860114
101244493, 102275808, 1031315
102398094, 103257065, 858971
103375122, 104228494, 853372
104346894, 105202551, 855657
105320151, 106579237, 1259086
106701180, 107564722, 863542
107682894, 108535122, 852228
108653636, 109663237, 1009601
109790208, 110703808, 913600
110822551, 111676951, 854400
111792837, 112647351, 854514
112765294, 113783351, 1018057
113911694, 114781408, 869714
114904608, 115748379, 843771
115866894, 116733865, 866971
116851808, 118015808, 1164000
118147123, 119054665, 907542
119170322, 120025408, 855086
120145294, 120991693, 846399
121109293, 122162780, 1053487
122284722, 123135237, 850515
123255465, 124116608, 861143
124235693, 125084150, 848457
125203922, 126251351, 1047429
126373637, 127224608, 850971
127343922, 128205751, 861829
128324151, 129180951, 856800
129300608, 130495008, 1194400
130618665, 131483808, 865143
131603694, 132453179, 849485
132570322, 133426322, 856000
133693408, 134619808, 926400
134739580, 135593294, 853714
136151351, 137134551, 983200
137253979, 138297522, 1043543
138419808, 139282551, 862743
139400037, 140254436, 854399
140372722, 141229179, 856457
141345865, 142635008, 1289143
142756837, 143622094, 865257
143740037, 144596722, 856685
144714894, 145730894, 1016000
145858551, 146757637, 899086
146875922, 147734551, 858629
147852265, 148703808, 851543
148822322, 149845408, 1023086
149973751, 150849637, 875886
150968151, 151822665, 854514
151941065, 152802665, 861600
152920265, 154105065, 1184800
154233408, 155104837, 871429
155223351, 156081179, 857828
156200379, 157060836, 860457
157179008, 158220380, 1041372
158343123, 159192265, 849142
159309065, 160149979, 840914
160266665, 161117522, 850857
161234665, 162268265, 1033600
162390437, 163250894, 860457
163369408, 164220151, 850743
164339008, 165191808, 852800
165309179, 166570551, 1261372
166693865, 167556837, 862972
167672722, 168523808, 851086
168642208, 169648723, 1006515
169776951, 170673865, 896914
170796608, 171654779, 858171
171774094, 172631008, 856914
172749522, 173770208, 1020686
173898894, 174786665, 887771
174905408, 175760837, 855429
175879122, 176728722, 849600
176847808, 178014665, 1166857
178146780, 179049979, 903199
179167237, 180003465, 836228
180118551, 180957750, 839199
181074208, 182119351, 1045143
182242780, 183107351, 864571
183226437, 184081179, 854742
184201408, 185053979, 852571
185170208, 186218208, 1048000
186340494, 187200608, 860114
187318551, 188139579, 821028
188264836, 189105522, 840686
189224836, 190429751, 1204915
190549980, 191411122, 861142
191530094, 192377751, 847657
192495122, 193351236, 856114
193615923, 194537751, 921828
194657294, 195518208, 860914
195636379, 196492151, 855772
196610665, 197605408, 994743
197732608, 198651237, 918629
198770780, 199628265, 857485
199746208, 200590322, 844114
200705865, 201818323, 1112458
201950437, 202884951, 934514
203003122, 203861294, 858172
203979008, 204833979, 854971
204953293, 205996494, 1043201
206116951, 206983122, 866171
207102551, 207967122, 864571
208085179, 208937065, 851886
209055693, 210111808, 1056115
210233294, 211084265, 850971
211199922, 212038551, 838629
212155122, 213008608, 853486
213127465, 214325751, 1198286
214447922, 215315351, 867429
215433751, 216293865, 860114
216411579, 217269636, 858057
217387922, 218445180, 1057258
218565865, 219409979, 844114
219527579, 220385065, 857486
220503122, 221344950, 841828
221602323, 222511237, 908914
222626665, 223484608, 857943
223603351, 224460151, 856800
224578208, 225431008, 852800
225812608, 226752151, 939543
226867808, 227719008, 851200
227837979, 228694779, 856800
228811579, 229833637, 1022058
229961523, 230824722, 863199
230940951, 231781408, 840457
231897637, 232736036, 838399
232852836, 233889180, 1036344
234016723, 234888037, 871314
235007122, 235864036, 856914
235981294, 236828836, 847542
236947122, 238111237, 1164115
238242780, 239115008, 872228
239233408, 240086894, 853486
240205408, 241063693, 858285
241181293, 242225180, 1043887
242347922, 243204951, 857029
243322665, 244167465, 844800
244283008, 245139465, 856457
245257522, 246293523, 1036001
246414208, 247269637, 855429
247388494, 248249979, 861485
248368494, 249209865, 841371
249328379, 250611694, 1283315
250733294, 251584951, 851657
251706665, 252565751, 859086
252685751, 253694780, 1009029
253822551, 254726322, 903771
254845294, 256127579, 1282285
256253979, 257131922, 877943
257251008, 258306322, 1055314
258427465, 259274894, 847429
259391351, 260245179, 853828
260363579, 261214436, 850857
261331579, 262629522, 1297943
262752951, 263620722, 867771
263738894, 264592036, 853142
264710094, 265714551, 1004457
265844494, 266751351, 906857
266869979, 267732265, 862286
267850436, 268706665, 856229
268825750, 269844723, 1018973
269972608, 270844837, 872229
270964837, 271820037, 855200
271938894, 272790094, 851200
272908151, 274106551, 1198400
274229522, 275105979, 876457
275224265, 276076036, 851771
276195693, 277053522, 857829
277171808, 278223008, 1051200
278345180, 279201865, 856685
279320494, 280175236, 854742
280294094, 281149179, 855085
281267351, 282292037, 1024686
282843579, 283820836, 977257
283940722, 284788150, 847428
284903236, 286094323, 1191087
286221637, 287099351, 877714
287218094, 288071579, 853485
288188836, 289040036, 851200
289159236, 290214780, 1055544
290335808, 291193522, 857714
291312265, 292156722, 844457
292273293, 293128265, 854972
293245979, 294289980, 1044001
294412151, 295271122, 858971
295388379, 296241865, 853486
296360836, 297221293, 860457
297338665, 298616037, 1277372
298738094, 299605522, 867428
299723465, 300576265, 852800
300694779, 301715008, 1020229
301842551, 302739922, 897371
302856265, 303712151, 855886
303830208, 304673751, 843543
304790665, 305810208, 1019543
305938894, 306816608, 877714
306934551, 307789522, 854971
307907694, 308767351, 859657
308884608, 310063694, 1179086
310193408, 311072037, 878629
311189980, 312043465, 853485
312161636, 313023922, 862286
313141636, 314172151, 1030515
314294094, 315152722, 858628
315272265, 316127579, 855314
316245865, 317100722, 854857
317220608, 318266894, 1046286
318388265, 319238894, 850629
319357979, 320211922, 853943
320328265, 321175922, 847657
321294893, 322588494, 1293601
322712151, 323576265, 864114
323695351, 324543579, 848228
324661179, 325658894, 997715
325786094, 326696151, 910057
326813751, 327672265, 858514
327790894, 328648036, 857142
328765294, 329780723, 1015429
329910208, 330801522, 891314
330919351, 331763122, 843771
331879351, 332711579, 832228
332828836, 333977180, 1148344
334109180, 335030665, 921485
335148494, 336003694, 855200
336122551, 336971922, 849371
337089293, 338144037, 1054744
338267237, 339125408, 858171
339242322, 340095922, 853600
340214551, 341074550, 859999
341191579, 342236494, 1044915
342359237, 343222894, 863657
343340037, 344185979, 845942
344302208, 345144722, 842514
345262893, 346452151, 1189258
346574894, 347441979, 867085
347559465, 348410779, 851314
348529293, 349385522, 856229
349900723, 350859694, 958971
350978780, 351837865, 859085
351956151, 352810894, 854743
352929865, 353960951, 1031086
354085637, 354954551, 868914
355072951, 355922208, 849257
356040836, 356895693, 854857
357013522, 358187008, 1173486
358308608, 359134094, 825486
359264494, 360122094, 857600
360240151, 361098436, 858285
361216036, 362247351, 1031315
362369522, 363224379, 854857
363341408, 364195236, 853828
364313751, 365166893, 853142
365283808, 366302208, 1018400
366424837, 367278894, 854057
367396379, 368245751, 849372
368364379, 369218779, 854400
369334779, 370609522, 1274743
370731579, 371599122, 867543
371717294, 372573408, 856114
372691693, 373704037, 1012344
373831008, 374738437, 907429
374857294, 375706665, 849371
375823351, 376679465, 856114
376797979, 377817523, 1019544
377944951, 378824837, 879886
378944608, 379806665, 862057
379923465, 380775465, 852000
380894893, 382081408, 1186515
382209065, 383082780, 873715
383202208, 384059008, 856800
384177522, 385032608, 855086
385151465, 386204951, 1053486
386326551, 387190208, 863657
387308037, 388165293, 857256
388283008, 389129750, 846742
389248150, 390282437, 1034287
390404837, 391265522, 860685
391387579, 392242779, 855200
392360151, 393217979, 857828
393336951, 394622780, 1285829
394744151, 395600722, 856571
395719122, 396573865, 854743
396691351, 397702208, 1010857
397831008, 398730665, 899657
398848722, 399705979, 857257
399825979, 400682665, 856686
400800722, 401817294, 1016572
401944380, 402824951, 880571
402943008, 403796722, 853714
403915236, 404773636, 858400
404892265, 406069294, 1177029
406199008, 407078551, 879543
407196722, 408051351, 854629
408169522, 409027008, 857486
409145065, 410198551, 1053486
410320951, 411173408, 852457
411289979, 412132722, 842743
412249979, 413110436, 860457
413228036, 414250894, 1022858
414372951, 415230094, 857143
415349179, 416194665, 845486
416313865, 417161065, 847200
417279236, 418474437, 1195201
418596837, 419451579, 854742
419569751, 420430436, 860685
420549065, 421402893, 853828
421668723, 422588037, 919314
422706094, 423561179, 855085
423681179, 424534894, 853715
424652494, 425640265, 987771
425767923, 426674437, 906514
426792608, 427644722, 852114
427764036, 428613865, 849829
428731236, 429856723, 1125487
430448951, 431454094, 1005143
431574437, 432428036, 853599
432545065, 433394893, 849828
433663694, 434575465, 911771
434692265, 435531008, 838743
435647808, 436507122, 859314
436625408, 437849980, 1224572
437983123, 438920722, 937599
439036265, 439891237, 854972
440010322, 440872265, 861943
440990551, 442176037, 1185486
442298780, 443170437, 871657
443288379, 444143008, 854629
444261865, 445121293, 859428
445239008, 446276723, 1037715
446399237, 447249294, 850057
447366322, 448223808, 857486
448340494, 449195351, 854857
449315351, 450371922, 1056571
450493408, 451351351, 857943
451471694, 452330093, 858399
452448608, 453292493, 843885
453409750, 454703580, 1293830
454825522, 455684722, 859200
455800379, 456644722, 844343
456762551, 457787808, 1025257
457916837, 458807808, 890971
458925179, 459779122, 853943
459898208, 460757636, 859428
460875808, 461912723, 1036915
462037523, 462908951, 871428
463026894, 463884265, 857371
464003237, 464855122, 851885
464974665, 466167580, 1192915
466290208, 467165179, 874971
467284722, 468142436, 857714
468260151, 469107808, 847657
469226436, 470280494, 1054058
470402208, 471259579, 857371
471378208, 472231465, 853257
472348608, 473204036, 855428
473322322, 474376608, 1054286
474497522, 475342437, 844915
475458551, 476317065, 858514
476435122, 477289865, 854743
477407122, 478681408, 1274286
478804951, 479674894, 869943
479793522, 480644036, 850514
480762665, 481792151, 1029486
481920723, 482801065, 880342
482920379, 483779808, 859429
483897636, 484750436, 852800
484869179, 485909980, 1040801
486037523, 486906208, 868685
487024608, 487870437, 845829
487987237, 488832836, 845599
488949179, 490129751, 1180572
490251237, 491124151, 872914
491243579, 492104493, 860914
492222893, 493075693, 852800
493194436, 494238551, 1044115
494359008, 495211694, 852686
495330779, 496175122, 844343
496292036, 497131351, 839315
497248608, 498288265, 1039657
498409408, 499261179, 851771
499378894, 500235808, 856914
500353636, 501207579, 853943
501326779, 502616265, 1289486
502738208, 503603579, 865371
503721865, 504583579, 861714
504700722, 505712494, 1011772
505842094, 506745065, 902971
506863122, 507720722, 857600
507839465, 508688836, 849371
508808036, 509839351, 1031315
509970323, 510840151, 869828
510957294, 511816379, 859085
511934894, 512793751, 858857
512911579, 514076837, 1165258
514205065, 515073294, 868229
515191351, 516046894, 855543
516166208, 517027922, 861714
517146665, 518218437, 1071772
518341637, 519201980, 860343
519320379, 520177522, 857143
520295465, 521153751, 858286
521271579, 522305522, 1033943
522426665, 523281179, 854514
523398665, 524250093, 851428
524369865, 525227693, 857828
525345865, 526624951, 1279086
526748265, 527609065, 860800
527725751, 528581636, 855885
528700265, 529718094, 1017829
529845523, 530752494, 906971
530871694, 531729636, 857942
531847236, 532707579, 860343
532826436, 533847008, 1020572
533975808, 534849980, 874172
534969294, 535826437, 857143
535945065, 536804608, 859543
536922665, 538110208, 1187543
538238780, 539107122, 868342
539226094, 540086094, 860000
540203579, 541059922, 856343
541178779, 542232037, 1053258
542353408, 543208151, 854743
543326322, 544185865, 859543
544303465, 545160493, 857028
545279351, 546302322, 1022971
546423922, 547277522, 853600
547396379, 548256608, 860229
548374436, 549229179, 854743
549347465, 550643351, 1295886
550765180, 551631465, 866285
551749637, 552609522, 859885
552726779, 553750094, 1023315
553878894, 554775122, 896228
554893179, 555519694, 626515
555847922, 556714893, 866971
556834436, 557858665, 1024229
557987465, 558860608, 873143
558979694, 559842894, 863200
559960608, 560811808, 851200
560931693, 562121294, 1189601
562250437, 563118894, 868457
563238779, 564084951, 846172
564208151, 565051693, 843542
565169636, 566218551, 1048915
566341180, 567194322, 853142
567313637, 568162665, 849028
568280836, 569131922, 851086
569251693, 570292951, 1041258
570414551, 571268837, 854286
571388379, 572249522, 861143
572368036, 573224379, 856343
573343465, 574625180, 1281715
574747580, 575606665, 859085
575725979, 576571922, 845943
577166551, 578332494, 1165943
578454094, 579311465, 857371
579430665, 580290322, 859657
580408379, 581251465, 843086
581367465, 582423465, 1056000
582545865, 583407122, 861257
583525065, 584379808, 854743
584499236, 585356036, 856800
585755923, 586720151, 964228
586839694, 587703122, 863428
587821179, 588663579, 842400
588779008, 589817980, 1038972
589949523, 590834780, 885257
590953637, 591803122, 849485
591922894, 592767122, 844228
592884493, 593927465, 1042972
594051580, 594915922, 864342
595035008, 595896036, 861028
596013979, 596851122, 837143
596966893, 598147351, 1180458
598269980, 599142208, 872228
599260379, 600114208, 853829
600233408, 601085636, 852228
601202665, 602231580, 1028915
602352265, 603204608, 852343
603323808, 604182322, 858514
604299808, 605150436, 850628
605268950, 606296380, 1027430
606417637, 607262665, 845028
607379122, 608228379, 849257
608347122, 609203922, 856800
609321751, 610597865, 1276114
610719580, 611582208, 862628
611699236, 612560493, 861257
612677865, 613692265, 1014400
613819237, 614721180, 901943
614839922, 615699008, 859086
615816722, 616660151, 843429
616776379, 617789523, 1013144
617917865, 618804151, 886286
618922437, 619778894, 856457
619898094, 620760951, 862857
620878665, 622056037, 1177372
622188951, 623069065, 880114
623186094, 624036608, 850514
624155122, 625011579, 856457
625129179, 626185408, 1056229
626308837, 627159465, 850628
627276151, 628119236, 843085
628235579, 629080379, 844800
629196950, 630244951, 1048001
630366665, 631219808, 853143
631338894, 632198094, 859200
632316265, 633170436, 854171
633288151, 634482665, 1194514
634604037, 635455236, 851199
635571579, 636422665, 851086
636541293, 637400722, 859429
637663808, 638582780, 918972
638701751, 639555122, 853371
639673522, 640526779, 853257
640645065, 641636494, 991429
641763580, 642670551, 906971
642789065, 643647465, 858400
643764836, 644620036, 855200
644738779, 645891008, 1152229
646023237, 646941865, 918628
647059008, 647913865, 854857
648031808, 648881522, 849714
649000151, 650056380, 1056229
650179237, 651045408, 866171
651164494, 652022665, 858171
652141865, 652999922, 858057
653118779, 654172723, 1053944
654295694, 655159694, 864000
655276951, 656127694, 850743
656246665, 657106551, 859886
657224036, 658427465, 1203429
658548951, 659409979, 861028
659528265, 660371922, 843657
660488036, 661324379, 836343
661580151, 662498780, 918629
662619808, 663477751, 857943
663596265, 664439465, 843200
664555694, 665409751, 854057
665671008, 666598208, 927200
666716951, 667560151, 843200
667676036, 668512608, 836572
668628722, 669735008, 1106286
669867808, 670810094, 942286
670927694, 671783237, 855543
671901522, 672750208, 848686
672866436, 673894094, 1027658
674021980, 674891122, 869142
675010437, 675873751, 863314
675992265, 676834550, 842285
676952379, 677994665, 1042286
678114894, 678980037, 865143
679099008, 679958779, 859771
680076608, 680925522, 848914
681043808, 682252037, 1208229
682374208, 683234551, 860343
683352379, 684208722, 856343
684326893, 685183693, 856800
685302208, 686348608, 1046400
686468608, 687323808, 855200
687443237, 688304836, 861599
688422551, 689270093, 847542
689388608, 690437294, 1048686
690557980, 691408951, 850971
691528036, 692384722, 856686
692503351, 693353065, 849714
693739237, 694702894, 963657
694820837, 695642894, 822057
695772265, 696633751, 861486
696752151, 697776494, 1024343
697904951, 698771008, 866057
698888837, 699727465, 838628
699844151, 700706551, 862400
700823693, 701841523, 1017830
701969408, 702843808, 874400
702961408, 703817294, 855886
703936265, 704796951, 860686
704915465, 706102665, 1187200
706231580, 707107008, 875428
707225522, 708066779, 841257
708183579, 709020150, 836571
709137293, 710185980, 1048687
710309294, 711167465, 858171
711285522, 712143122, 857600
712262322, 713122093, 859771
713240265, 714272494, 1032229
714395808, 715256037, 860229
715375579, 716239236, 863657
716357865, 717212836, 854971
717332722, 718630437, 1297715
718753865, 719616951, 863086
719736837, 720594322, 857485
720712379, 721742437, 1030058
721872837, 722745294, 872457
723303922, 724263351, 959429
724381065, 725239122, 858057
725358208, 726419008, 1060800
726541294, 727396379, 855085
727513179, 728356379, 843200
728472836, 729329979, 857143
729722551, 730662665, 940114
730778437, 731625751, 847314
731743808, 733140950, 1397142
733275350, 734343465, 1068115
734466551, 735324722, 858171
735442094, 736295351, 853257
736414322, 737274093, 859771
737392608, 738424494, 1031886
738545180, 739403237, 858057
739521636, 740371236, 849600
740488836, 741346779, 857943
741730665, 742685408, 954743
742805751, 743649179, 843428
743766322, 744624265, 857943
744741408, 745767923, 1026515
745896837, 746772608, 875771
746889408, 747748265, 858857
747866094, 748719351, 853257
748837979, 749853751, 1015772
749981637, 750857065, 875428
750975580, 751821408, 845828
751938551, 752794322, 855771
752913179, 754094322, 1181143
754222322, 755097979, 875657
755216951, 756078436, 861485
756196151, 757046436, 850285
757164150, 758206665, 1042515
758329065, 759185408, 856343
759303237, 760150322, 847085
760267579, 761121179, 853600
761239465, 762278665, 1039200
762399580, 763245751, 846171
763360722, 764214893, 854171
764333865, 765193522, 859657
765310779, 766594894, 1284115
766718437, 767584608, 866171
767702094, 768559465, 857371
768677865, 769699465, 1021600
769827123, 770732379, 905256
770851122, 771709294, 858172
771827122, 772687008, 859886
772805408, 773824380, 1018972
773953180, 774828380, 875200
774947122, 775799008, 851886
775917294, 776770208, 852914
776888265, 778067465, 1179200
778195922, 779055579, 859657
779171808, 780011694, 839886
780128608, 780992836, 864228
781110322, 782164723, 1054401
782287923, 783148494, 860571
783266665, 784124494, 857829
784243694, 785089408, 845714
785205751, 786258894, 1053143
786382551, 787245979, 863428
787364037, 788218208, 854171
788336951, 789197636, 860685
789314893, 790588951, 1274058
790713065, 791579351, 866286
791697522, 792544836, 847314
792662436, 793672494, 1010058
793799808, 794707580, 907772
794826322, 795684608, 858286
795803351, 796659693, 856342
796778208, 797790094, 1011886
797925065, 798799808, 874743
798916494, 799773751, 857257
799892608, 800750551, 857943
800868836, 802020723, 1151887
802152494, 803064379, 911885
803182779, 804013179, 830400
804131351, 804976265, 844914
805094093, 806117065, 1022972
806238665, 807089865, 851200
807207922, 808042779, 834857
808159694, 809008836, 849142
809126893, 810152037, 1025144
810273865, 811116151, 842286
811231579, 812070665, 839086
812186665, 813042893, 856228
813161293, 814371808, 1210515
814494551, 815353294, 858743
815472379, 816329065, 856686
816446779, 817302093, 855314
817454436, 818494322, 1039886
818615122, 819473751, 858629
819593408, 820437408, 844000
820552608, 821406436, 853828
821665865, 822592608, 926743
822710780, 823565522, 854742
823684265, 824544151, 859886
824661751, 825773408, 1111657
825905865, 826832379, 926514
826949294, 827805636, 856342
827924036, 828779579, 855543
828897750, 829970551, 1072801
830096151, 830966322, 870171
831084837, 831939922, 855085
832058779, 832896951, 838172
833012493, 834028265, 1015772
834149751, 835007922, 858171
835125865, 835983122, 857257
836101065, 836953408, 852343
837071465, 838259694, 1188229
838383008, 839248379, 865371
839365294, 840218894, 853600
840336836, 841196379, 859543
841313751, 842369637, 1055886
842492037, 843350094, 858057
843468036, 844320379, 852343
844439236, 845297065, 857829
845414436, 846465865, 1051429
846588037, 847431922, 843885
847546894, 848399694, 852800
848517979, 849377293, 859314
849768380, 850708951, 940571
850826094, 851687122, 861028
851805865, 852647693, 841828
852763351, 853785408, 1022057
853913980, 854797294, 883314
854916494, 855759579, 843085
855878322, 856737065, 858743
856855351, 857878094, 1022743
858005408, 858859465, 854057
858976722, 859825065, 848343
859946094, 860804265, 858171
860922322, 862106208, 1183886
862235923, 863093522, 857599
863209522, 864062551, 853029
864182208, 865030322, 848114
865148493, 866191694, 1043201
866317522, 867183694, 866172
867303351, 868150665, 847314
868267236, 869117522, 850286
869848494, 870821865, 973371
870939465, 871768037, 828572
871884837, 872744379, 859542
872863008, 874046208, 1183200
874179351, 875057294, 877943
875175008, 876031579, 856571
876150665, 877007693, 857028
877125636, 878171694, 1046058
878293865, 879158208, 864343
879275922, 880114551, 838629
880231694, 881091122, 859428
881208608, 882245980, 1037372
882367922, 883207579, 839657
883323008, 884178893, 855885
884297293, 885153408, 856115
885271122, 886473065, 1201943
886595351, 887459122, 863771
887577979, 888439465, 861486
888556494, 889412951, 856457
889679237, 890603694, 924457
890722208, 891573065, 850857
891691008, 892539579, 848571
892655122, 893657294, 1002172
893784837, 894693522, 908685
894811694, 895667922, 856228
895785979, 896639008, 853029
896756951, 897912837, 1155886
898044837, 898973065, 928228
899091922, 899944722, 852800
900060379, 900919122, 858743
901036950, 902118551, 1081601
902241180, 903107122, 865942
903224722, 904067922, 843200
904185408, 905026208, 840800
905142779, 906188265, 1045486
906311237, 907177522, 866285
907294894, 908146436, 851542
908265065, 909116722, 851657
909234208, 910433065, 1198857
910555808, 911422322, 866514
911540265, 912392036, 851771
912510094, 913368265, 858171
913635123, 914515351, 880228
914643237, 915306779, 663542
915420036, 918900037, 3480001
919022780, 919874894, 852114
919993294, 920855236, 861942
920972379, 922205065, 1232686
922327922, 923183808, 855886
923300151, 924134322, 834171
924251008, 925091808, 840800
925207465, 926233294, 1025829
926353637, 927192608, 838971
927308037, 928141065, 833028
928258665, 929110093, 851428
929228493, 930260722, 1032229
930382894, 931240265, 857371
931357408, 932211351, 853943
932329979, 933183808, 853829
933301065, 934568951, 1267886
934690437, 935551008, 860571
935670208, 936528379, 858171
936645979, 937648265, 1002286
937776037, 938682322, 906285
938799465, 939642208, 842743
939759122, 940614322, 855200
940732722, 941740265, 1007543
941869065, 942757294, 888229
942873980, 943733294, 859314
943851808, 944704722, 852914
944823351, 945987008, 1163657
946118665, 947020379, 901714
947137179, 947995236, 858057
948113179, 948956265, 843086
949072379, 950086323, 1013944
950207923, 951074094, 866171
951192494, 952041179, 848685
952160036, 953012036, 852000
953129293, 954180265, 1050972
954303008, 955166551, 863543
955284379, 956141065, 856686
956259693, 957109750, 850057
957226322, 958430094, 1203772
958552608, 959409637, 857029
959525065, 960365179, 840114
960480951, 961322436, 841485
961441865, 962491465, 1049600
962612608, 963470436, 857828
963589751, 964444722, 854971
964562093, 965416608, 854515
965677408, 966599922, 922514
966718551, 967574094, 855543
967693065, 968538094, 845029
968655122, 969775923, 1120801
969908494, 970835122, 926628
970952379, 971804036, 851657
971920265, 972772036, 851771
972890436, 973929408, 1038972
974054551, 974912722, 858171
975030437, 975871579, 841142
975987237, 976829751, 842514
976945751, 977983237, 1037486
978104380, 978970779, 866399
979089179, 979939122, 849943
980057522, 980911693, 854171
981029750, 982236265, 1206515
982358894, 983218094, 859200
983333637, 984186208, 852571
984305294, 985161522, 856228
985279465, 986329751, 1050286
986452722, 987312151, 859429
987430094, 988285179, 855085
988404608, 989265065, 860457
989383922, 990422665, 1038743
990544722, 991399922, 855200
991516837, 992351122, 834285
992467579, 993323122, 855543
993441179, 994722208, 1281029
994844722, 995704036, 859314
995822322, 996656608, 834286
996775465, 997801180, 1025715
997929751, 998804151, 874400
998924151, 999775122, 850971
999893637, 729865, -999163772
848722, 1884494, 1035772
2014094, 2884722, 870628
3002779, 3840608, 837829
3956379, 4802893, 846514
4920722, 6094323, 1173601
6222094, 7090551, 868457
7209294, 8064836, 855542
8182208, 9034893, 852685
9152036, 10199237, 1047201
10319694, 11175237, 855543
11294208, 12143693, 849485
12260379, 13109750, 849371
13226436, 14263923, 1037487
14386094, 15248608, 862514
15365637, 16216608, 850971
16335122, 17193751, 858629
17311808, 18575465, 1263657
18699008, 19564494, 865486
20113065, 21089750, 976685
21209522, 22274780, 1065258
22395008, 23253408, 858400
23371122, 24230551, 859429
24347579, 25198551, 850972
25316722, 26372494, 1055772
26493408, 27351237, 857829
27468951, 28312722, 843771
28429865, 29286208, 856343
29403922, 30687922, 1284000
30810780, 31680951, 870171
31797979, 32651579, 853600
32769636, 33794437, 1024801
33921751, 34794665, 872914
34912151, 35770551, 858400
35888036, 36744493, 856457
36861408, 37902894, 1041486
38027465, 38896494, 869029
39014322, 39870437, 856115
39988379, 40841179, 852800
40958665, 42141751, 1183086
42262665, 43135465, 872800
43253179, 44110665, 857486
44227351, 45077522, 850171
45195350, 46245865, 1050515
46367123, 47208265, 841142
47323579, 48175808, 852229
48294094, 49153293, 859199
49269522, 50291922, 1022400
50413522, 51271237, 857715
51388722, 52235808, 847086
52353865, 53208836, 854971
53327350, 54613637, 1286287
54735122, 55591122, 856000
55708837, 56568265, 859428
56686094, 57692037, 1005943
57822780, 58721294, 898514
58839808, 59692951, 853143
59808722, 60656836, 848114
60774208, 61794437, 1020229
61922323, 62797980, 875657
62916722, 63774665, 857943
63892379, 64743922, 851543
64862322, 66012837, 1150515
66143922, 67061979, 918057
67180037, 68034551, 854514
68151579, 69011236, 859657
69128150, 70165408, 1037258
70287123, 71143808, 856685
71261865, 72115808, 853943
72232722, 73092608, 859886
73210093, 74237865, 1027772
74359237, 75217751, 858514
75335008, 76189179, 854171
76307693, 77163693, 856000
77280493, 78472837, 1192344
78593865, 79464608, 870743
79581179, 80433065, 851886
80551008, 81410665, 859657
81675008, 82599122, 924114
82717065, 83579579, 862514
83697408, 84553636, 856228
84671351, 85674665, 1003314
85801980, 86702208, 900228
86819808, 87681408, 861600
87798894, 88641408, 842514
88756265, 89899465, 1143200
90031694, 90962779, 931085
91080722, 91929179, 848457
92046436, 92903350, 856914
93020150, 94079923, 1059773
94202323, 95044722, 842399
95172151, 96028379, 856228
96147694, 96999808, 852114
97118093, 98156151, 1038058
98277065, 99122894, 845829
99239122, 100094893, 855771
100212608, 101058093, 845485
101176379, 102393865, 1217486
102516037, 103380494, 864457
103499122, 104342094, 842972
104459694, 105319236, 859542
105579580, 106492837, 913257
106615351, 107470779, 855428
107589522, 108438208, 848686
108555008, 109412722, 857714
109671808, 110594208, 922400
110712837, 111568722, 855885
111686437, 112532379, 845942
112649979, 113757408, 1107429
113889294, 114817179, 927885
114932608, 115786665, 854057
115906322, 116763351, 857029
116880950, 117918894, 1037944
118045180, 118915922, 870742
119034094, 119843579, 809485
119972494, 120835808, 863314
120953408, 121987008, 1033600
122108722, 122975351, 866629
123095694, 123953065, 857371
124071122, 124919693, 848571
125038550, 126209523, 1170973
126332837, 127195122, 862285
127314208, 128165065, 850857
128282436, 129127351, 844915
129245065, 130289865, 1044800
130410551, 131261637, 851086
131380494, 132230779, 850285
132348722, 133208722, 860000
133326093, 134368380, 1042287
134487922, 135345179, 857257
135464608, 136314894, 850286
136432265, 137290322, 858057
137408379, 138624037, 1215658
138745294, 139602779, 857485
139721179, 140569293, 848114
140688151, 141694780, 1006629
141826551, 142735808, 909257
142853408, 143705522, 852114
143824379, 144684151, 859772
144801636, 145820037, 1018401
145948608, 146828151, 879543
146946208, 147797865, 851657
147916494, 148770779, 854285
148887579, 150042665, 1155086
150170665, 151041065, 870400
151160151, 152015808, 855657
152133979, 152980379, 846400
153099351, 154161180, 1061829
154282551, 155142551, 860000
155261065, 156120036, 858971
156238779, 157089979, 851200
157208608, 158261294, 1052686
158383694, 159223122, 839428
159339122, 160190551, 851429
160309865, 161171465, 861600
161290551, 162475922, 1185371
162599008, 163457179, 858171
163575465, 164427351, 851886
164546665, 165404722, 858057
165669980, 166588494, 918514
166708037, 167568951, 860914
167688037, 168530665, 842628
168646322, 169622094, 975772
169749408, 170654437, 905029
170776608, 171618436, 841828
172168379, 173129865, 961486
173245750, 174467922, 1222172
174590551, 175447465, 856914
175564608, 176427579, 862971
176545636, 177399922, 854286
177664151, 178581637, 917486
178700722, 179544265, 843543
179660608, 180523465, 862857
180641751, 181639351, 997600
181766551, 182678780, 912229
182796494, 183655008, 858514
183772494, 184634551, 862057
184752036, 185904723, 1152687
186037294, 186957522, 920228
187075465, 187935122, 859657
188053408, 188909293, 855885
189029293, 190086665, 1057372
190209065, 191068265, 859200
191186894, 192036151, 849257
192152836, 193008265, 855429
193125408, 194152951, 1027543
194282322, 195125065, 842743
195242779, 196104951, 862172
196224951, 197086208, 861257
197204836, 198392265, 1187429
198514894, 199383351, 868457
199500151, 200352722, 852571
200471579, 201331808, 860229
201591694, 202519237, 927543
202640037, 203495579, 855542
203613522, 204471579, 858057
204590322, 205449636, 859314
205711008, 206623580, 912572
206741180, 207599122, 857942
207717294, 208571579, 854285
208690665, 209820951, 1130286
209952837, 210894208, 941371
211013179, 211873751, 860572
211991008, 212839693, 848685
212958436, 214002551, 1044115
214122894, 214986322, 863428
215105065, 215962779, 857714
216080951, 216938436, 857485
217056608, 218110780, 1054172
218231580, 219081751, 850171
219199694, 220040722, 841028
220157293, 221001522, 844229
221117750, 222325065, 1207315
222447922, 223319808, 871886
223437637, 224293636, 855999
224412151, 225272379, 860228
225389865, 226437408, 1047543
226558780, 227419579, 860799
227536494, 228387693, 851199
228506436, 229366665, 860229
229627351, 230549408, 922057
230668608, 231526094, 857486
231643237, 232497636, 854399
232616265, 233734094, 1117829
233865751, 234795237, 929486
234912494, 235766779, 854285
235884265, 236736379, 852114
236855008, 237887694, 1032686
238014665, 238880380, 865715
238999808, 239859465, 859657
239976951, 240830779, 853828
240949293, 241986551, 1037258
242107580, 242973179, 865599
243091694, 243943579, 851885
244062322, 244914436, 852114
245030893, 246232380, 1201487
246355351, 247211465, 856114
247327351, 248178322, 850971
248297865, 249156722, 858857
249274322, 250293865, 1019543
250416608, 251279351, 862743
251396837, 252243236, 846399
252361522, 253219922, 858400
253338436, 254386437, 1048001
254509180, 255369179, 859999
255487351, 256347694, 860343
256467465, 258123922, 1656457
258256951, 259135122, 878171
259255465, 260121865, 866400
260239236, 261089179, 849943
261207693, 262260608, 1052915
262381180, 263238665, 857485
263357751, 264216722, 858971
264335236, 265188265, 853029
265307579, 266347694, 1040115
266468265, 267320608, 852343
267439465, 268300722, 861257
268418779, 269275236, 856457
269395008, 270611580, 1216572
270733180, 271585408, 852228
271705179, 272564951, 859772
272683122, 273687808, 1004686
273815694, 274719580, 903886
274837179, 275687351, 850172
275805979, 276664036, 858057
276781979, 277799237, 1017258
277928037, 278813180, 885143
278931237, 279783465, 852228
279902894, 280762665, 859771
280880608, 282025865, 1145257
282157637, 283075694, 918057
283193979, 284053294, 859315
284171465, 285015350, 843885
285131922, 286184151, 1052229
286306894, 287168037, 861143
287286437, 288129522, 843085
288245065, 289096493, 851428
289215236, 290264151, 1048915
290385065, 291237637, 852572
291355808, 292213065, 857257
292331808, 293188722, 856914
293306550, 294582894, 1276344
294706665, 295583808, 877143
295703808, 296565408, 861600
296684379, 297698551, 1014172
297827694, 298733751, 906057
298852494, 299704265, 851771
299823236, 300672722, 849486
300789293, 301808151, 1018858
301937294, 302813865, 876571
302931580, 303781865, 850285
303902094, 304759579, 857485
304878208, 306040037, 1161829
306170322, 307041065, 870743
307160494, 308023351, 862857
308142893, 308993293, 850400
309112950, 310167123, 1054173
310290094, 311147351, 857257
311266437, 312120951, 854514
312240379, 313089408, 849029
313209865, 314252380, 1042515
314373751, 315224951, 851200
315344379, 316201979, 857600
316320151, 317173750, 853599
317293179, 318488265, 1195086
319061980, 320037865, 975885
320158551, 321006208, 847657
321124608, 322168951, 1044343
322291351, 323157751, 866400
323276722, 324131465, 854743
324250893, 325111122, 860229
325230208, 326249980, 1019772
326372265, 327230894, 858629
327349179, 328200836, 851657
328319579, 329177865, 858286
329296493, 330590665, 1294172
330714894, 331564036, 849142
331687351, 332539008, 851657
332658551, 333670551, 1012000
333797751, 334696380, 898629
334812151, 335665408, 853257
335784151, 336643808, 859657
336762094, 337784723, 1022629
337914094, 338801294, 887200
338920265, 339772494, 852229
339891122, 340751693, 860571
340869408, 342011123, 1141715
342143123, 343059237, 916114
343177980, 344033637, 855657
344153179, 345011351, 858172
345129636, 346181980, 1052344
346304951, 347167237, 862286
347285179, 348125408, 840229
348241522, 349096265, 854743
349215465, 350406323, 1190858
350528265, 351396494, 868229
351515237, 352377408, 862171
352495579, 353340265, 844686
353725180, 354682551, 957371
354801751, 355647579, 845828
355765636, 356627922, 862286
356745865, 357769294, 1023429
357899008, 358790094, 891086
358908722, 359763237, 854515
359882094, 360740494, 858400
360858551, 361876265, 1017714
362004951, 362882437, 877486
363001522, 363848951, 847429
363965065, 364804379, 839314
364921293, 366104723, 1183430
366234437, 367106780, 872343
367224722, 368078094, 853372
368197065, 369041293, 844228
369158665, 370205865, 1047200
370328037, 371185179, 857142
371303922, 372159008, 855086
372277065, 373119465, 842400
373235579, 374275123, 1039544
374397180, 375260608, 863428
375378437, 376235351, 856914
376353979, 377214436, 860457
377332379, 378624265, 1291886
378747808, 379607922, 860114
379724722, 380576608, 851886
380695008, 381713065, 1018057
381840723, 382739694, 898971
382856037, 383710551, 854514
383829637, 384690436, 860799
384808265, 385828380, 1020115
385956494, 386835465, 878971
386954208, 387810208, 856000
387929751, 388791122, 861371
388909979, 390092608, 1182629
390222094, 391097865, 875771
391216951, 392075922, 858971
392195351, 393045751, 850400
393163008, 394192494, 1029486
394314665, 395175351, 860686
395293637, 396133751, 840114
396250208, 397090893, 840685
397207693, 398240723, 1033030
398363465, 399221180, 857715
399340379, 400194094, 853715
400312608, 401167922, 855314
401286208, 402562551, 1276343
402685980, 403537179, 851199
403660494, 404522208, 861714
404641751, 405649523, 1007772
405777980, 406688037, 910057
406805865, 407661294, 855429
407779579, 408627236, 847657
408744494, 409751808, 1007314
409881294, 410770551, 889257
410889065, 411742665, 853600
411860151, 412703579, 843428
412819579, 413971465, 1151886
414104151, 415035580, 931429
415154894, 416010437, 855543
416129522, 416974665, 845143
417097751, 418155237, 1057486
418278665, 419140494, 861829
419258322, 420107351, 849029
420226436, 421081408, 854972
421199350, 422227123, 1027773
422348723, 423214094, 865371
423332151, 424188379, 856228
424307694, 425171008, 863314
425289179, 426478894, 1189715
426602208, 427462779, 860571
427581636, 428426093, 844457
428543579, 429404608, 861029
429670094, 430593522, 923428
430712265, 431560265, 848000
431675694, 432509865, 834171
432626322, 433593180, 966858
433721751, 434635008, 913257
434751122, 435605065, 853943
435724151, 436575465, 851314
436692151, 437992037, 1299886
438125751, 439077180, 951429
439194551, 440045865, 851314
440164265, 441020379, 856114
441138208, 442194322, 1056114
442316837, 443167122, 850285
443282894, 444119351, 836457
444235693, 445089179, 853486
445207122, 446242894, 1035772
446363465, 447216494, 853029
447335122, 448191122, 856000
448309294, 449160493, 851199
449278893, 450476722, 1197829
450599465, 451461751, 862286
451581179, 452430093, 848914
452547693, 453412722, 865029
453675808, 454596837, 921029
454717408, 455568037, 850629
455686208, 456535351, 849143
456654551, 457655008, 1000457
457784037, 458684837, 900800
458803122, 459660265, 857143
459779236, 460621979, 842743
460738436, 461863351, 1124915
461997751, 462932837, 935086
463053637, 463907465, 853828
464027579, 464889751, 862172
465435693, 466576494, 1140801
466699580, 467557179, 857599
467674779, 468531122, 856343
468648722, 469651351, 1002629
469777751, 470687922, 910171
470806551, 471665979, 859428
471784722, 472637522, 852800
472757179, 473932494, 1175315
474064722, 474992837, 928115
475111351, 475968151, 856800
476085979, 476940036, 854057
477058665, 478110323, 1051658
478232151, 479085522, 853371
479204494, 480067236, 862742
480184951, 481039351, 854400
481157408, 482207237, 1049829
482328722, 483181408, 852686
483299922, 484143122, 843200
484260836, 485112150, 851314
485229179, 486419237, 1190058
486541065, 487409065, 868000
487526665, 488361751, 835086
488484379, 489337751, 853372
489457293, 490521065, 1063772
490641294, 491495008, 853714
491613522, 492474665, 861143
492591808, 493446322, 854514
493704951, 494630551, 925600
494748951, 495601179, 852228
495719579, 496560151, 840572
496676836, 497789408, 1112572
497920951, 498847237, 926286
498963465, 499816379, 852914
499935008, 500793522, 858514
500912150, 501955351, 1043201
502080151, 502950437, 870286
503068837, 503922551, 853714
504040722, 504899008, 858286
505016836, 506049408, 1032572
506171351, 507024037, 852686
507140494, 508000951, 860457
508119122, 508973750, 854628
509092493, 510304151, 1211658
510426665, 511289179, 862514
511407808, 512263922, 856114
512382094, 513238779, 856685
513357179, 514402551, 1045372
514523351, 515368951, 845600
515485294, 516340722, 855428
516460036, 517318893, 858857
517436950, 518489408, 1052458
518611580, 519472494, 860914
519591579, 520451922, 860343
520569522, 521424379, 854857
522015694, 522955122, 939428
523072951, 523911351, 838400
524027122, 524845408, 818286
524964722, 525992151, 1027429
526112494, 526959922, 847428
527076608, 527898779, 822171
528014665, 528848036, 833371
528964265, 529974894, 1010629
530094437, 530944608, 850171
531060951, 531896036, 835085
532013179, 532850893, 837714
532967465, 534124380, 1156915
534245865, 535095351, 849486
535211122, 536036837, 825715
536152379, 536977293, 824914
537092265, 538125751, 1033486
538247008, 539087008, 840000
539202094, 540033979, 831885
540150665, 540987579, 836914
541101750, 542124265, 1022515
542244380, 543082665, 838285
543197751, 544015008, 817257
544128265, 544959008, 830743
545075008, 546255580, 1180572
546376265, 547220037, 843772
547336037, 548172951, 836914
548288151, 549123122, 834971
549238893, 550272380, 1033487
550391465, 551224494, 833029
551340379, 552173522, 833143
552288151, 553109979, 821828
553228722, 554227808, 999086
554347237, 555168037, 820800
555282208, 556121751, 839543
556237179, 557069065, 831886
557185065, 558368151, 1183086
558487237, 559333522, 846285
559450208, 560285865, 835657
560401179, 561225979, 824800
561341636, 562373980, 1032344
562493865, 563327237, 833372
563443465, 564277065, 833600
564392722, 565209408, 816686
565323465, 566340608, 1017143
566458551, 567291465, 832914
567407351, 568242208, 834857
568357865, 569189636, 831771
569305522, 570552494, 1246972
570672837, 571515808, 842971
571632494, 572467579, 835085
572582893, 573416265, 833372
573684494, 574588494, 904000
574704151, 575521865, 817714
575639579, 576474551, 834972
576592036, 577426208, 834172
577683465, 578578437, 894972
578694551, 579521408, 826857
579636036, 580465293, 829257
580581293, 581409979, 828686
581789751, 582715694, 925943
582830322, 583671008, 840686
583787694, 584624951, 837257
584740265, 585733180, 992915
585860494, 586716037, 855543
586831237, 587668265, 837028
587784494, 588610322, 825828
588723808, 589719465, 995657
589847465, 590720380, 872915
590836951, 591669408, 832457
591785522, 592613408, 827886
592728951, 593832151, 1103200
593964837, 594875694, 910857
594992951, 595817636, 824685
595933294, 596765865, 832571
596881865, 597885751, 1003886
598016951, 598865751, 848800
598982665, 599817637, 834972
599934437, 600768951, 834514
600886093, 601898894, 1012801
602027694, 602876494, 848800
602994894, 603823465, 828571
603938894, 604767236, 828342
604883922, 606008037, 1124115
606139694, 607011008, 871314
607137180, 607968494, 831314
608085522, 608915693, 830171
609032379, 610070322, 1037943
610636722, 611579579, 942857
611694665, 612536608, 841943
612652722, 613634437, 981715
613760723, 614653294, 892571
614769180, 615603008, 833828
615719122, 616549865, 830743
616665408, 617768265, 1102857
617899580, 618807465, 907885
618922322, 619757865, 835543
619873522, 620691808, 818286
620805065, 621769980, 964915
621905294, 622789751, 884457
622906094, 623739922, 833828
623856837, 624693522, 836685
624809522, 625802665, 993143
625929523, 626787922, 858399
626903237, 627725522, 822285
627839236, 628676608, 837372
628792265, 629922437, 1130172
630053523, 630962780, 909257
631079237, 631877408, 798171
632005865, 632849179, 843314
632965408, 633988151, 1022743
634107922, 634947465, 839543
635062665, 635897522, 834857
636013294, 636848722, 835428
636964608, 637978551, 1013943
638099808, 638948837, 849029
639064608, 639899579, 834971
640015922, 640853179, 837257
640968722, 642125637, 1156915
642251808, 643106094, 854286
643222094, 644053179, 831085
644169636, 645005522, 835886
645121293, 646134551, 1013258
646254780, 647094665, 839885
647210094, 648039122, 829028
648155008, 648991808, 836800
649106322, 650104380, 998058
650231237, 651069179, 837942
651187465, 652027579, 840114
652142893, 652973979, 831086
653091122, 654284494, 1193372
654405523, 655250551, 845028
655366894, 656189294, 822400
656304151, 657141979, 837828
657257293, 658271580, 1014287
658392151, 659220494, 828343
659335351, 660163351, 828000
660280722, 661084836, 804114
661213522, 662247123, 1033601
662366665, 663200151, 833486
663316837, 664141979, 825142
664255922, 665084379, 828457
665200951, 666398551, 1197600
666518894, 667363579, 844685
667480836, 668306665, 825829
668421979, 669261522, 839543
669375922, 670408723, 1032801
670528380, 671362779, 834399
671476951, 672309751, 832800
672424494, 673245636, 821142
673360951, 674389065, 1028114
674508037, 675341637, 833600
675458779, 676297408, 838629
676412151, 677236608, 824457
677352150, 678619694, 1267544
678738780, 679579579, 840799
679695465, 680529179, 833714
680644951, 681625180, 980229
681751351, 682638208, 886857
682754094, 683589294, 835200
683705979, 684543351, 837372
684658436, 685626094, 967658
685752265, 686634208, 881943
686747351, 687585522, 838171
687702322, 688537179, 834857
688652494, 689740837, 1088343
689872265, 690779808, 907543
690893751, 691719579, 825828
691835236, 692671808, 836572
692788150, 693792380, 1004230
693919580, 694776722, 857142
694891922, 695717637, 825715
695834094, 696667236, 833142
696781636, 697775123, 993487
697903123, 698765751, 862628
698881408, 699706779, 825371
699822436, 700657293, 834857
700773065, 701901523, 1128458
702033637, 702944494, 910857
703059580, 703882894, 823314
703997751, 704833179, 835428
704948493, 705968151, 1019658
706090665, 706922551, 831886
707036494, 707859808, 823314
707973179, 708788950, 815771
708905179, 709924037, 1018858
710047465, 710887465, 840000
711001865, 711829979, 828114
711945865, 712771351, 825486
712885636, 714036608, 1150972
714168494, 715021979, 853485
715138437, 715974436, 835999
716089751, 716920379, 830628
717037522, 718074094, 1036572
718194323, 719039808, 845485
719157180, 719985408, 828228
720100265, 720931808, 831543
721048151, 722071237, 1023086
722189637, 723021979, 832342
723137751, 723969865, 832114
724085408, 724919465, 834057
725036722, 726226780, 1190058
726346094, 727189637, 843543
727306322, 728142322, 836000
728258894, 729091351, 832457
729207579, 730230780, 1023201
730349522, 731179351, 829829
731295465, 732132836, 837371
732248608, 733901180, 1652572
734033637, 734897865, 864228
735014894, 735847922, 833028
735964151, 736805065, 840914
736920379, 738091580, 1171201
738219237, 739057179, 837942
739170551, 739989179, 818628
740102665, 740940379, 837714
741057865, 742080265, 1022400
742200265, 743022208, 821943
743136037, 743965294, 829257
744082551, 744922208, 839657
745038093, 746048494, 1010401
746168037, 747013179, 845142
747131237, 747971694, 840457
748088151, 748922893, 834742
749040493, 750222437, 1181944
750341751, 751182665, 840914
751299694, 752142322, 842628
752258322, 753088265, 829943
753858208, 754813865, 955657
754929979, 755769865, 839886
755887008, 756714779, 827771
756829179, 757826208, 997029
757953294, 758794437, 841143
758909180, 759752037, 842857
759868379, 760699694, 831315
760816379, 761959351, 1142972
762090665, 762979237, 888572
763093408, 763913979, 820571
764028608, 764871693, 843085
764987465, 766004037, 1016572
766123580, 766962094, 838514
767076722, 767862437, 785715
767989179, 768827236, 838057
768944379, 769946894, 1002515
770069294, 770900608, 831314
771014894, 771850665, 835771
771965979, 772795579, 829600
772911465, 774095351, 1183886
774222437, 775072037, 849600
775188151, 776015694, 827543
776130208, 776962208, 832000
777078779, 778095580, 1016801
778214094, 779057408, 843314
779173294, 779994436, 821142
780107465, 780940379, 832914
781057293, 782091923, 1034630
782211008, 783047465, 836457
783164722, 783985294, 820572
784100951, 784934551, 833600
785050208, 786216608, 1166400
786337637, 787184951, 847314
787300265, 788117865, 817600
788231351, 789059465, 828114
789176150, 790198551, 1022401
790318551, 791148151, 829600
791263465, 792097065, 833600
792212608, 793051808, 839200
793167693, 794190437, 1022744
794311237, 795133179, 821942
795245865, 796081636, 835771
796198779, 797034779, 836000
797148950, 798318437, 1169487
798448151, 799297637, 849486
799415808, 800242208, 826400
800355579, 801186665, 831086
801303465, 802305065, 1001600
802423922, 803248951, 825029
803364265, 804192151, 827886
804305408, 805128493, 823085
805242436, 806256837, 1014401
806376608, 807214208, 837600
807329179, 808127236, 798057
808253065, 809093408, 840343
809211808, 810399580, 1187772
810519580, 811353179, 833599
811469979, 812288722, 818743
812401636, 813214093, 812457
813327808, 814351923, 1024115
814470322, 815293294, 822972
815406779, 816244722, 837943
816361065, 817194322, 833257
817310665, 818330437, 1019772
818447808, 819262094, 814286
819376722, 820219808, 843086
820335579, 821166322, 830743
821283008, 822528608, 1245600
822648951, 823494094, 845143
823611008, 824450094, 839086
824564951, 825380379, 815428
825648837, 826535008, 886171
826653408, 827487351, 833943
827604036, 828441065, 837029
828557408, 829383922, 826514
829641865, 830537065, 895200
830653980, 831492151, 838171
831607694, 832441522, 833828
832558094, 833392951, 834857
833785865, 834702437, 916572
834817065, 835650322, 833257
835764036, 836594779, 830743
836711465, 837701637, 990172
837828037, 838712037, 884000
838828037, 839660837, 832800
839776265, 840607122, 830857
840722322, 841705408, 983086
841833065, 842714665, 881600
842831008, 843666665, 835657
843781408, 844612722, 831314
844728265, 845865637, 1137372
845997980, 846901294, 903314
847016951, 847854437, 837486
847969865, 848794322, 824457
848911122, 849931237, 1020115
850054322, 850900494, 846172
851016494, 851852608, 836114
851968265, 852796036, 827771
852910550, 853924037, 1013487
854047694, 854893751, 846057
855010208, 855841408, 831200
855956379, 856791808, 835429
856908951, 858063922, 1154971
858191808, 859044494, 852686
859161522, 859998436, 836914
860114779, 860944493, 829714
861060150, 862097865, 1037715
862216608, 863042551, 825943
863159008, 863998437, 839429
864114551, 864944608, 830057
865061293, 866089408, 1028115
866208494, 867046779, 838285
867161408, 867993865, 832457
868110093, 868943236, 833143
869057750, 870235808, 1178058
870356951, 871205294, 848343
871319808, 872153979, 834171
872269636, 873100951, 831315
873216379, 874244494, 1028115
874362780, 875200379, 837599
875316951, 876155122, 838171
876271122, 877097293, 826171
877212036, 878235808, 1023772
878355580, 879192722, 837142
879308494, 880140265, 831771
880256265, 881092493, 836228
881208722, 882393065, 1184343
882515122, 883362894, 847772
883477408, 884314665, 837257
884432265, 885267808, 835543
885383693, 886400837, 1017144
886520380, 887356837, 836457
887473751, 888311008, 837257
888427122, 889262436, 835314
889378893, 890405637, 1026744
890526322, 891359579, 833257
891476036, 892299351, 823315
892415693, 893251350, 835657
893366893, 894561637, 1194744
894682894, 895502894, 820000
896044494, 896985751, 941257
897101979, 898142894, 1040915
898263237, 899095808, 832571
899210551, 900040265, 829714
900155922, 900980608, 824686
901094322, 902124608, 1030286
902244037, 903076837, 832800
903192837, 904028608, 835771
904143351, 904971122, 827771
905087465, 906270094, 1182629
906390894, 907236951, 846057
907353865, 908192036, 838171
908307236, 909139350, 832114
909255236, 910279008, 1023772
910397637, 911222665, 825028
911337065, 912158322, 821257
912272608, 913100151, 827543
913217065, 914241637, 1024572
914363122, 915184951, 821829
915303008, 916140036, 837028
916255808, 917092150, 836342
917207808, 918391808, 1184000
918513865, 919352037, 838172
919467694, 920303236, 835542
920418665, 921250208, 831543
921366779, 922399922, 1033143
922518894, 923351237, 832343
923467351, 924298551, 831200
924413751, 925240493, 826742
925356265, 926385523, 1029258
926504951, 927337637, 832686
927453408, 928275236, 821828
928390779, 929227808, 837029
929344493, 930605865, 1261372
930728722, 931576379, 847657
931691465, 932515579, 824114
932631122, 933608608, 977486
933735123, 934629065, 893942
934745751, 935580494, 834743
935696151, 936528494, 832343
936643694, 937619694, 976000
937745408, 938634551, 889143
938750665, 939585636, 834971
939700836, 940535693, 834857
940652265, 941744837, 1092572
941876265, 942785637, 909372
942900494, 943740265, 839771
943855694, 944678779, 823085
944794094, 945792837, 998743
945919123, 946776037, 856914
946892379, 947730322, 837943
947845522, 948680265, 834743
948796150, 949795808, 999658
949923123, 950783008, 859885
950899351, 951737522, 838171
951852265, 952683694, 831429
952800608, 953923923, 1123315
954054780, 954968037, 913257
955083808, 955920608, 836800
956037294, 956862893, 825599
956977179, 958001065, 1023886
958118780, 958952494, 833714
959067808, 959893637, 825829
960007808, 960844265, 836457
960959693, 961950094, 990401
962072494, 962899579, 827085
963012494, 963844494, 832000
963960608, 964788608, 828000
964904150, 966064608, 1160458
966192151, 967044722, 852571
967160951, 967985979, 825028
968101065, 968932493, 831428
969046665, 970060951, 1014286
970180722, 971010322, 829600
971124037, 971942322, 818285
972056036, 972882208, 826172
972998208, 974014665, 1016457
974132265, 974974322, 842057
975091351, 975928494, 837143
976043808, 976871236, 827428
976987922, 978150894, 1162972
978270437, 979120379, 849942
979237865, 980076379, 838514
980192836, 981028265, 835429
981144150, 982166894, 1022744
982285637, 983111351, 825714
983225637, 984053522, 827885
984168379, 984980379, 812000
985094208, 986104837, 1010629
986224494, 987056151, 831657
987172837, 987999694, 826857
988114322, 988948950, 834628
989065065, 990249065, 1184000
990371580, 991211465, 839885
991325408, 992154094, 828686
992268151, 993095922, 827771
993212379, 994239465, 1027086
994360151, 995183579, 823428
995298665, 996134779, 836114
996249065, 997078665, 829600
997194779, 998221751, 1026972
998341065, 999160494, 819429
999273979, 94894, -999179085
212379, 1045865, 833486
1158779, 2369065, 1210286
2488837, 3337294, 848457
3450665, 4280493, 829828
4395122, 5233179, 838057
5347008, 6374780, 1027772
6493408, 7320265, 826857
7433637, 8264608, 830971
8379351, 9203008, 823657
9315808, 10346551, 1030743
10465294, 11279122, 813828
11391808, 12184493, 792685
12311008, 13159922, 848914
13275350, 14440380, 1165030
14559922, 15406322, 846400
15523237, 16362094, 838857
16476722, 17300265, 823543
17414093, 18444608, 1030515
18564494, 19384722, 820228
19496836, 20330208, 833372
20446208, 21277865, 831657
21392150, 22404837, 1012687
22522208, 23356494, 834286
23472722, 24311008, 838286
24425751, 25255922, 830171
25372151, 26646094, 1273943
26767122, 27596036, 828914
27710094, 28529065, 818971
28644951, 29609866, 964915
29736151, 30631465, 895314
30748494, 31585979, 837485
31701294, 32531236, 829942
32647922, 33598208, 950286
33724951, 34622780, 897829
34738208, 35566665, 828457
35683122, 36511693, 828571
36626665, 37713523, 1086858
37845408, 38755808, 910400
38868837, 39704951, 836114
39821294, 40653636, 832342
40768836, 41752151, 983315
42322665, 43270665, 948000
43386551, 44210208, 823657
44325522, 45147465, 821943
45261065, 46497294, 1236229
46618094, 47465294, 847200
47580265, 48420494, 840229
48534665, 49356722, 822057
49759808, 50676037, 916229
50789522, 51619808, 830286
51736265, 52576722, 840457
52691579, 53670551, 978972
53795580, 54678665, 883085
54793637, 55623351, 829714
55739237, 56574779, 835542
56689522, 57666894, 977372
57792151, 58674894, 882743
58789865, 59622779, 832914
59738551, 60579808, 841257
60695236, 61790894, 1095658
61921294, 62827694, 906400
62941522, 63760265, 818743
63873408, 64712951, 839543
64828036, 65826551, 998515
65952837, 66806094, 853257
66921979, 67759465, 837486
67873065, 68703465, 830400
68818436, 69813180, 994744
69939465, 70795465, 856000
70911008, 71746437, 835429
71860722, 72691808, 831086
72807008, 73957865, 1150857
74088265, 74983694, 895429
75097179, 75932608, 835429
76047008, 76877865, 830857
76993293, 78011237, 1017944
78127808, 78970665, 842857
79086780, 79928608, 841828
80043122, 80876836, 833714
80992951, 82008608, 1015657
82126094, 82966437, 840343
83082551, 83911465, 828914
84025979, 84847693, 821714
84962208, 86103237, 1141029
86230323, 87082094, 851771
87196265, 88027008, 830743
88143008, 88979351, 836343
89093979, 90127351, 1033372
90246780, 91080608, 833828
91195122, 92028036, 832914
92143236, 92974208, 830972
93089293, 94110780, 1021487
94229637, 95065065, 835428
95180151, 96018208, 838057
96132036, 96953065, 821029
97071122, 98252380, 1181258
98374780, 99223122, 848342
99338551, 100170093, 831542
100285979, 101118893, 832914
101233522, 102256837, 1023315
102377408, 103205522, 828114
103321522, 104158665, 837143
104274094, 105094551, 820457
105207922, 106231237, 1023315
106351351, 107192379, 841028
107307008, 108128493, 821485
108243236, 109076150, 832914
109194093, 110386437, 1192344
110508608, 111337865, 829257
111452837, 112292494, 839657
112407579, 113239465, 831886
113355693, 114387694, 1032001
114507465, 115340608, 833143
115456494, 116280151, 823657
116395808, 117227922, 832114
117344493, 118371351, 1026858
118490551, 119323122, 832571
119439237, 120272494, 833257
120387579, 121218665, 831086
121334551, 122601294, 1266743
122722665, 123564036, 841371
123680494, 124519236, 838742
124635465, 125612494, 977029
125739351, 126635237, 895886
126751237, 127583922, 832685
127699922, 128535808, 835886
128651808, 129627808, 976000
129755008, 130639694, 884686
130753751, 131572379, 818628
131686094, 132532265, 846171
132647579, 133738780, 1091201
133870551, 134788951, 918400
134903465, 135734322, 830857
135850208, 136677522, 827314
136792151, 137777980, 985829
137904837, 138763465, 858628
138880379, 139711808, 831429
139826322, 140654893, 828571
140771236, 141763580, 992344
141890780, 142750437, 859657
142866208, 143698894, 832686
143814551, 144655008, 840457
144769979, 145914437, 1144458
146046665, 146949294, 902629
147062322, 147879694, 817372
147994094, 148823808, 829714
148941179, 149956723, 1015544
150079351, 150923351, 844000
151040494, 151878094, 837600
151993865, 152826551, 832686
152942779, 153956151, 1013372
154078094, 154924265, 846171
155040951, 155862208, 821257
155975694, 156806550, 830856
156922550, 158074323, 1151773
158200837, 159040951, 840114
159156837, 159988608, 831771
160104494, 160940722, 836228
161055922, 162078437, 1022515
162199580, 163029065, 829485
163143237, 163974665, 831428
164091008, 164923350, 832342
165038893, 166071580, 1032687
166189523, 167028151, 838628
167145180, 167979579, 834399
168094322, 168926208, 831886
169042551, 170220837, 1178286
170341180, 171177865, 836685
171293979, 172133751, 839772
172249408, 173080722, 831314
173197065, 174227808, 1030743
174348494, 175166322, 817828
175280951, 176110094, 829143
176226665, 177049408, 822743
177163122, 178184722, 1021600
178305751, 179142208, 836457
179258094, 180091579, 833485
180209179, 181039808, 830629
181155808, 182331351, 1175543
182453522, 183064837, 611315
183174094, 184432036, 1257942
184555694, 185397179, 841485
185659580, 186562437, 902857
186679694, 187294437, 614743
187403808, 188280036, 876228
188823008, 189979008, 1156000
190106437, 190956380, 849943
191072494, 191895694, 823200
192009522, 192839122, 829600
192955122, 194119580, 1164458
194250094, 195097065, 846971
195212608, 196050436, 837828
196166208, 197004950, 838742
197121636, 198156380, 1034744
198276494, 199115008, 838514
199230551, 200067579, 837028
200183236, 201018093, 834857
201134322, 202169180, 1034858
202288265, 203122437, 834172
203238437, 204071465, 833028
204186093, 205012150, 826057
205127465, 206287923, 1160458
206407008, 207236151, 829143
207349751, 208185065, 835314
208301979, 209136151, 834172
209250551, 210267351, 1016800
210387122, 211227922, 840800
211344037, 212173979, 829942
212290779, 213128150, 837371
213243465, 214256723, 1013258
214377180, 215206665, 829485
215319808, 216155694, 835886
216270551, 217105065, 834514
217220608, 218401408, 1180800
218520837, 219357522, 836685
219475122, 220307351, 832229
220422093, 221252265, 830172
221368836, 222402094, 1033258
222521065, 223352837, 831772
223467808, 224295694, 827886
224410322, 225241522, 831200
225357179, 226383465, 1026286
226502551, 227335694, 833143
227451122, 228276836, 825714
228391922, 229228836, 836914
229343922, 230607580, 1263658
230729294, 231574437, 845143
231689522, 232521865, 832343
232637522, 233615808, 978286
233743694, 234640722, 897028
234757294, 235580379, 823085
235694094, 236527922, 833828
236643351, 237600951, 957600
237727580, 238614894, 887314
238731694, 239572037, 840343
239688151, 240519808, 831657
240637179, 241729523, 1092344
241860151, 242788379, 928228
242904379, 243742322, 837943
243857408, 244688836, 831428
244806322, 245803465, 997143
245930323, 246788380, 858057
246905294, 247733637, 828343
247848951, 248676494, 827543
248793065, 249793180, 1000115
249920151, 250776608, 856457
250892265, 251729065, 836800
251845522, 252679922, 834400
252796836, 253929865, 1133029
254061294, 254964380, 903086
255081180, 255902208, 821028
256017294, 256850894, 833600
256965751, 258294665, 1328914
258427237, 259285865, 858628
259402551, 260240836, 838285
260355693, 261173293, 817600
261286436, 262304380, 1017944
262423237, 263253065, 829828
263369522, 264199922, 830400
264313751, 265145865, 832114
265262322, 266452608, 1190286
266572494, 267414779, 842285
267531351, 268366551, 835200
268482093, 269302322, 820229
269416150, 270447808, 1031658
270568151, 271397979, 829828
271512037, 272343008, 830971
272459351, 273293179, 833828
273408379, 274436151, 1027772
274555808, 275383922, 828114
275497179, 276327808, 830629
276441293, 277270093, 828800
277386893, 278657180, 1270287
278778322, 279611008, 832686
279724837, 280542551, 817714
280655922, 281627808, 971886
281754437, 282644380, 889943
282760494, 283601408, 840914
283717636, 284548151, 830515
284665636, 285634894, 969258
285760265, 286652837, 892572
286768951, 287591237, 822286
287705294, 288541179, 835885
288656722, 289744608, 1087886
289876037, 290782779, 906742
290900608, 291736379, 835771
291853522, 292693979, 840457
292809179, 293809294, 1000115
293936037, 294776837, 840800
294891237, 295723579, 832342
295839922, 296672494, 832572
296788722, 297784037, 995315
297911580, 298769522, 857942
298885179, 299721065, 835886
299836151, 300668493, 832342
300784950, 301918437, 1133487
302050094, 302958665, 908571
303076265, 303915465, 839200
304030551, 304863693, 833142
304980608, 305998437, 1017829
306117294, 306945408, 828114
307060265, 307882779, 822514
307996722, 308820493, 823771
308933408, 309945408, 1012000
310067694, 310913522, 845828
311030780, 311866322, 835542
311982094, 312812494, 830400
312929293, 314071122, 1141829
314198437, 315044037, 845600
315159237, 315979008, 819771
316092722, 316916608, 823886
317033979, 318053523, 1019544
318174437, 319022208, 847771
319139008, 319968951, 829943
320085294, 320918779, 833485
321035808, 322071351, 1035543
322190322, 323025065, 834743
323142437, 323971122, 828685
324087351, 324918550, 831199
325035008, 326219008, 1184000
326340265, 327184722, 844457
327301637, 328133865, 832228
328250094, 329078436, 828342
329193636, 330222322, 1028686
330343008, 331182208, 839200
331298094, 332135465, 837371
332695122, 333821637, 1126515
333949637, 334811694, 862057
334928608, 335762779, 834171
335878208, 336696036, 817828
336808608, 337952380, 1143772
338084608, 338991351, 906743
339107237, 339938551, 831314
340054094, 340895465, 841371
341011579, 342022894, 1011315
342141523, 342983122, 841599
343098780, 343928265, 829485
344045065, 344875693, 830628
344990551, 346005637, 1015086
346125065, 346970779, 845714
347086208, 347920151, 833943
348035922, 348872493, 836571
348987008, 350317637, 1330629
350438665, 351290208, 851543
351407237, 352247236, 839999
352362665, 353193522, 830857
353309865, 354346437, 1036572
354465980, 355298551, 832571
355415122, 356246893, 831771
356361865, 357192722, 830857
357307579, 358333980, 1026401
358453522, 359283008, 829486
359397979, 360223351, 825372
360339122, 361175008, 835886
361290322, 362454322, 1164000
362574551, 363408151, 833600
363521751, 364358551, 836800
364473865, 365295122, 821257
365408722, 366438437, 1029715
366559122, 367378208, 819086
367491579, 368325865, 834286
368442551, 369279808, 837257
369395465, 370416151, 1020686
370534437, 371369637, 835200
371486779, 372323693, 836914
372439351, 373274436, 835085
373390665, 374661294, 1270629
374782780, 375389637, 606857
375499351, 376505865, 1006514
376624836, 377601523, 976687
377727465, 378612151, 884686
378727237, 379548379, 821142
379663008, 380497979, 834971
380612722, 381577294, 964572
381704265, 382588608, 884343
382702665, 383544379, 841714
383660722, 384490436, 829714
384607351, 385616265, 1008914
385830894, 386741637, 910743
386855808, 387692951, 837143
387808608, 388641636, 833028
388758208, 389743808, 985600
389871351, 390735808, 864457
390851237, 391686665, 835428
391801522, 392634779, 833257
392750665, 393732723, 982058
393861637, 394717865, 856228
394832837, 395673636, 840799
395788951, 396621636, 832685
396738208, 397847008, 1108800
397979694, 398882094, 902400
398995922, 399824037, 828115
399939237, 400758322, 819085
400870893, 401872608, 1001715
401999694, 402848265, 848571
402963465, 403797979, 834514
403913979, 404746208, 832229
404863350, 405862665, 999315
405989065, 406836722, 847657
406953408, 407773865, 820457
407887351, 408723236, 835885
408839351, 409972951, 1133600
410104265, 410992608, 888343
411107465, 411940836, 833371
412056494, 412882436, 825942
412996836, 414013408, 1016572
414131808, 414967465, 835657
415081522, 415914094, 832572
416030779, 416872951, 842172
416989293, 418006780, 1017487
418124494, 418950094, 825600
419064379, 419895922, 831543
420011008, 420837865, 826857
420953750, 422094551, 1140801
422222094, 423074780, 852686
423189865, 424022208, 832343
424137979, 424975008, 837029
425089751, 426128151, 1038400
426248265, 427085865, 837600
427201751, 428033636, 831885
428148836, 428971236, 822400
429085408, 430114437, 1029029
430234437, 431070665, 836228
431187237, 432019465, 832228
432135351, 432967122, 831771
433083693, 434265865, 1182172
434386894, 435233179, 846285
435349294, 436177065, 827771
436293179, 437127465, 834286
437242893, 438537751, 1294858
438658780, 439501408, 842628
439617065, 440447122, 830057
440562665, 441400265, 837600
441664837, 442564722, 899885
442682665, 443521294, 838629
443638208, 444471465, 833257
444588036, 445429636, 841600
445814780, 446750780, 936000
446867122, 447687808, 820686
447803579, 448641865, 838286
448757408, 449752037, 994629
449881180, 450748494, 867314
450866094, 451686094, 820000
451801179, 452636151, 834972
452751922, 453731694, 979772
453859465, 454726208, 866743
454842437, 455666437, 824000
455779237, 456615236, 835999
456729979, 457835237, 1105258
457966437, 458881408, 914971
458997179, 459819236, 822057
459935122, 460772493, 837371
460888379, 461904723, 1016344
462031923, 462864837, 832914
462980951, 463819808, 838857
463936265, 464767579, 831314
464885408, 465881180, 995772
466012837, 466863579, 850742
466980608, 467816722, 836114
467933065, 468757293, 824228
468871922, 470001637, 1129715
470132723, 471033180, 900457
471150094, 471979237, 829143
472094551, 472915693, 821142
473031579, 474050322, 1018743
474169522, 475013865, 844343
475569979, 476532608, 962629
476648836, 477619008, 970172
477745751, 478641180, 895429
478757408, 479576379, 818971
479690779, 480519351, 828572
480633522, 481730665, 1097143
481861637, 482772722, 911085
482885979, 483716722, 830743
483832836, 484669065, 836229
484784836, 485778208, 993372
485905637, 486759351, 853714
486872951, 487706779, 833828
487822779, 488653636, 830857
488768151, 489750894, 982743
489879351, 490746437, 867086
490862665, 491683122, 820457
491797294, 492631122, 833828
492745979, 493865751, 1119772
493997523, 494909751, 912228
495026208, 495862551, 836343
495978094, 496809865, 831771
496925636, 497940494, 1014858
498063008, 498890665, 827657
499004037, 499838322, 834285
499955465, 500788722, 833257
500903579, 501898437, 994858
502020494, 502864151, 843657
502981065, 503819122, 838057
503934094, 504764951, 830857
504880722, 506011808, 1131086
506143008, 507041408, 898400
507158665, 507993865, 835200
508111236, 508904150, 792914
509033750, 510064837, 1031087
510184494, 511031808, 847314
511148494, 511969408, 820914
512083694, 512921636, 837942
513037636, 514045865, 1008229
514166094, 515012951, 846857
515129865, 515966322, 836457
516083465, 516920036, 836571
517035922, 518215351, 1179429
518337180, 519190094, 852914
519305637, 520133636, 827999
520250094, 521087008, 836914
521201636, 522227694, 1026058
522348037, 523176037, 828000
523291008, 524129865, 838857
524245179, 525073636, 828457
525188836, 526214551, 1025715
526334094, 527171122, 837028
527286322, 528120836, 834514
528237294, 529064951, 827657
529178322, 530347351, 1169029
530469294, 531300379, 831085
531414436, 532233636, 819200
532348036, 533181065, 833029
533295808, 534298094, 1002286
534417980, 535255922, 837942
535370894, 536203808, 832914
536320836, 537163351, 842515
537277522, 538279237, 1001715
538399237, 539234094, 834857
539350094, 540172722, 822628
540286665, 541119579, 832914
541235465, 542414894, 1179429
542534894, 543376951, 842057
543491922, 544330094, 838172
544445179, 545268379, 823200
545381636, 546410094, 1028458
546530437, 547366322, 835885
547481636, 548316608, 834972
548432493, 549266893, 834400
549381979, 550400608, 1018629
550523465, 551342437, 818972
551456837, 552289294, 832457
552405408, 553244379, 838971
553359465, 554635008, 1275543
554757637, 555598665, 841028
555713408, 556543008, 829600
556659122, 557635465, 976343
557761065, 558646322, 885257
558761637, 559591122, 829485
559706894, 560543922, 837028
560658779, 561632608, 973829
561758551, 562642094, 883543
562756722, 563578779, 822057
563693179, 564533293, 840114
564649751, 565742323, 1092572
565873751, 566784608, 910857
566899008, 567730894, 831886
567848265, 568687008, 838743
568803122, 569797637, 994515
569925294, 570770779, 845485
570884722, 571721522, 836800
571838094, 572672379, 834285
572789636, 573790323, 1000687
573917408, 574765522, 848114
574881751, 575710894, 829143
575825294, 576643236, 817942
576756836, 577880494, 1123658
578012723, 578926779, 914056
579042665, 579872836, 830171
579989522, 580831579, 842057
580947579, 581948608, 1001029
582071123, 582915008, 843885
583032151, 583868151, 836000
583984151, 584815694, 831543
584932151, 585944380, 1012229
586065522, 586907237, 841715
587023694, 587865636, 841942
587980151, 588810779, 830628
588927122, 590087123, 1160001
590213523, 591062665, 849142
591178437, 592016494, 838057
592131236, 592953408, 822172
593068608, 594101637, 1033029
594221637, 595054551, 832914
595170894, 596004036, 833142
596118551, 596944493, 825942
597061065, 598079580, 1018515
598198208, 599044037, 845829
599159922, 599985179, 825257
600100494, 600935351, 834857
601050893, 602239465, 1188572
602360608, 603212037, 851429
603328494, 604160608, 832114
604278436, 605115693, 837257
605232036, 606246323, 1014287
606367351, 607193408, 826057
607308608, 608141636, 833028
608257179, 609094551, 837372
609211008, 610235351, 1024343
610356265, 611182437, 826172
611297408, 612124036, 826628
612239808, 613076493, 836685
613193408, 614368837, 1175429
614492037, 615335465, 843428
615453294, 616292722, 839428
616409522, 617244608, 835086
618112494, 619103694, 991200
619222322, 620052494, 830172
620169522, 620994208, 824686
621108722, 622136494, 1027772
622257065, 623095122, 838057
623210437, 624041979, 831542
624157979, 624992265, 834286
625107579, 626289637, 1182058
626412037, 627257637, 845600
627372608, 628194779, 822171
628307579, 629137979, 830400
629254665, 630277751, 1023086
630397865, 631223008, 825143
631336608, 632171465, 834857
632288151, 633124265, 836114
633239693, 634255008, 1015315
634375351, 635214437, 839086
635330437, 636164722, 834285
636280951, 637115808, 834857
637230665, 638413065, 1182400
638534780, 639364722, 829942
639480265, 640314665, 834400
640430665, 641266322, 835657
641381751, 642431351, 1049600
642553294, 643391579, 838285
643507351, 644342208, 834857
644458779, 645295922, 837143
645411922, 646439694, 1027772
646560037, 647392379, 832342
647507237, 648337294, 830057
648454208, 649287579, 833371
649403465, 650662780, 1259315
650782322, 651626894, 844572
651743465, 652570665, 827200
652684836, 653663351, 978515
653788837, 654662322, 873485
654777294, 655615694, 838400
655731808, 656564151, 832343
656679694, 657660037, 980343
657785294, 658665065, 879771
658781294, 659617408, 836114
659732265, 660563922, 831657
660679922, 661780037, 1100115
661910894, 662826780, 915886
662943922, 663785865, 841943
663901408, 664734665, 833257
664850894, 665851923, 1001029
665979351, 666827237, 847886
666943694, 667784151, 840457
667898779, 668726093, 827314
668841636, 669844037, 1002401
669971580, 670823465, 851885
670940380, 671759351, 818971
671873637, 672698894, 825257
672813636, 673937637, 1124001
674068837, 674981179, 912342
675097294, 675931236, 833942
676048379, 676876608, 828229
676991579, 678008951, 1017372
678128951, 678977751, 848800
679092608, 679924608, 832000
680041408, 680864265, 822857
680978551, 681993065, 1014514
682112037, 682953179, 841142
683069751, 683907465, 837714
684022665, 684854550, 831885
684971350, 686138780, 1167430
686257751, 687096494, 838743
687212151, 688046208, 834057
688162208, 688988379, 826171
689103922, 690139237, 1035315
690259008, 691087579, 828571
691202779, 692035351, 832572
692151122, 692982208, 831086
693097750, 694129180, 1031430
694249180, 695084951, 835771
695201522, 696039008, 837486
696153979, 696987236, 833257
697103808, 698282780, 1178972
698403122, 699248379, 845257
699364951, 700204608, 839657
700320836, 701149636, 828800
701264950, 702287923, 1022973
702406094, 703230780, 824686
703345637, 704169979, 824342
704286322, 705116951, 830629
705231808, 706247465, 1015657
706367808, 707204379, 836571
707320151, 708154893, 834742
708271579, 709098093, 826514
709216836, 710406665, 1189829
710528380, 711364037, 835657
711481865, 712316722, 834857
712433979, 713257293, 823314
713372151, 714407580, 1035429
714526894, 715355579, 828685
715471579, 716305065, 833486
716419693, 717254550, 834857
717370550, 718400265, 1029715
718520837, 719360722, 839885
719476951, 720309751, 832800
720426436, 721261979, 835543
721376722, 722650551, 1273829
722772837, 723619008, 846171
723734322, 724557979, 823657
724675693, 725661065, 985372
725787465, 726677065, 889600
726792151, 727622894, 830743
727739351, 728572722, 833371
728687122, 729669294, 982172
729796951, 730679351, 882400
730795694, 731628494, 832800
731744494, 733068836, 1324342
733205979, 734581065, 1375086
734701294, 735544265, 842971
735661294, 736499579, 838285
736615694, 737440151, 824457
737708837, 738607122, 898285
738723465, 739557751, 834286
739674322, 740509522, 835200
740625522, 741596723, 971201
741721980, 742623694, 901714
742739122, 743535351, 796229
743663237, 744507465, 844228
744622551, 745444722, 822171
745829294, 746742894, 913600
746858551, 747688036, 829485
747803694, 748638322, 834628
748754779, 749756380, 1001601
749883808, 750747008, 863200
750864037, 751702665, 838628
751817294, 752645179, 827885
752761636, 753739237, 977601
753867923, 754736837, 868914
754852379, 755669636, 817257
755784151, 756604951, 820800
756720608, 757821408, 1100800
757954208, 758870665, 916457
758987922, 759820379, 832457
759937751, 760767465, 829714
760887236, 761916608, 1029372
762475237, 763438894, 963657
763556494, 764376951, 820457
764490322, 765322550, 832228
765589294, 766481637, 892343
766599808, 767440379, 840571
767555465, 768378894, 823429
768495008, 769332493, 837485
769718894, 770634894, 916000
770751237, 771588494, 837257
771704951, 772535693, 830742
772651465, 773621980, 970515
773748608, 774639122, 890514
774754208, 775579808, 825600
775695922, 776521865, 825943
776636951, 777460379, 823428
777718437, 778614551, 896114
778730551, 779560722, 830171
779677179, 780514322, 837143
780629865, 781709180, 1079315
781840837, 782752494, 911657
782864951, 783680037, 815086
783793408, 784629179, 835771
784745065, 785724494, 979429
785853065, 786728037, 874972
786842665, 787662094, 819429
787775236, 788606551, 831315
788722665, 789710551, 987886
789837180, 790718322, 881142
790835122, 791660722, 825600
791774322, 792611351, 837029
792727236, 793821065, 1093829
793952951, 794853979, 901028
794966551, 795801636, 835085
795917979, 796751465, 833486
796865865, 797871465, 1005600
797997751, 798853751, 856000
798969294, 799802208, 832914
799917522, 800749408, 831886
800864951, 801866208, 1001257
801993980, 802847351, 853371
802963579, 803777294, 813715
803890665, 804722436, 831771
804839236, 805964837, 1125601
806096837, 807004037, 907200
807120951, 807951808, 830857
808068379, 808903236, 834857
809018665, 810033294, 1014629
810152265, 810994437, 842172
811110437, 811934665, 824228
812050894, 812852036, 801142
812978550, 814002094, 1023544
814130437, 814975580, 845143
815092151, 815926551, 834400
816042894, 816868493, 825599
816982893, 818125294, 1142401
818244494, 819068379, 823885
819183237, 820014894, 831657
820130208, 820942665, 812457
821056836, 822067008, 1010172
822184723, 822999351, 814628
823113522, 823928037, 814515
824041065, 824857636, 816571
824973293, 825990894, 1017601
826111351, 826951351, 840000
827067465, 827904722, 837257
828021636, 828854550, 832914
828970893, 830109637, 1138744
830236723, 831085408, 848685
831201751, 832039351, 837600
832153751, 832967808, 814057
833081979, 834053751, 971772
834188151, 835022894, 834743
835141865, 835968036, 826171
836083008, 836921065, 838057
837037065, 838034551, 997486
838152951, 838992265, 839314
839106894, 839938322, 831428
840054779, 840893636, 838857
841009408, 842170551, 1161143
842292151, 843139579, 847428
843255008, 844049408, 794400
844176836, 845024608, 847772
845141636, 846150437, 1008801
846278094, 847112037, 833943
847228837, 848068036, 839199
848183922, 849017522, 833600
849133179, 850149180, 1016001
850269294, 851113751, 844457
851230322, 852058894, 828572
852174093, 853008722, 834629
853123465, 854304837, 1181372
854425751, 855268494, 842743
855384265, 856216151, 831886
856332722, 857170322, 837600
857288836, 858310780, 1021944
858430551, 859264379, 833828
859378779, 860209522, 830743
860325408, 861162550, 837142
861277750, 862292265, 1014515
862412494, 863255579, 843085
863371237, 864205179, 833942
864321294, 865157179, 835885
865272151, 866518322, 1246171
866640151, 867477522, 837371
867592494, 868421751, 829257
868538208, 869376950, 838742
869645980, 870532608, 886628
870648265, 871486094, 837829
871601179, 872431808, 830629
872548494, 873385293, 836799
873641980, 874535122, 893142
874650208, 875471351, 821143
875585294, 876423236, 837942
876539122, 877356722, 817600
877742894, 878659694, 916800
878774208, 879612494, 838286
879728037, 880562322, 834285
880679122, 881670323, 991201
881796837, 882676265, 879428
882792951, 883627808, 834857
883743008, 884567922, 824914
884683122, 885664037, 980915
885790665, 886670437, 879772
886786437, 887620837, 834400
887736037, 888558779, 822742
888673636, 889759580, 1085944
889891694, 890815237, 923543
890931922, 891754779, 822857
891868951, 892692722, 823771
892810093, 893810551, 1000458
893938323, 894781180, 842857
894895922, 895716151, 820229
895832722, 896654665, 821943
896769179, 897770780, 1001601
897900265, 898761637, 861372
898879351, 899707122, 827771
899824379, 900657979, 833600
900774779, 901912265, 1137486
902044723, 902943351, 898628
903056951, 903890094, 833143
904424265, 905360608, 936343
905628151, 906528837, 900686
906645865, 907479694, 833829
907594779, 908421408, 826629
908537065, 909374436, 837371
909635237, 910519008, 883771
910634208, 911456037, 821829
911569979, 912408151, 838172
912523465, 913355922, 832457
913765751, 914706894, 941143
914821751, 915647694, 825943
915763808, 916589065, 825257
916704151, 917690894, 986743
917817637, 918699122, 881485
918814894, 919647237, 832343
919762779, 920598894, 836115
920714208, 921691351, 977143
921818780, 922694894, 876114
922809751, 923630094, 820343
923747922, 924575122, 827200
924691008, 925801980, 1110972
925933980, 926850322, 916342
926967008, 927802894, 835886
927918094, 928741751, 823657
928857294, 929865980, 1008686
929993065, 930840151, 847086
930956951, 931797408, 840457
931913522, 932747236, 833714
932863922, 933874551, 1010629
934001180, 934847580, 846400
934963465, 935795008, 831543
935910322, 936743351, 833029
936860036, 937994894, 1134858
938126322, 939027922, 901600
939144951, 939977636, 832685
940092151, 940922779, 830628
941038779, 942087923, 1049144
942205751, 943049522, 843771
943166665, 944003237, 836572
944118894, 944950893, 831999
945065979, 946101408, 1035429
946221408, 947053522, 832114
947166894, 947989751, 822857
948105179, 948931008, 825829
949046322, 950222094, 1175772
950342437, 951179580, 837143
951294208, 952126436, 832228
952242208, 953071008, 828800
953186779, 954216380, 1029601
954335580, 955159122, 823542
955272951, 956105636, 832685
956222436, 957047465, 825029
957165522, 958192265, 1026743
958314208, 959144037, 829829
959259808, 960080836, 821028
960195008, 961015808, 820800
961130436, 962311694, 1181258
962433294, 963275237, 841943
963391922, 964229522, 837600
964345408, 965180036, 834628
965296150, 966323694, 1027544
966442437, 967264151, 821714
967377294, 968207922, 830628
968324722, 969165408, 840686
969281751, 970289865, 1008114
970410094, 971242551, 832457
971359122, 972191122, 832000
972308265, 973144722, 836457
973260150, 974438322, 1178172
974559351, 975398322, 838971
975513065, 976343922, 830857
976460379, 977295579, 835200
977410893, 978460608, 1049715
978579922, 979420265, 840343
979534894, 980357065, 822171
980470551, 981304379, 833828
981421636, 982454094, 1032458
982572951, 983410094, 837143
983525522, 984352722, 827200
984467465, 985301979, 834514
985418093, 986687008, 1268915
986809408, 987647351, 837943
987761865, 988598551, 836686
988713522, 989693865, 980343
989820037, 990709980, 889943
990825294, 991657065, 831771
991774094, 992599808, 825714
992714665, 993710665, 996000
993837865, 994706665, 868800
994823008, 995659808, 836800
995775694, 996610093, 834399
996727122, 997847923, 1120801
997980380, 998891237, 910857
999007008, 999835237, 828229
999951237, 789636, -999161601
905751, 1931580, 1025829
2051694, 2904151, 852457
3019237, 3838779, 819542
3953294, 4788379, 835085
4902665, 5918437, 1015772
6039008, 6849980, 810972
6976951, 7820951, 844000
7936951, 8775922, 838971
8891008, 10046894, 1155886
10174322, 11028151, 853829
11143694, 11982551, 838857
12097522, 12928493, 830971
13044379, 14082780, 1038401
14201408, 15039465, 838057
15155465, 15992379, 836914
16106894, 16932265, 825371
17047008, 18078780, 1031772
18197751, 19033065, 835314
19148265, 19970551, 822286
20085408, 20919693, 834285
21034550, 22191008, 1156458
22310894, 23161294, 850400
23277751, 24115236, 837485
24229294, 25046436, 817142
25160379, 26188837, 1028458
26307922, 27128494, 820572
27242665, 28078665, 836000
28193979, 29024722, 830743
29141065, 30168151, 1027086
30287008, 31109751, 822743
31224837, 32050094, 825257
32168151, 33005979, 837828
33120151, 34290665, 1170514
34411808, 35260037, 848229
35375808, 36195236, 819428
36309293, 37139693, 830400
37256722, 38276837, 1020115
38395008, 39221522, 826514
39337065, 40163236, 826171
40279008, 41109865, 830857
41225522, 42245065, 1019543
42365522, 43198779, 833257
43313522, 44144951, 831429
44260951, 45098893, 837942
45213979, 46393065, 1179086
46514894, 47354665, 839771
47470665, 48303579, 832914
48417179, 49249979, 832800
49365636, 50428037, 1062401
50550208, 51386551, 836343
51939922, 52885636, 945714
53000836, 54034665, 1033829
54152265, 54993637, 841372
55109637, 55951237, 841600
56065979, 56900036, 834057
57015579, 58253522, 1237943
58374094, 59231465, 857371
59345637, 60168379, 822742
60283351, 61116036, 832685
61229979, 62241637, 1011658
62360494, 63202322, 841828
63317751, 64149179, 831428
64264722, 65099693, 834971
65214551, 66233065, 1018514
66351922, 67187465, 835543
67302779, 68124036, 821257
68237636, 69061750, 824114
69176950, 70377294, 1200344
70496722, 71341179, 844457
71456379, 72282094, 825715
72397179, 73234551, 837372
73348836, 74384265, 1035429
74503237, 75319922, 816685
75432494, 76266893, 834399
76381979, 77216036, 834057
77329865, 78341865, 1012000
78460151, 79296951, 836800
79411808, 80243465, 831657
80359694, 81199579, 839885
81314322, 82556265, 1241943
82678322, 83530208, 851886
83645751, 84467579, 821828
84584836, 85421979, 837143
85689408, 86595465, 906057
86710665, 87545294, 834629
87661979, 88503922, 841943
88618436, 89439579, 821143
89699923, 90598780, 898857
90715808, 91543694, 827886
91657179, 92491465, 834286
92605865, 93602666, 996801
93817751, 94727808, 910057
94846437, 95689065, 842628
95805408, 96640036, 834628
96756151, 97760037, 1003886
97886551, 98749294, 862743
98865179, 99697179, 832000
99811122, 100642893, 831771
100758322, 101759580, 1001258
101887923, 102747922, 859999
102864951, 103700265, 835314
103814665, 104643236, 828571
104759236, 105883923, 1124687
106015694, 106915694, 900000
107031808, 107856379, 824571
107970665, 108803922, 833257
108920036, 109926894, 1006858
110049180, 110899122, 849942
111014894, 111848951, 834057
111964837, 112802094, 837257
112918322, 113933865, 1015543
114055922, 114903465, 847543
115020379, 115859008, 838629
115975236, 116806436, 831200
116922665, 118067008, 1144343
118194894, 119039351, 844457
119155580, 119991808, 836228
120106894, 120929751, 822857
121047236, 122026894, 979658
122160608, 122999237, 838629
123116037, 123956608, 840571
124072036, 124900608, 828572
125016379, 126031237, 1014858
126148837, 126994665, 845828
127112151, 127952608, 840457
128068722, 128898208, 829486
129014208, 130202094, 1187886
130321637, 131170094, 848457
131286665, 132120036, 833371
132235236, 133067465, 832229
133183236, 134213294, 1030058
134333065, 135156265, 823200
135270437, 136106208, 835771
136222665, 137057065, 834400
137173979, 138196380, 1022401
138318322, 139143008, 824686
139260837, 140095579, 834742
140211922, 141046893, 834971
141162436, 142340494, 1178058
142461065, 143305522, 844457
143421522, 144256036, 834514
144373751, 145204265, 830514
145319465, 146340608, 1021143
146459808, 147296151, 836343
147410779, 148239236, 828457
148356151, 149183922, 827771
149298779, 150323465, 1024686
150444037, 151285065, 841028
151401179, 152236494, 835315
152353979, 153157636, 803657
153284836, 154466780, 1181944
154588151, 155428608, 840457
155545065, 156381636, 836571
156496608, 157331465, 834857
157447350, 158481065, 1033715
158599808, 159425065, 825257
159539808, 160375351, 835543
160492036, 161324722, 832686
161441522, 162467922, 1026400
162586208, 163415808, 829600
163532379, 164364951, 832572
164479008, 165308722, 829714
165424722, 166611922, 1187200
166732494, 167566208, 833714
167683008, 168519922, 836914
168635236, 169607008, 971772
169733751, 170610780, 877029
170729751, 171555122, 825371
171671922, 172492608, 820686
172607236, 173440950, 833714
173697408, 174593865, 896457
174710665, 175549637, 838972
175665179, 176497065, 831886
176613522, 177712951, 1099429
177844494, 178756722, 912228
178871808, 179708265, 836457
179822779, 180645636, 822857
180758208, 181754780, 996572
181882094, 182746437, 864343
182863694, 183688608, 824914
183805294, 184640836, 835542
184756379, 185750665, 994286
185878437, 186746665, 868228
186863122, 187694322, 831200
187811008, 188420493, 609485
188723122, 189873751, 1150629
190006551, 190907122, 900571
191021180, 191839237, 818057
191954208, 192785979, 831771
192902893, 193920037, 1017144
194042780, 194884494, 841714
195001408, 195835922, 834514
195952379, 196787465, 835086
197323465, 198444380, 1120915
198565751, 199390322, 824571
199505522, 200327922, 822400
200441522, 201285179, 843657
201400836, 202676151, 1275315
202797065, 203643922, 846857
203759351, 204595122, 835771
204711579, 205709523, 997944
205836951, 206706780, 869829
206823808, 207663579, 839771
207777865, 208610436, 832571
208727008, 209721865, 994857
209848723, 210718437, 869714
210835008, 211631465, 796457
211759579, 212608379, 848800
212725522, 213836723, 1111201
213968265, 214885522, 917257
215001865, 215840951, 839086
215956722, 216785065, 828343
216901636, 217925523, 1023887
218048837, 218895579, 846742
219012837, 219840608, 827771
219954551, 220776493, 821942
220891465, 221880951, 989486
222007923, 222861980, 854057
222977294, 223809294, 832000
223925637, 224754551, 828914
224870322, 225985180, 1114858
226116265, 227020494, 904229
227136837, 227970779, 833942
228086551, 228919122, 832571
229034208, 230077751, 1043543
230197294, 231028951, 831657
231143922, 231979694, 835772
232097065, 232928722, 831657
233046208, 234078208, 1032000
234197180, 235035922, 838742
235152837, 235989522, 836685
236105522, 236935350, 829828
237051122, 238219465, 1168343
238340037, 239180037, 840000
239296151, 240134665, 838514
240250094, 241084379, 834285
241200151, 242230322, 1030171
242349065, 243173522, 824457
243289408, 244123922, 834514
244239008, 245074436, 835428
245190550, 246219465, 1028915
246338780, 247175351, 836571
247291922, 248126322, 834400
248240951, 249072951, 832000
249190436, 250384037, 1193601
250504151, 251334894, 830743
251449065, 252269408, 820343
252387008, 253221065, 834057
253338093, 254315237, 977144
254441865, 255292151, 850286
255409294, 256249179, 839885
256365865, 257198779, 832914
257313979, 258343922, 1029943
258463922, 259734208, 1270286
259860036, 260711351, 851315
260827693, 261968837, 1141144
262101180, 263003008, 901828
263117751, 263939922, 822171
264056151, 264892036, 835885
265008951, 266024608, 1015657
266143465, 266988837, 845372
267105179, 267941522, 836343
268057408, 268893522, 836114
269009522, 270025408, 1015886
270143008, 270986894, 843886
271103465, 271942779, 839314
272057865, 272892493, 834628
273008722, 274188265, 1179543
274307237, 275146322, 839085
275262208, 276096493, 834285
276211579, 277045293, 833714
277160493, 278211580, 1051087
278330551, 279166665, 836114
279282208, 280118094, 835886
280233636, 281055351, 821715
281169408, 282190551, 1021143
282311922, 283151694, 839772
283267122, 284107122, 840000
284224493, 285045750, 821257
285160379, 286342551, 1182172
286463351, 287303808, 840457
287419579, 288242665, 823086
288356951, 289193751, 836800
289309865, 290334094, 1024229
290453865, 291294208, 840343
291410894, 292229751, 818857
292343579, 293177522, 833943
293293408, 294318665, 1025257
294436494, 295262208, 825714
295378094, 296204379, 826285
296318665, 297154436, 835771
297271236, 298446322, 1175086
298566208, 299407579, 841371
299524036, 300355351, 831315
300470779, 301301293, 830514
301417522, 302436494, 1018972
302555465, 303392151, 836686
303507922, 304337751, 829829
304454208, 305290322, 836114
305404951, 306428494, 1023543
306548380, 307389408, 841028
307504836, 308335808, 830972
308452151, 309289522, 837371
309404608, 310663351, 1258743
310784608, 311632037, 847429
311746779, 312570094, 823315
312684265, 313646665, 962400
313773408, 314648722, 875314
314763694, 315593179, 829485
315708836, 316538436, 829600
316652836, 317633865, 981029
317758780, 318641751, 882971
318756951, 319586894, 829943
319703808, 320536951, 833143
320651694, 321728494, 1076800
321859694, 322775122, 915428
322891922, 323719122, 827200
323833294, 324654208, 820914
324768150, 325769408, 1001258
325897637, 326756151, 858514
326872151, 327710322, 838171
327827122, 328659351, 832229
328774779, 329769294, 994515
329896494, 330760837, 864343
330877294, 331716722, 839428
331832151, 332658665, 826514
332775350, 333905751, 1130401
334037980, 334935237, 897257
335050208, 335887351, 837143
336003122, 336832265, 829143
336948722, 337974665, 1025943
338095465, 338935694, 840229
339052837, 339888265, 835428
340004494, 340831465, 826971
341389408, 342504380, 1114972
342623465, 343469408, 845943
343584722, 344416722, 832000
344532951, 345370436, 837485
345768837, 346704037, 935200
346821408, 347659579, 838171
347775008, 348595922, 820914
348710436, 349799923, 1089487
349931694, 350839237, 907543
350952265, 351768379, 816114
351881979, 352696722, 814743
352811808, 353804494, 992686
353932265, 354789637, 857372
354905979, 355724265, 818286
355837751, 356673179, 835428
356789636, 357926208, 1136572
358058094, 358947808, 889714
359063008, 359886665, 823657
360000608, 360834322, 833714
360950093, 361972837, 1022744
362092494, 362924837, 832343
363039237, 363873408, 834171
363990779, 364827579, 836800
364942779, 365952608, 1009829
366075008, 366922437, 847429
367037865, 367864608, 826743
367980379, 368814665, 834286
368930093, 370083237, 1153144
370211008, 371059122, 848114
371174779, 372001179, 826400
372115351, 372955922, 840571
373071236, 374107008, 1035772
374226437, 375055922, 829485
375170437, 376012379, 841942
376128036, 376947808, 819772
377066665, 378103580, 1036915
378225065, 379068494, 843429
379184494, 380011579, 827085
380127808, 380956265, 828457
381071236, 382235351, 1164115
382357637, 383208951, 851314
383322894, 384145522, 822628
384259122, 385095236, 836114
385211236, 386242094, 1030858
386360151, 387177637, 817486
387296494, 388126322, 829828
388242893, 389067693, 824800
389181865, 390192380, 1010515
390312837, 391149637, 836800
391265751, 392096836, 831085
392211694, 393039008, 827314
393151922, 394326551, 1174629
394447580, 395292151, 844571
395407351, 396238893, 831542
396355122, 397189979, 834857
397305065, 398323808, 1018743
398443237, 399279351, 836114
399394208, 400228151, 833943
400344379, 401184151, 839772
401299808, 402322094, 1022286
402442437, 403268379, 825942
403382551, 404202322, 819771
404317179, 405144836, 827657
405259922, 406433294, 1173372
406554322, 407399579, 845257
407514094, 408343008, 828914
408459808, 409290208, 830400
409406893, 410440722, 1033829
410560037, 411389522, 829485
411506208, 412328036, 821828
412442893, 413261979, 819086
413377522, 414397523, 1020001
414519694, 415350779, 831085
415464608, 416297751, 833143
416412608, 417234322, 821714
417348379, 418612037, 1263658
418734779, 419581179, 846400
419698322, 420528151, 829829
420644836, 421622437, 977601
421747923, 422628380, 880457
422744265, 423574894, 830629
423690779, 424513751, 822972
424628151, 425599008, 970857
425726094, 426614894, 888800
426730437, 427569979, 839542
427686551, 428521179, 834628
428637522, 429730551, 1093029
429860837, 430767237, 906400
430880380, 431694779, 814399
431809637, 432641294, 831657
432757065, 433752608, 995543
433879123, 434745408, 866285
434862322, 435701751, 839429
435816379, 436635808, 819429
436750093, 437985637, 1235544
438118437, 439027008, 908571
439143008, 439968037, 825029
440083694, 440919008, 835314
441033179, 442194551, 1161372
442316265, 443157065, 840800
443271922, 444087693, 815771
444201293, 445018779, 817486
445132379, 446169751, 1037372
446290551, 447130551, 840000
447245179, 448081522, 836343
448197408, 449033293, 835885
449148836, 450175580, 1026744
450296380, 451133751, 837371
451248608, 452078551, 829943
452195008, 453032493, 837485
453147808, 454309180, 1161372
454428380, 455257408, 829028
455370894, 456202779, 831885
456318894, 457157522, 838628
457273179, 458309294, 1036115
458428951, 459266094, 837143
459380951, 460212722, 831771
460329522, 461149750, 820228
461265408, 462286551, 1021143
462405980, 463238894, 832914
463354779, 464190208, 835429
464305522, 465140036, 834514
465256036, 466439808, 1183772
466560037, 467395694, 835657
467511694, 468341179, 829485
468455579, 469291808, 836229
469407008, 470433294, 1026286
470553751, 471390437, 836686
471506208, 472335236, 829028
472452036, 473292151, 840115
473407579, 474423122, 1015543
474543694, 475369637, 825943
475486665, 476321522, 834857
476437751, 477268836, 831085
477386093, 478638437, 1252344
478759694, 479602322, 842628
479721408, 480564036, 842628
480680151, 481660380, 980229
481786551, 482672494, 885943
482789294, 483620722, 831428
484184608, 485117636, 933028
485232265, 486255237, 1022972
486374780, 487208380, 833600
487324722, 488156951, 832229
488272836, 489111008, 838172
489227122, 490413751, 1186629
490535237, 491383008, 847771
491497408, 492333408, 836000
492448493, 493283350, 834857
493399579, 494419351, 1019772
494539008, 495377865, 838857
495494551, 496333179, 838628
496448494, 497281522, 833028
497398208, 498421180, 1022972
498540151, 499373179, 833028
499489522, 500327236, 837714
500442665, 501275465, 832800
501390550, 502648608, 1258058
502770322, 503612037, 841715
503728037, 504559579, 831542
504673636, 505653865, 980229
505780837, 506665637, 884800
506781408, 507612836, 831428
507729065, 508567465, 838400
508683922, 509665180, 981258
509792494, 510673294, 880800
510789065, 511623465, 834400
511739808, 512577751, 837943
512692494, 513796837, 1104343
513928380, 514847922, 919542
514964151, 515799351, 835200
515916265, 516744493, 828228
516858779, 517858437, 999658
517985408, 518836837, 851429
518953408, 519789294, 835886
519904608, 520737408, 832800
520853179, 521851465, 998286
521977637, 522823808, 846171
522940494, 523772722, 832228
523886894, 524709065, 822171
524823008, 525955808, 1132800
526087923, 526991694, 903771
527107580, 527939122, 831542
528054894, 528888036, 833142
529003008, 530021980, 1018972
530140722, 530989979, 849257
531106551, 531926208, 819657
532043351, 532878436, 835085
532996493, 534000037, 1003544
534118437, 534944722, 826285
535059237, 535891808, 832571
536006208, 536835808, 829600
536951236, 538108037, 1156801
538228037, 539079122, 851085
539195351, 540032836, 837485
540147351, 540981750, 834399
541098665, 542129865, 1031200
542250437, 543085751, 835314
543202094, 544025751, 823657
544140951, 544963579, 822628
545079236, 546096951, 1017715
546215694, 547058551, 842857
547174779, 548006436, 831657
548123236, 548960036, 836800
549075579, 550254780, 1179201
550377751, 551226094, 848343
551342208, 552159579, 817371
552273636, 553107122, 833486
553223808, 554233865, 1010057
554352037, 555182551, 830514
555298894, 556139465, 840571
556254208, 557086436, 832228
557202779, 558186665, 983886
558316380, 558960380, 644000
559072151, 561868723, 2796572
562004608, 562918894, 914286
563031694, 563866208, 834514
563981408, 564816836, 835428
564932608, 565949980, 1017372
566072951, 566924722, 851771
567040494, 567874322, 833828
567991122, 568831122, 840000
568944951, 569962551, 1017600
570084265, 570931351, 847086
571046779, 571880494, 833715
571995922, 572835236, 839314
572950322, 574108151, 1157829
574235465, 575073865, 838400
575187465, 576024608, 837143
576140722, 576971236, 830514
577087122, 578121294, 1034172
578240151, 579071237, 831086
579184494, 580006551, 822057
580120493, 580951808, 831315
581067465, 582074094, 1006629
582201408, 583035694, 834286
583153065, 583995694, 842629
584110436, 584931465, 821029
585044379, 586210551, 1166172
586332265, 587178551, 846286
587293294, 588124608, 831314
588241408, 589076608, 835200
589192036, 590221637, 1029601
590342665, 591183465, 840800
591298894, 592129294, 830400
592245522, 593080265, 834743
593195122, 594213294, 1018172
594332951, 595154779, 821828
595269408, 596106436, 837028
596220493, 597057179, 836686
597173979, 598359008, 1185029
598480151, 599321065, 840914
599437522, 600273065, 835543
600388608, 601222322, 833714
601339008, 602358437, 1019429
602482780, 603321637, 838857
603438094, 604264608, 826514
604380151, 605214550, 834399
605329750, 606354208, 1024458
606473865, 607305065, 831200
607420151, 608258208, 838057
608375579, 609210779, 835200
609326551, 610580037, 1253486
610701637, 611537636, 835999
611652494, 612492951, 840457
612608608, 613443236, 834628
613715351, 614612380, 897029
614729408, 615565065, 835657
615681522, 616517065, 835543
616634208, 617608494, 974286
617734894, 618616037, 881143
618733751, 619566322, 832571
619681979, 620513865, 831886
620631122, 621721523, 1090401
621853865, 622772722, 918857
622889408, 623728037, 838629
623843351, 624674436, 831085
624792379, 625792037, 999658
625919808, 626778665, 858857
626895579, 627683808, 788229
628265979, 629219693, 953714
629341065, 630381065, 1040000
630500265, 631322894, 822629
631437294, 632261979, 824685
632376494, 633208036, 831542
633323351, 634613180, 1289829
634734322, 635576379, 842057
635692494, 636530551, 838057
636645636, 637621294, 975658
637746894, 638630094, 883200
638743122, 639580608, 837486
639696837, 640532722, 835885
640648379, 641617637, 969258
641742894, 642623122, 880228
642736608, 643567808, 831200
643684722, 644524951, 840229
644640379, 645728265, 1087886
645859351, 646790437, 931086
646906208, 647729865, 823657
647843351, 648676494, 833143
648793065, 649798323, 1005258
649926094, 650785408, 859314
650902551, 651740494, 837943
651855922, 652673179, 817257
652788150, 653788494, 1000344
653916494, 654773065, 856571
654889408, 655720608, 831200
655836151, 656671236, 835085
656787579, 657919580, 1132001
658051465, 658955922, 904457
659072837, 659908151, 835314
660022551, 660851693, 829142
660968379, 661989065, 1020686
662106437, 662937980, 831543
663050551, 663877637, 827086
663993751, 664830322, 836571
664945065, 665961523, 1016458
666083694, 666932837, 849143
667048265, 667875465, 827200
667991008, 668813636, 822628
668927922, 670076608, 1148686
670202665, 671054780, 852115
671171465, 672008722, 837257
672123465, 672945179, 821714
673060951, 674096608, 1035657
674214780, 675052037, 837257
675168494, 676001522, 833028
676117293, 676939350, 822057
677053750, 678086894, 1033144
678206323, 679054894, 848571
679170894, 680000494, 829600
680117179, 680944493, 827314
681059008, 682240951, 1181943
682363580, 683210551, 846971
683327008, 684135808, 808800
684264608, 685097750, 833142
685215350, 686246437, 1031087
686365523, 687196265, 830742
687312608, 688140608, 828000
688255351, 689093865, 838514
689209751, 690233294, 1023543
690353294, 691178437, 825143
691295579, 692125865, 830286
692240036, 693071236, 831200
693187465, 694370094, 1182629
694490780, 695333408, 842628
695449979, 696283122, 833143
696398322, 697229293, 830971
697345522, 698380380, 1034858
698499808, 699327351, 827543
699440494, 700275351, 834857
700390551, 701225065, 834514
701340608, 702376951, 1036343
702498551, 703329065, 830514
703444722, 704281294, 836572
704396036, 705223579, 827543
705339922, 706612608, 1272686
706733979, 707575122, 841143
707691008, 708525979, 834971
708641293, 709613637, 972344
709739008, 710633294, 894286
710749637, 711590894, 841257
711706665, 712542208, 835543
712657751, 713587465, 929714
713721180, 714607580, 886400
714722551, 715548608, 826057
715664722, 716499236, 834514
716614665, 717614323, 999658
717829751, 718751465, 921714
718864494, 719700608, 836114
719816037, 720647008, 830971
720763465, 721775580, 1012115
721902780, 722762665, 859885
722879465, 723713065, 833600
723828951, 724657865, 828914
724773293, 725773637, 1000344
725900951, 726759694, 858743
726876380, 727710322, 833942
727825751, 728649179, 823428
728762094, 729891923, 1129829
730023923, 730922437, 898514
731035351, 731869065, 833714
731985294, 733415122, 1429828
733695808, 734616037, 920229
734734780, 735577751, 842971
735692722, 736524722, 832000
736641294, 737614551, 973257
737739580, 738623580, 884000
738740379, 739575694, 835315
739691579, 740525979, 834400
740642208, 741738094, 1095886
741868608, 742798094, 929486
742914894, 743754094, 839200
743870894, 744710322, 839428
744825408, 745816037, 990629
745944380, 746801637, 857257
746916837, 747751236, 834399
747867351, 748701179, 833828
748817065, 749801065, 984000
749927808, 750788608, 860800
750905180, 751741865, 836685
751857294, 752686551, 829257
752801865, 753934208, 1132343
754066208, 754981065, 914857
755096037, 755927351, 831314
756044151, 756877408, 833257
756993750, 758020151, 1026401
758138780, 758981637, 842857
759097865, 759932608, 834743
760048494, 760880493, 831999
760996722, 762012837, 1016115
762132722, 762960037, 827315
763075122, 763911465, 836343
764028265, 764863122, 834857
764979579, 766145065, 1165486
766264723, 767111237, 846514
767228951, 768050665, 821714
768165408, 769003693, 838285
769118893, 770159122, 1040229
770280380, 771114437, 834057
771229865, 772062894, 833029
772618665, 773744380, 1125715
773873523, 774732722, 859199
774846665, 775682551, 835886
775798894, 776624379, 825485
776738322, 777870551, 1132229
778002894, 778910779, 907885
779027465, 779862094, 834629
779977636, 780812722, 835086
780928493, 781932380, 1003887
782055580, 782904722, 849142
783020951, 783857408, 836457
783974208, 784808151, 833943
784923236, 785903465, 980229
786038551, 786897865, 859314
787014779, 787849865, 835086
787966208, 788793522, 827314
788913408, 790057980, 1144572
790186665, 791043237, 856572
791158665, 791987008, 828343
792102779, 792931465, 828686
793045636, 794058322, 1012686
794177751, 795022665, 844914
795137979, 795967579, 829600
796083465, 796919693, 836228
797034322, 798066894, 1032572
798187123, 799031580, 844457
799147351, 799973865, 826514
800090094, 800923922, 833828
801039236, 802197522, 1158286
802317751, 803170208, 852457
803285637, 804117179, 831542
804233865, 805068722, 834857
805184950, 806216380, 1031430
806337637, 807170551, 832914
807287122, 808119694, 832572
808236379, 809049065, 812686
809175922, 810203465, 1027543
810324722, 811159694, 834972
811275808, 812110551, 834743
812226436, 813061179, 834743
813178208, 814357294, 1179086
814477865, 815320837, 842972
815438551, 816043351, 604800
816151579, 818774779, 2623200
818896151, 819738436, 842285
819854322, 820693522, 839200
820808493, 821809408, 1000915
821937065, 822797065, 860000
822913294, 823742551, 829257
823859808, 824690208, 830400
824804722, 825979808, 1175086
826111237, 827019579, 908342
827135579, 827961408, 825829
828078779, 828899579, 820800
829012836, 830027123, 1014287
830146780, 830976951, 830171
831090551, 831922322, 831771
832038894, 832871236, 832342
832984722, 833997980, 1013258
834116837, 834963237, 846400
835079579, 835910551, 830972
836025865, 836846322, 820457
836959693, 838103123, 1143430
838230094, 839079351, 849257
839196951, 840018665, 821714
840133522, 840966893, 833371
841082208, 842109637, 1027429
842229865, 843073637, 843772
843188037, 844022551, 834514
844139008, 844974893, 835885
845089865, 846107351, 1017486
846227808, 847053980, 826172
847167694, 848000837, 833143
848117294, 848951351, 834057
849066436, 850206894, 1140458
850327580, 851169522, 841942
851284037, 852114551, 830514
852231236, 853067008, 835772
853182550, 854212608, 1030058
854333065, 855158094, 825029
855271922, 856098894, 826972
856215008, 857048608, 833600
857163465, 858186665, 1023200
858306894, 859143579, 836685
859259237, 860096836, 837599
860212379, 861046093, 833714
861162208, 862340265, 1178057
862459808, 863300494, 840686
863416494, 864252722, 836228
864366894, 865191579, 824685
865306779, 866338208, 1031429
866456837, 867280722, 823885
867396608, 868234665, 838057
868349636, 869180036, 830400
869296608, 870297751, 1001143
870416037, 871241294, 825257
871356379, 872189751, 833372
872306208, 873142551, 836343
873258208, 874436837, 1178629
874559237, 875403465, 844228
875518779, 876348379, 829600
876464036, 877298322, 834286
877413179, 878426094, 1012915
878545294, 879383122, 837828
879498894, 880330665, 831771
880447236, 881281065, 833829
881396036, 882409865, 1013829
882529522, 883369637, 840115
883485751, 884315922, 830171
884432036, 885266322, 834286
885381865, 886635465, 1253600
886758894, 887610665, 851771
887726894, 888554665, 827771
888670894, 889655008, 984114
889780723, 890667351, 886628
890783922, 891624494, 840572
891738779, 892568265, 829486
892684608, 893669751, 985143
893796380, 894680608, 884228
894797522, 895634665, 837143
895750779, 896586665, 835886
896702322, 897809408, 1107086
897939808, 898849751, 909943
898964837, 899804265, 839428
899919579, 900739465, 819886
900853865, 901857408, 1003543
901984380, 902830208, 845828
902946780, 903768151, 821371
903884722, 904718894, 834172
904834322, 905840380, 1006058
905968608, 906805294, 836686
906918551, 907755922, 837371
907873408, 908711808, 838400
908827350, 909954894, 1127544
910087694, 910991122, 903428
911107694, 911929979, 822285
912044037, 912874779, 830742
912991465, 914014323, 1022858
914132722, 914975008, 842286
915092379, 915927236, 834857
916489636, 917419808, 930172
917687123, 918588151, 901028
918703351, 919537522, 834171
919653751, 920488265, 834514
920603922, 921437293, 833371
921832151, 922763922, 931771
922880151, 923716379, 836228
923831808, 924663922, 832114
924779693, 925770208, 990515
925898551, 926760380, 861829
926877065, 927712837, 835772
927827922, 928646094, 818172
928759694, 929757065, 997371
929884151, 930741979, 857828
930855008, 931694436, 839428
931810208, 932640265, 830057
932756151, 933881980, 1125829
934014094, 934912608, 898514
935026665, 935859351, 832686
935974779, 936803351, 828572
936921065, 937939008, 1017943
938062437, 938894894, 832457
939009979, 939848608, 838629
939964836, 940796722, 831886
940913179, 941931465, 1018286
942052723, 942898322, 845599
943014894, 943834665, 819771
943953179, 944788722, 835543
944904608, 946061751, 1157143
946188380, 947042322, 853942
947158094, 947988379, 830285
948104722, 948943236, 838514
949059465, 950087694, 1028229
950206894, 951035922, 829028
951150437, 951984037, 833600
952099351, 952923808, 824457
953038551, 954069637, 1031086
954188837, 955022551, 833714
955138665, 955967122, 828457
956081979, 956913179, 831200
957028493, 958202665, 1174172
958325637, 959176837, 851200
959291694, 960124836, 833142
960240951, 961075351, 834400
961190779, 962205637, 1014858
962323694, 963164379, 840685
963281179, 964121865, 840686
964237293, 965066893, 829600
965183693, 966212265, 1028572
966332494, 967152380, 819886
967266551, 968094665, 828114
968208608, 969040036, 831428
969156265, 970332151, 1175886
970452608, 971294665, 842057
971411008, 972249979, 838971
972364722, 973202208, 837486
973319579, 974353523, 1033944
974471694, 975302779, 831085
975418665, 976240494, 821829
976355351, 977189865, 834514
977305065, 978326208, 1021143
978446551, 979285294, 838743
979400494, 980221636, 821142
980335122, 981168836, 833714
981285293, 982456951, 1171658
982575580, 983413637, 838057
983529637, 984362779, 833142
984478665, 985310436, 831771
985426665, 986462665, 1036000
986581980, 987406551, 824571
987522894, 988357179, 834285
988472036, 989299465, 827429
989415922, 990436265, 1020343
990553522, 991373637, 820115
991491465, 992328608, 837143
992446894, 993286208, 839314
993401522, 994669637, 1268115
994792151, 995630665, 838514
995744951, 996580836, 835885
996696493, 997673408, 976915
997800494, 998685865, 885371
998801980, 999623694, 821714
999737522, 569636, -999167886
686779, 1658780, 972001
1784151, 2676037, 891886
2789865, 3622894, 833029
3738436, 4573522, 835086
4688493, 5786208, 1097715
5916608, 6824837, 908229
6937065, 7771351, 834286
7887122, 8722551, 835429
8836722, 9835237, 998515
9961408, 10802665, 841257
10915008, 11745751, 830743
11862208, 12685408, 823200
12799693, 13789751, 990058
13918208, 14778437, 860229
14892151, 15723579, 831428
15839237, 16670436, 831199
16784379, 17872608, 1088229
18006780, 18917294, 910514
19034894, 19875122, 840228
19989522, 20822893, 833371
20937408, 21945980, 1008572
22068494, 22905522, 837028
23020494, 23847351, 826857
23962551, 24793751, 831200
24907236, 25903237, 996001
26024951, 26874094, 849143
26989979, 27822551, 832572
27937522, 28768493, 830971
28882093, 30027123, 1145030
30157180, 31040151, 882971
31152380, 31987922, 835542
32104036, 32927008, 822972
33040036, 34057294, 1017258
34176151, 35014094, 837943
35129637, 35962779, 833142
36076951, 36907236, 830285
37023236, 38034323, 1011087
38151808, 38995922, 844114
39111351, 39941408, 830057
40055808, 40879693, 823885
40994893, 42155922, 1161029
42276265, 43122437, 846172
43238779, 44072036, 833257
44186665, 45016150, 829485
45132493, 46157294, 1024801
46276151, 47110551, 834400
47225522, 48056836, 831314
48173179, 49000493, 827314
49116265, 50133408, 1017143
50259580, 51098437, 838857
51215008, 52036608, 821600
52152379, 52756722, 604343
53052836, 54250780, 1197944
54371351, 55214094, 842743
55329637, 56162665, 833028
56277294, 57108493, 831199
57223808, 58250094, 1026286
58369408, 59199808, 830400
59316037, 60116493, 800456
60243579, 61080265, 836686
61196608, 62225523, 1028915
62345637, 63178322, 832685
63712951, 64661522, 948571
64779008, 65928494, 1149486
66059465, 66961865, 902400
67077522, 67899351, 821829
68013294, 68850208, 836914
68965408, 69986894, 1021486
70105865, 70937294, 831429
71051008, 71889294, 838286
72004379, 72828836, 824457
72942093, 73952151, 1010058
74072837, 74913408, 840571
75029294, 75867122, 837828
75982551, 76801979, 819428
76916265, 78051351, 1135086
78180837, 79016494, 835657
79131694, 79968951, 837257
80083808, 80913751, 829943
81028951, 82067922, 1038971
82186322, 83031694, 845372
83147465, 83976836, 829371
84092722, 84923350, 830628
85038322, 86042665, 1004343
86160723, 87002780, 842057
87117751, 87949865, 832114
88064379, 88892265, 827886
89005979, 90159122, 1153143
90278780, 91110551, 831771
91227922, 92067122, 839200
92182322, 93021179, 838857
93135465, 94170780, 1035315
94289865, 95126094, 836229
95241979, 96077065, 835086
96191694, 97013522, 821828
97126208, 98156151, 1029943
98275580, 99112037, 836457
99225751, 100036722, 810971
100154322, 100987008, 832686
101103693, 102280608, 1176915
102401523, 103243008, 841485
103357408, 104184722, 827314
104299465, 105129751, 830286
105245522, 106264151, 1018629
106383237, 107214665, 831428
107330779, 108168722, 837943
108283236, 109114208, 830972
109230208, 110245408, 1015200
110364151, 111195237, 831086
111311579, 112147808, 836229
112262551, 113094322, 831771
113210436, 114396037, 1185601
114515808, 115353865, 838057
115467008, 116286208, 819200
116401408, 117230322, 828914
117347122, 118371465, 1024343
118489865, 119326551, 836686
119442322, 120276608, 834286
120392722, 121217408, 824686
121331693, 122360494, 1028801
122479808, 123310094, 830286
123426094, 124252493, 826399
124367351, 125191465, 824114
125304493, 126468837, 1164344
126589751, 127420494, 830743
127534894, 128369065, 834171
128484151, 129317179, 833028
129432951, 130466665, 1033714
130585980, 131411351, 825371
131527236, 132364608, 837372
132480836, 133314093, 833257
133430665, 134455465, 1024800
134575237, 135395122, 819885
135509408, 136334094, 824686
136447808, 137288951, 841143
137404608, 138660494, 1255886
138784379, 139618551, 834172
139733751, 140567579, 833828
140684608, 141660608, 976000
141787465, 142654894, 867429
142773637, 143593522, 819885
143709294, 144529408, 820114
144643351, 145621980, 978629
145747237, 146639465, 892228
146756037, 147592722, 836685
147708608, 148543465, 834857
148660493, 149748494, 1088001
149879580, 150781637, 902057
150896037, 151718208, 822171
151831808, 152666094, 834286
152781865, 153783008, 1001143
153911123, 154772265, 861142
154888151, 155710665, 822514
155824151, 156656951, 832800
156772722, 157773637, 1000915
157901180, 158764380, 863200
158881065, 159703808, 822743
159817865, 160653408, 835543
160769294, 161899580, 1130286
162031694, 162943922, 912228
163059922, 163884151, 824229
163999122, 164818665, 819543
164932722, 165948723, 1016001
166071580, 166919237, 847657
167035922, 167871351, 835429
167986894, 168827694, 840800
168944036, 169948265, 1004229
170072265, 170908722, 836457
171024265, 171856722, 832457
171972036, 172808150, 836114
172924265, 174087123, 1162858
174214551, 175049065, 834514
175162551, 175981751, 819200
176095922, 176929065, 833143
177045865, 178066322, 1020457
178185065, 179028608, 843543
179144722, 179980151, 835429
180095693, 180932036, 836343
181049065, 182106437, 1057372
182225294, 183062894, 837600
183179465, 184015579, 836114
184131008, 184955122, 824114
185068722, 186245637, 1176915
186367008, 187216151, 849143
187331351, 188161179, 829828
188277065, 189108493, 831428
189222893, 190235808, 1012915
190354665, 191194551, 839886
191310437, 192126322, 815885
192239465, 193062093, 822628
193178893, 194202094, 1023201
194321751, 195138208, 816457
195256837, 196089979, 833142
196208379, 197048493, 840114
197165979, 198341408, 1175429
198464951, 199311922, 846971
199429408, 200259922, 830514
200376951, 201215693, 838742
201331122, 202361294, 1030172
202481408, 203311351, 829943
203428494, 204256722, 828228
204372265, 205191922, 819657
205309065, 206332723, 1023658
206451008, 207281294, 830286
207397979, 208240494, 842515
208790779, 210068037, 1277258
210196837, 211035008, 838171
211149408, 211996379, 846971
212112151, 212945293, 833142
213062208, 214091351, 1029143
214211694, 215048151, 836457
215163922, 215995922, 832000
216110436, 216943808, 833372
217059579, 218091580, 1032001
218209865, 219046551, 836686
219162894, 219998208, 835314
220113408, 220945065, 831657
221060836, 222230094, 1169258
222351237, 223193180, 841943
223308265, 224151236, 842971
224265522, 225097751, 832229
225213979, 226243808, 1029829
226363465, 227194665, 831200
227310208, 228143693, 833485
228258322, 229085522, 827200
229200722, 230224037, 1023315
230343351, 231176837, 833486
231292151, 232130208, 838057
232246208, 233077293, 831085
233192722, 234375122, 1182400
234494780, 235336951, 842171
235453065, 236289293, 836228
236404951, 237235579, 830628
237351922, 238383008, 1031086
238503351, 239341751, 838400
239456265, 240288608, 832343
240404265, 241233979, 829714
241348608, 242374437, 1025829
242495237, 243326779, 831542
243441751, 244273179, 831428
244389522, 245218665, 829143
245334093, 246599465, 1265372
246722780, 247568379, 845599
247682779, 248515922, 833143
248631808, 249615923, 984115
249740723, 250632037, 891314
250748379, 251584836, 836457
251700265, 252534893, 834628
252650893, 253645980, 995087
253773865, 254657180, 883315
254772951, 255607922, 834971
255723808, 256560151, 836343
256675236, 257759808, 1084572
257891008, 258795579, 904571
258908722, 259737979, 829257
259853179, 261129636, 1276457
261255350, 262294551, 1039201
262414551, 263244608, 830057
263359694, 264194779, 835085
264311579, 265141179, 829600
265256836, 266273408, 1016572
266392494, 267214437, 821943
267327237, 268158551, 831314
268275122, 269110093, 834971
269225636, 270411237, 1185601
270533865, 271380265, 846400
271495694, 272330436, 834742
272446322, 273282208, 835886
273397979, 274424837, 1026858
274544951, 275381751, 836800
275497408, 276329751, 832343
276445522, 277285750, 840228
277400265, 278428608, 1028343
278549294, 279389408, 840114
279505637, 280330208, 824571
280443922, 281276608, 832686
281392379, 282654665, 1262286
282774894, 283615808, 840914
283732608, 284571236, 838628
284686665, 285664265, 977600
285790894, 286668494, 877600
286783237, 287604608, 821371
287718322, 288557408, 839086
288673179, 289656151, 982972
289783351, 290664608, 881257
290780494, 291600379, 819885
291716836, 292546436, 829600
292661065, 293741980, 1080915
293873523, 294793294, 919771
294909065, 295738437, 829372
295854322, 296689522, 835200
296804608, 297799008, 994400
297927808, 298788722, 860914
298904722, 299743579, 838857
299858665, 300693408, 834743
300809979, 301803351, 993372
301930437, 302787008, 856571
302904380, 303742894, 838514
303858437, 304687465, 829028
304803008, 305932494, 1129486
306062665, 306971465, 908800
307087808, 307908722, 820914
308023236, 308853179, 829943
308969636, 309978323, 1008687
310096837, 310940722, 843885
311056151, 311886665, 830514
312002551, 312831236, 828685
312946551, 313952151, 1005600
314074437, 314924379, 849942
315040151, 315871351, 831200
315987808, 316825636, 837828
316942322, 318094551, 1152229
318222208, 319075808, 853600
319191922, 320016379, 824457
320131694, 320964836, 833142
321080493, 322096608, 1016115
322214437, 323043008, 828571
323158437, 323982094, 823657
324098436, 324931008, 832572
325046779, 326051580, 1004801
326170894, 327014551, 843657
327130665, 327947808, 817143
328064151, 328895122, 830971
329013636, 330172265, 1158629
330292151, 331129408, 837257
331244951, 332084951, 840000
332199808, 333036722, 836914
333152722, 334187694, 1034972
334306894, 335139008, 832114
335255694, 336081865, 826171
336196722, 337027808, 831086
337144608, 338171465, 1026857
338291580, 339112379, 820799
339226894, 340052036, 825142
340169065, 341003008, 833943
341118322, 342295008, 1176686
342417523, 343265637, 848114
343381865, 344203236, 821371
344317979, 345145636, 827657
345262208, 346281180, 1018972
346400494, 347227694, 827200
347343579, 348166893, 823314
348282322, 349112036, 829714
349228036, 350511122, 1283086
350632380, 351478779, 846399
352018208, 352972836, 954628
353092036, 354277294, 1185258
354398437, 355249294, 850857
355364494, 356198208, 833714
356313865, 357120950, 807085
357247008, 358272380, 1025372
358391580, 359217751, 826171
359333522, 360167236, 833714
360281751, 361107122, 825371
361223008, 362234665, 1011657
362351922, 363188037, 836115
363304837, 364128265, 823428
364242436, 365065979, 823543
365179808, 366360380, 1180572
366480722, 367283579, 802857
367411465, 368253522, 842057
368371236, 369197065, 825829
369315008, 370356494, 1041486
370476608, 371304265, 827657
371419236, 372252836, 833600
372369065, 373192379, 823314
373310322, 374342208, 1031886
374462780, 375298779, 835999
375415008, 376251236, 836228
376366894, 377200151, 833257
377316493, 378585751, 1269258
378707008, 379540036, 833028
379653408, 380476265, 822857
380589408, 381422093, 832685
381687808, 382576265, 888457
382691465, 383514208, 822743
383629179, 384460836, 831657
384575465, 385404036, 828571
385661865, 386560265, 898400
386676037, 387500151, 824114
387613636, 388430779, 817143
388543579, 389371579, 828000
389759694, 390679008, 919314
390791465, 391606322, 814857
391720037, 392555008, 834971
392672836, 393612494, 939658
393744951, 394643580, 898629
394760837, 395599008, 838171
395714551, 396537408, 822857
396650893, 397625980, 975087
397751580, 398636037, 884457
398750094, 399566894, 816800
399680951, 400496836, 815885
400612265, 401443008, 830743
401823237, 402759008, 935771
402874208, 403705065, 830857
403821522, 404656036, 834514
404771236, 405768837, 997601
405897294, 406757637, 860343
406874094, 407707808, 833714
407824037, 408660951, 836914
408777294, 409766551, 989257
409895008, 410757979, 862971
410874437, 411691694, 817257
411806094, 412646779, 840685
412760722, 413877523, 1116801
414009637, 414922894, 913257
415039465, 415875579, 836114
415992837, 416821636, 828799
416936722, 417957865, 1021143
418079694, 418907694, 828000
419021751, 419853751, 832000
419968036, 420799122, 831086
420915122, 421928037, 1012915
422050323, 422893408, 843085
423009980, 423844494, 834514
423959465, 424789979, 830514
424906093, 426063922, 1157829
426191122, 427042094, 850972
427158894, 427992836, 833942
428108151, 428931465, 823314
429044950, 430083123, 1038173
430203008, 431047580, 844572
431162322, 431982208, 819886
432096151, 432926436, 830285
433043008, 434083694, 1040686
434202322, 435041522, 839200
435157522, 435989065, 831543
436104036, 436936036, 832000
437051808, 438424494, 1372686
438545180, 439376151, 830971
439489637, 440317408, 827771
440432836, 441268151, 835315
441382893, 442411922, 1029029
442532037, 443365979, 833942
443480494, 444300608, 820114
444413865, 445242208, 828343
445357522, 446374780, 1017258
446493522, 447325865, 832343
447441065, 448271808, 830743
448387922, 449209979, 822057
449323922, 450500037, 1176115
450618665, 451451351, 832686
451568722, 452392036, 823314
452505751, 453340722, 834971
453456607, 454488037, 1031430
454608722, 455430322, 821600
455543922, 456375579, 831657
456490436, 457327236, 836800
457444265, 458470665, 1026400
458590208, 459410436, 820228
459525065, 460359122, 834057
460475922, 461312379, 836457
461687580, 462612380, 924800
462730208, 463569979, 839771
463685979, 464510779, 824800
464626551, 465598780, 972229
465724494, 466621294, 896800
466738322, 467575579, 837257
467690894, 468521636, 830742
468638093, 469591351, 953258
469716608, 470607122, 890514
470722551, 471555008, 832457
471669751, 472505294, 835543
472621522, 473712265, 1090743
473844837, 474763808, 918971
474881865, 475710094, 828229
475824722, 476653293, 828571
476770322, 477780151, 1009829
477907008, 478761637, 854629
478878780, 479701408, 822628
479816951, 480649408, 832457
480765408, 481778665, 1013257
481908380, 482767808, 859428
482883579, 483716151, 832572
483832722, 484669522, 836800
484784608, 485918551, 1133943
486050780, 486961751, 910971
487078894, 487900837, 821943
488014551, 488830322, 815771
488949408, 489969980, 1020572
490091237, 490921865, 830628
491036722, 491875351, 838629
491991694, 492824950, 833256
492941408, 493959351, 1017943
494082551, 494929865, 847314
495478551, 496418436, 939885
496532036, 497365522, 833486
497768265, 498691922, 923657
498805294, 499621979, 816685
499736036, 500570436, 834400
500686208, 501656723, 970515
501783351, 502661751, 878400
502775008, 503596951, 821943
503709751, 504547236, 837485
504663465, 505639351, 975886
505764951, 506651465, 886514
506767579, 507599008, 831429
507715122, 508550779, 835657
508666436, 509755123, 1088687
509886323, 510812265, 925942
510926322, 511750665, 824343
511866322, 512703694, 837372
512818779, 513807123, 988344
513934437, 514795351, 860914
514910894, 515737179, 826285
515852608, 516687693, 835085
516803122, 517796837, 993715
517922894, 518783580, 860686
518899922, 519724608, 824686
519840837, 520666894, 826057
520780951, 521908037, 1127086
522039694, 522945294, 905600
523061751, 523897636, 835885
524012951, 524843122, 830171
524960722, 525982894, 1022172
526102094, 526944951, 842857
527061522, 527901865, 840343
528017065, 528849865, 832800
528966436, 529978551, 1012115
530097980, 530935579, 837599
531052608, 531890894, 838286
532007008, 532841065, 834057
532957293, 534114780, 1157487
534234437, 535081408, 846971
535199122, 536033637, 834515
536148494, 536978322, 829828
537094208, 538135808, 1041600
538255922, 539087351, 831429
539204494, 540037751, 833257
540153065, 540982779, 829714
541099008, 542130894, 1031886
542251008, 543087922, 836914
543203237, 544036379, 833142
544153065, 544987693, 834628
545104036, 546272380, 1168344
546394551, 547209637, 815086
547335351, 548165065, 829714
548281293, 549107922, 826629
549223808, 550256608, 1032800
550374323, 551189865, 815542
551303008, 552138094, 835086
552254894, 553092151, 837257
553207579, 554256608, 1049029
554377180, 555210208, 833028
555324951, 556157751, 832800
556274893, 557104379, 829486
557219465, 558397408, 1177943
558518437, 559349408, 830971
559463008, 560297179, 834171
560412608, 561248951, 836343
561364036, 562387122, 1023086
562507008, 563340722, 833714
563456151, 564283693, 827542
564399808, 565238093, 838285
565353865, 566370665, 1016800
566490665, 567315008, 824343
567431008, 568265865, 834857
568381522, 569203465, 821943
569319351, 570583922, 1264571
570705408, 571542665, 837257
571658436, 572491465, 833029
572607351, 573444150, 836799
573713980, 574609294, 895314
574725865, 575566437, 840572
575681408, 576474665, 793257
576601979, 577443122, 841143
577704837, 578603808, 898971
578721522, 579558779, 837257
579673636, 580496608, 822972
580611122, 581613637, 1002515
581829865, 582764837, 934972
582879580, 583696837, 817257
583809979, 584642894, 832915
584758779, 585763465, 1004686
585890437, 586741294, 850857
586854551, 587672265, 817714
587786094, 588611465, 825371
588727465, 589714665, 987200
589842894, 590718437, 875543
590835580, 591665065, 829485
591780951, 592624151, 843200
592740036, 593862780, 1122744
593995465, 594892379, 896914
595005408, 595833179, 827771
595950208, 596784036, 833828
596900493, 597919808, 1019315
598042323, 598889065, 846742
599004494, 599831808, 827314
599947808, 600778894, 831086
600893865, 601885751, 991886
602008265, 602848151, 839886
602964265, 603801751, 837486
603917865, 604749293, 831428
604865865, 605991694, 1125829
606123237, 607021180, 897943
607137865, 607975579, 837714
608089751, 608923236, 833485
609039808, 610056722, 1016914
610175122, 611003122, 828000
611116837, 611950436, 833599
612067236, 612889636, 822400
613004150, 614030208, 1026058
614148494, 614995237, 846743
615111694, 615921522, 809828
616048151, 616881408, 833257
616998665, 618159808, 1161143
618279008, 619132951, 853943
619249065, 620078436, 829371
620193979, 621032265, 838286
621148379, 622175694, 1027315
622297637, 623138437, 840800
623253865, 624085751, 831886
624203236, 625032722, 829486
625147236, 626175237, 1028001
626295465, 627112837, 817372
627227351, 628052494, 825143
628169636, 629012722, 843086
629129865, 630290551, 1160686
630412837, 631257522, 844685
631373408, 632194665, 821257
632308951, 633141865, 832914
633259236, 634280951, 1021715
634400494, 635222665, 822171
635336608, 636167465, 830857
636283579, 637105179, 821600
637899351, 638859351, 960000
638974780, 639810322, 835542
639926894, 640763465, 836571
640878551, 642036608, 1158057
642169180, 643017637, 848457
643132265, 643972036, 839771
644087922, 644923236, 835314
645040265, 646077751, 1037486
646196837, 647032608, 835771
647148608, 647985751, 837143
648100036, 648929408, 829372
649045522, 650076494, 1030972
650194894, 651017408, 822514
651130322, 651959465, 829143
652075122, 652898093, 822971
653012379, 654171008, 1158629
654291237, 655132494, 841257
655248951, 656084265, 835314
656200151, 657033751, 833600
657149522, 658187465, 1037943
658306094, 659141637, 835543
659257865, 660093065, 835200
660207922, 661040379, 832457
661158208, 662188037, 1029829
662307808, 663136608, 828800
663252951, 664085408, 832457
664201065, 665032951, 831886
665149522, 666332837, 1183315
666454322, 667299465, 845143
667415122, 668250551, 835429
668366436, 669199008, 832572
669316265, 670353408, 1037143
670473180, 671308494, 835314
671424494, 672259922, 835428
672375351, 673202893, 827542
673317179, 674339122, 1021943
674459008, 675294094, 835086
675409522, 676233979, 824457
676349865, 677171693, 821828
677285865, 678456837, 1170972
678575580, 679410208, 834628
679525522, 680359008, 833486
680474208, 681309751, 835543
681425865, 682454665, 1028800
682578322, 683412951, 834629
683529865, 684365979, 836114
684480608, 685315350, 834742
685431122, 686459465, 1028343
686579808, 687408951, 829143
687523465, 688357294, 833829
688473179, 689310551, 837372
689689751, 690622551, 932800
690740608, 691579922, 839314
691694322, 692523579, 829257
692639922, 693620608, 980686
693746551, 694634551, 888000
694751465, 695586551, 835086
695701637, 696534094, 832457
696650208, 697623237, 973029
697748608, 698635465, 886857
698751465, 699585522, 834057
699700951, 700533979, 833028
700649751, 701733865, 1084114
701865523, 702786551, 921028
702903237, 703735808, 832571
703851465, 704673979, 822514
704789865, 705786437, 996572
705914094, 706775351, 861257
706891579, 707725294, 833715
707840379, 708660608, 820229
708774093, 709762665, 988572
709889408, 710745980, 856572
710862894, 711691351, 828457
711806551, 712642094, 835543
712757408, 713887123, 1129715
714019465, 714926551, 907086
715042208, 715871694, 829486
715987922, 716824950, 837028
716939693, 717955923, 1016230
718077523, 718927922, 850399
719044722, 719863808, 819086
719981179, 720805179, 824000
720920151, 721938323, 1018172
722060151, 722903008, 842857
723017294, 723853979, 836685
723970094, 724804379, 834285
724920036, 726070208, 1150172
726198208, 727052608, 854400
727168608, 727988037, 819429
728101979, 728927008, 825029
729042093, 730053865, 1011772
730173751, 731017522, 843771
731133408, 731963808, 830400
732080036, 733660723, 1580687
733791123, 734705294, 914171
734824037, 735668037, 844000
735783694, 736620951, 837257
736737636, 737876951, 1139315
738008608, 738908837, 900229
739024608, 739861408, 836800
739976151, 740806093, 829942
740922093, 741945980, 1023887
742068037, 742897751, 829714
743010208, 743842322, 832114
743958437, 744783694, 825257
744898665, 745908951, 1010286
746031923, 746881865, 849942
746998094, 747833865, 835771
747948608, 748776150, 827542
748891808, 750048951, 1157143
750175237, 751024837, 849600
751141408, 751976837, 835429
752092836, 752924493, 831657
753041065, 754083351, 1042286
754201980, 755039922, 837942
755155808, 755992036, 836228
756107351, 756943350, 835999
757058779, 758087694, 1028915
758207465, 759039465, 832000
759156722, 759993865, 837143
760109636, 760938208, 828572
761054322, 762237865, 1183543
762356608, 763201865, 845257
763317637, 764146665, 829028
764261636, 765090550, 828914
765207236, 766224723, 1017487
766342780, 767171694, 828914
767287808, 768111465, 823657
768227122, 769056722, 829600
769174093, 770191580, 1017487
770312037, 771132951, 820914
771249179, 772087922, 838743
772203693, 773034893, 831200
773151922, 774325523, 1173601
774447465, 775292722, 845257
775408837, 776232379, 823542
776349294, 777179351, 830057
777294208, 778316837, 1022629
778436494, 779276722, 840228
779392265, 780222436, 830171
780771008, 781921408, 1150400
782047008, 782889065, 842057
783004722, 783839351, 834629
783955465, 784790894, 835429
784907351, 786075922, 1168571
786204037, 787055808, 851771
787173294, 788002322, 829028
788116951, 788948379, 831428
789064493, 790096951, 1032458
790220265, 791062094, 841829
791178322, 791998779, 820457
792113751, 792936036, 822285
793052151, 794084951, 1032800
794203808, 795027237, 823429
795140265, 795948951, 808686
796068265, 796893979, 825714
797010665, 798176494, 1165829
798297180, 799137522, 840342
799253294, 800091808, 838514
800207579, 801040493, 832914
801157979, 802189294, 1031315
802308951, 803139694, 830743
803255579, 804092608, 837029
804208265, 805037979, 829714
805153408, 806180380, 1026972
806300037, 807133751, 833714
807249522, 808084722, 835200
808200036, 809015236, 815200
809128836, 810291122, 1162286
810412494, 811258094, 845600
811373522, 812194551, 821029
812308036, 813139122, 831086
813255122, 814277065, 1021943
814396037, 815230894, 834857
815347008, 816184036, 837028
816298665, 817130665, 832000
817247008, 818261751, 1014743
818381294, 819209522, 828228
819325065, 820163236, 838171
820277522, 821099350, 821828
821211693, 822398437, 1186744
822519808, 823363808, 844000
823479579, 824311808, 832229
824428151, 825250893, 822742
825369179, 826401751, 1032572
826522094, 827350665, 828571
827466894, 828302551, 835657
828417979, 829231350, 813371
829346322, 830379580, 1033258
830499694, 831319122, 819428
831432722, 832257294, 824572
832372722, 833209522, 836800
833325065, 834576951, 1251886
834700494, 835540951, 840457
835655694, 836469408, 813714
836585408, 837407122, 821714
837669865, 838562551, 892686
838679580, 839496722, 817142
839609408, 840422665, 813257
840538551, 841353865, 815314
841605751, 842492608, 886857
842608722, 843431922, 823200
843546208, 844382093, 835885
844497751, 845317865, 820114
845709065, 846630780, 921715
846744837, 847581865, 837028
847697865, 848512722, 814857
848626208, 849594894, 968686
849720837, 850602208, 881371
850717522, 851556494, 838972
851673179, 852500608, 827429
852615808, 853585294, 969486
853711008, 854608951, 897943
854724722, 855556379, 831657
855671237, 856500036, 828799
856617522, 857709180, 1091658
857840723, 858749179, 908456
858864037, 859699351, 835314
859815579, 860649179, 833600
860764836, 861746437, 981601
861874894, 862746551, 871657
862863465, 863688265, 824800
863801751, 864623122, 821371
864738094, 865724608, 986514
865852151, 866717065, 864914
866831122, 867650551, 819429
867765065, 868591808, 826743
868706665, 869810780, 1104115
869943008, 870859237, 916229
870974437, 871801522, 827085
871917065, 872751694, 834629
872866322, 873858894, 992572
873985751, 874820379, 834628
874934894, 875770208, 835314
875887579, 876709751, 822172
876823922, 877807008, 983086
877934894, 878796951, 862057
878912380, 879746551, 834171
879862665, 880683579, 820914
880797522, 881935008, 1137486
882067008, 882972151, 905143
883088837, 883926436, 837599
884041636, 884875350, 833714
884990779, 886016837, 1026058
886134665, 886983580, 848915
887099237, 887923465, 824228
888039008, 888872265, 833257
888988493, 890008494, 1020001
890127351, 890972265, 844914
891088037, 891917636, 829599
892033408, 892869065, 835657
892985065, 894145294, 1160229
894266094, 895116151, 850057
895232608, 896052036, 819428
896165408, 896983122, 817714
897096036, 898127237, 1031201
898248265, 899071808, 823543
899186208, 900011008, 824800
900125293, 900953979, 828686
901070779, 902095465, 1024686
902214780, 903050665, 835885
903167580, 903998437, 830857
904113065, 904944836, 831771
905060379, 906220037, 1159658
906339808, 907170551, 830743
907285179, 908124722, 839543
908241636, 909065522, 823886
909179808, 910208380, 1028572
910329180, 911164494, 835314
911279808, 912115694, 835886
912231808, 913062551, 830743
913179122, 914191808, 1012686
914311922, 915148722, 836800
915268037, 916096379, 828342
916212493, 917047122, 834629
917163122, 918340951, 1177829
918462437, 919309865, 847428
919425979, 920260265, 834286
920375236, 921197865, 822629
921315122, 922340494, 1025372
922459580, 923290551, 830971
923849865, 924806550, 956685
924922550, 925952037, 1029487
926076380, 926905637, 829257
927019351, 927837751, 818400
927951237, 928785865, 834628
928902208, 930060494, 1158286
930187808, 931040265, 852457
931156951, 931984951, 828000
932099693, 932935236, 835543
933051236, 934094323, 1043087
934214208, 935047465, 833257
935161065, 935984379, 823314
936099579, 936930436, 830857
937047122, 938078437, 1031315
938198665, 939032608, 833943
939148951, 939973065, 824114
940087122, 940922779, 835657
941038322, 942192608, 1154286
942313980, 943163465, 849485
943279579, 944103351, 823772
944219008, 945055465, 836457
945169865, 946191922, 1022057
946311808, 947149865, 838057
947265865, 948083351, 817486
948196951, 949023008, 826057
949138665, 950175123, 1036458
950294780, 951129522, 834742
951246094, 952088265, 842171
952202894, 953030779, 827885
953146322, 954323808, 1177486
954445294, 955288608, 843314
955404722, 956224836, 820114
956338093, 957153065, 814972
957266550, 958280265, 1013715
958399923, 959236265, 836342
959351694, 960185751, 834057
960302551, 961138665, 836114
961254779, 962264722, 1009943
962384265, 963217522, 833257
963332265, 964149865, 817600
964266893, 965099693, 832800
965217750, 966401980, 1184230
966521065, 967369408, 848343
967485522, 968308722, 823200
968423694, 969247236, 823542
969361408, 970392951, 1031543
970512608, 971339922, 827314
971456494, 972285408, 828914
972399351, 973232265, 832914
973347693, 974372265, 1024572
974493180, 975330208, 837028
975445522, 976277065, 831543
976393865, 977228836, 834971
977342779, 978603580, 1260801
978725637, 979569179, 843542
979684836, 980518322, 833486
980635008, 981621523, 986515
981747465, 982637408, 889943
982752494, 983590437, 837943
983706437, 984529179, 822742
984643922, 985619008, 975086
985744380, 986630551, 886171
986748379, 987586665, 838286
987703122, 988532379, 829257
988649065, 989745980, 1096915
989877065, 990792494, 915429
990907237, 991744265, 837028
991859351, 992683808, 824457
992798436, 993796265, 997829
993923694, 994786894, 863200
994902551, 995736836, 834285
995853979, 996676036, 822057
996790550, 997778437, 987887
997906094, 998766894, 860800
998883237, 999719237, 836000
999835808, 669979, -999165829
786322, 1927351, 1141029
2057980, 2962208, 904228
3073637, 3905865, 832228
4020494, 4856493, 835999
4969979, 5993408, 1023429
6111123, 6953180, 842057
7066094, 7883237, 817143
7994551, 8828951, 834400
8943351, 9954551, 1011200
10075465, 10903694, 828229
11016037, 11851351, 835314
11967808, 12804608, 836800
12918779, 14071008, 1152229
14197294, 15049751, 852457
15164951, 15991808, 826857
16106779, 16944036, 837257
17057751, 18062780, 1005029
18180722, 19002665, 821943
19117179, 19946436, 829257
20061522, 20880493, 818971
20994550, 22011123, 1016573
22127237, 22965980, 838743
23082551, 23920037, 837486
24035465, 24868608, 833143
24983351, 26148951, 1165600
26268380, 27110437, 842057
27225179, 28043694, 818515
28158093, 28985293, 827200
29100150, 30132265, 1032115
30251465, 31088837, 837372
31204380, 32042437, 838057
32156265, 32984379, 828114
33099808, 34119351, 1019543
34237751, 35075351, 837600
35190779, 36023694, 832915
36138551, 36971350, 832799
37086893, 38248494, 1161601
38367580, 39204837, 837257
39319122, 40140036, 820914
40253522, 41074322, 820800
41188036, 42223465, 1035429
42341522, 43172722, 831200
43288608, 44128493, 839885
44243351, 45077065, 833714
45193750, 46225065, 1031315
46345065, 47177865, 832800
47292608, 48118436, 825828
48231808, 49052151, 820343
49165179, 50332151, 1166972
50453980, 51285522, 831542
51400151, 52227236, 827085
52341293, 53167465, 826172
53283465, 54291008, 1007543
54409294, 55241179, 831885
55358322, 56182551, 824229
56298894, 57128265, 829371
57242436, 58257522, 1015086
58377408, 59191579, 814171
59318665, 60152951, 834286
60268722, 61096150, 827428
61212608, 62393865, 1181257
62514551, 63355465, 840914
63471122, 64295922, 824800
64414322, 65252379, 838057
65368951, 66396837, 1027886
66515922, 67351465, 835543
67467008, 68301636, 834628
68417179, 69250322, 833143
69365408, 70387808, 1022400
70943237, 71876494, 933257
71993408, 72836379, 842971
72950893, 74127351, 1176458
74251351, 75089179, 837828
75202322, 76043579, 841257
76158322, 76979693, 821371
77091465, 78104608, 1013143
78222665, 79046780, 824115
79159351, 79995694, 836343
80111008, 80947922, 836914
81061522, 82098208, 1036686
82217180, 83057979, 840799
83171922, 83995808, 823886
84111236, 84946436, 835200
85060836, 86242780, 1181944
86364037, 87199237, 835200
87313408, 88145179, 831771
88261294, 89085751, 824457
89199122, 90231008, 1031886
90350094, 91180608, 830514
91295694, 92129065, 833371
92243008, 93076722, 833714
93191693, 94214094, 1022401
94333523, 95163808, 830285
95279579, 96102094, 822515
96215694, 97052036, 836342
97167236, 98348837, 1181601
98469980, 99315237, 845257
99429065, 100251922, 822857
100365065, 101186893, 821828
101302550, 102322094, 1019544
102440951, 103276608, 835657
103392494, 104231694, 839200
104347808, 105183351, 835543
105300036, 106315465, 1015429
106434094, 107265294, 831200
107381865, 108218551, 836686
108334779, 109164265, 829486
109280836, 110453751, 1172915
110574094, 111419351, 845257
111537179, 112371351, 834172
112486779, 113285865, 799086
113412608, 114442208, 1029600
114562322, 115405637, 843315
115521979, 116347922, 825943
116463693, 117286893, 823200
117403465, 118422208, 1018743
118540608, 119363351, 822743
119477065, 120316608, 839543
120432836, 121265751, 832915
121382093, 122644151, 1262058
122765751, 123610322, 844571
123726208, 124565751, 839543
124681293, 125664380, 983087
125790665, 126678780, 888115
126793865, 127624379, 830514
127740951, 128576608, 835657
128691351, 129671123, 979772
129797980, 130681522, 883542
130796379, 131629179, 832800
131745636, 132584608, 838972
132700379, 133789751, 1089372
133921065, 134836608, 915543
134952037, 135786779, 834742
135903122, 136739122, 836000
136853294, 137854780, 1001486
137981980, 138830779, 848799
138947351, 139783808, 836457
139900494, 140736265, 835771
140851808, 141840951, 989143
141967694, 142809180, 841486
142925180, 143765637, 840457
143880151, 144717065, 836914
144832951, 145970323, 1137372
146102322, 147001065, 898743
147116608, 147952379, 835771
148067008, 148903122, 836114
149020265, 150036608, 1016343
150156151, 151006094, 849943
151122437, 151955922, 833485
152072722, 152899922, 827200
153014436, 154031237, 1016801
154151465, 154982894, 831429
155097065, 155933979, 836914
156049294, 156884036, 834742
156999465, 158153294, 1153829
158273637, 159122208, 848571
159239465, 160061179, 821714
160176036, 160994322, 818286
161109408, 162146094, 1036686
162265408, 163099351, 833943
163215237, 164049979, 834742
164165865, 164990893, 825028
165106550, 166138208, 1031658
166257637, 167077751, 820114
167191008, 168020379, 829371
168136151, 168961865, 825714
169076493, 170236265, 1159772
170357065, 171187122, 830057
171305637, 172140608, 834971
172257179, 173091008, 833829
173207693, 174234208, 1026515
174355008, 175195008, 840000
175310894, 176148151, 837257
176264608, 177103236, 838628
177218208, 178225180, 1006972
178343922, 179185522, 841600
179301522, 180134093, 832571
180249636, 181069293, 819657
181183922, 182364608, 1180686
182485180, 183319351, 834171
183435808, 184257522, 821714
184371694, 185198093, 826399
185313522, 186338665, 1025143
186458894, 187295808, 836914
187411236, 188242779, 831543
188360151, 189192036, 831885
189307122, 190329294, 1022172
190449065, 191060722, 611657
191369179, 192232608, 863429
192348722, 193180379, 831657
193295351, 194546094, 1250743
194667922, 195514665, 846743
195630779, 196466436, 835657
196584036, 197420265, 836229
197687465, 198588494, 901029
198705294, 199530208, 824914
199644037, 200462665, 818628
200577408, 201414551, 837143
201680608, 202582322, 901714
202698208, 203528608, 830400
203646436, 204477979, 831543
204594208, 205423922, 829714
205808265, 206735351, 927086
206851922, 207679122, 827200
207794894, 208630436, 835542
208747579, 209740494, 992915
209869980, 210734779, 864799
210851465, 211676494, 825029
211790322, 212624608, 834286
212741751, 213729865, 988114
213857523, 214727808, 870285
214844608, 215649751, 805143
216217294, 217158665, 941371
217273065, 218471465, 1198400
218592608, 219432608, 840000
219546894, 220369865, 822971
220483122, 221307465, 824343
221422322, 222447351, 1025029
222566665, 223389865, 823200
223504265, 224346208, 841943
224461065, 225285522, 824457
225401179, 226417065, 1015886
226535922, 227371922, 836000
227487694, 228326208, 838514
228441522, 229276379, 834857
229393522, 230655922, 1262400
230777294, 231609294, 832000
231723465, 232540036, 816571
232653179, 233619694, 966515
233747123, 234635922, 888799
234752722, 235590894, 838172
235705636, 236535236, 829600
236651579, 237622208, 970629
237747351, 238635580, 888229
238752494, 239592151, 839657
239707008, 240541751, 834743
240659122, 241740608, 1081486
241871694, 242776037, 904343
242889065, 243723465, 834400
243840036, 244680608, 840572
244795922, 245790094, 994172
245917523, 246771922, 854399
246887351, 247710208, 822857
247826322, 248661065, 834743
248776722, 249775923, 999201
249903008, 250759694, 856686
250874894, 251692951, 818057
251806322, 252638322, 832000
252754322, 253888723, 1134401
254020265, 254931580, 911315
255049408, 255880494, 831086
255997179, 256834779, 837600
256949865, 257956837, 1006972
258078894, 258923465, 844571
259039808, 259867579, 827771
259982208, 260814550, 832342
260929750, 262260037, 1330287
262392951, 263258551, 865600
263375008, 264211008, 836000
264325636, 265153979, 828343
265269979, 266481180, 1211201
266600837, 267444036, 843199
267559236, 268387808, 828572
268502322, 269330665, 828343
269447465, 270484837, 1037372
270602437, 271432722, 830285
271548837, 272368722, 819885
272482894, 273307922, 825028
273423693, 274456494, 1032801
274575351, 275401751, 826400
275517636, 276349636, 832000
276464722, 277305408, 840686
277678208, 278603237, 925029
278721865, 279562094, 840229
279677979, 280513979, 836000
280631008, 281608494, 977486
281734894, 282621408, 886514
282737179, 283573865, 836686
283689636, 284523122, 833486
284639808, 285614437, 974629
285739923, 286624037, 884114
286740722, 287572837, 832115
287687122, 288515694, 828572
288631694, 289719808, 1088114
289850780, 290756722, 905942
290871351, 291692951, 821600
291807351, 292635236, 827885
292748151, 293730323, 982172
293858094, 294730437, 872343
294847351, 295671922, 824571
295786437, 296623351, 836914
296738436, 297727465, 989029
297854894, 298722780, 867886
298838894, 299673751, 834857
299789979, 300618893, 828914
300733179, 301848494, 1115315
301981180, 302892951, 911771
303008265, 303838665, 830400
303955808, 304795694, 839886
304910551, 305933751, 1023200
306056037, 306899237, 843200
307014665, 307846322, 831657
307962665, 308788036, 825371
308902436, 309918323, 1015887
310040837, 310885980, 845143
311002665, 311822094, 819429
311936151, 312749751, 813600
312864151, 313997523, 1133372
314128608, 315027465, 898857
315143008, 315974894, 831886
316091465, 316916836, 825371
317029750, 318034094, 1004344
318152951, 318985294, 832343
319100722, 319940379, 839657
320055694, 320888722, 833028
321005522, 322022780, 1017258
322140380, 322961179, 820799
323075351, 323908265, 832914
324024951, 324860150, 835199
324974436, 326140494, 1166058
326260837, 327112722, 851885
327229180, 328061751, 832571
328178779, 329016493, 837714
329132151, 330165637, 1033486
330285180, 331122437, 837257
331238208, 332069522, 831314
332185179, 333020036, 834857
333135579, 334138894, 1003315
334257408, 335092722, 835314
335208951, 336044265, 835314
336159922, 336986093, 826171
337101636, 338297637, 1196001
338418437, 339265408, 846971
339382208, 340220151, 837943
340336036, 341169979, 833943
341285293, 342289408, 1004115
342407237, 343238551, 831314
343355122, 344189179, 834057
344306322, 345130093, 823771
345247693, 346266437, 1018744
346385865, 347214322, 828457
347330894, 348167236, 836342
348282893, 349112150, 829257
349228950, 350479808, 1250858
350601408, 351444037, 842629
351561979, 352387694, 825715
352502665, 353337522, 834857
353452608, 354484265, 1031657
354604608, 355440265, 835657
355556494, 356379351, 822857
356496265, 357332150, 835885
357448150, 358464151, 1016001
359032037, 359965637, 933600
360079694, 360914551, 834857
361030208, 362230208, 1200000
362349065, 363174894, 825829
363288608, 364121865, 833257
364238093, 365077865, 839772
365193750, 366217523, 1023773
366337637, 367160608, 822971
367274894, 368113751, 838857
368229636, 369064836, 835200
369181522, 370204265, 1022743
370324151, 371160951, 836800
371278894, 372120608, 841714
372237408, 373053979, 816571
373167693, 374347694, 1180001
374469408, 375315351, 845943
375430208, 376263122, 832914
376378551, 377217865, 839314
377334436, 378358208, 1023772
378477980, 379307465, 829485
379422094, 380250093, 827999
380366436, 381208608, 842172
381324379, 382340494, 1016115
382461637, 383282437, 820800
383395922, 384224036, 828114
384340036, 385176951, 836915
385292493, 386480265, 1187772
386601180, 387448836, 847656
387563808, 388394436, 830628
388509979, 389342665, 832686
389603808, 390504265, 900457
390621408, 391459694, 838286
391575237, 392410322, 835085
392526551, 393351693, 825142
393608265, 394519694, 911429
394635580, 395467236, 831656
395583579, 396420265, 836686
396535693, 397371808, 836115
397758894, 398686894, 928000
398799694, 399633408, 833714
399749979, 400583236, 833257
400699008, 401680951, 981943
401807923, 402683465, 875542
402796037, 403633294, 837257
403748951, 404576836, 827885
404692379, 405688951, 996572
405815351, 406686094, 870743
406803122, 407641751, 838629
407756265, 408581179, 824914
408696722, 409797408, 1100686
409928951, 410834094, 905143
410950665, 411785751, 835086
411900722, 412735579, 834857
412850436, 413841523, 991087
413968380, 414804037, 835657
414919580, 415740837, 821257
415855237, 416687922, 832685
416802665, 417801751, 999086
417929065, 418793522, 864457
418909637, 419744722, 835085
419859579, 420681065, 821486
420795579, 421931008, 1135429
422062665, 422961980, 899315
423077637, 423906094, 828457
424020494, 424837065, 816571
424950893, 425959694, 1008801
426082780, 426928265, 845485
427044608, 427866551, 821943
427980722, 428814322, 833600
428930436, 429935694, 1005258
430058551, 430896037, 837486
431010094, 431836951, 826857
431951465, 432763122, 811657
432876836, 434015008, 1138172
434146437, 435034322, 887885
435147237, 435971579, 824342
436087122, 436926665, 839543
437044036, 438334323, 1290287
438456265, 439291465, 835200
439406208, 440242208, 836000
440357294, 441181179, 823885
441296951, 442324951, 1028000
442443351, 443273637, 830286
443388951, 444211236, 822285
444327922, 445167922, 840000
445283236, 446447122, 1163886
446567008, 447408037, 841029
447523122, 448355922, 832800
448471465, 449307922, 836457
449423465, 450449751, 1026286
450569294, 451404151, 834857
451520951, 452359808, 838857
452475579, 453310779, 835200
453426665, 454444037, 1017372
454561751, 455377294, 815543
455491008, 456329065, 838057
456445294, 457273179, 827885
457387693, 458669522, 1281829
458791922, 459636951, 845029
459752036, 460583808, 831772
460699693, 461680494, 980801
461806208, 462696494, 890286
462813637, 463642779, 829142
463757408, 464577636, 820228
464691808, 465665751, 973943
465791923, 466671922, 879999
466787922, 467622779, 834857
467737636, 468570893, 833257
468685979, 469785523, 1099544
469916380, 470836722, 920342
470952265, 471791237, 838972
471907237, 472738779, 831542
472855465, 473862551, 1007086
473989637, 474836608, 846971
474953637, 475795236, 841599
475911579, 476741293, 829714
476857750, 477860151, 1002401
477987237, 478834322, 847085
478949980, 479782779, 832799
479898665, 480731122, 832457
480847694, 481978665, 1130971
482110322, 483011922, 901600
483128608, 483964494, 835886
484078779, 484902093, 823314
485018436, 486036380, 1017944
486156037, 487000608, 844571
487117522, 487945522, 828000
488062665, 488904036, 841371
489019008, 490028494, 1009486
490148265, 490998208, 849943
491115008, 491945979, 830971
492063122, 492899808, 836686
493015579, 494200723, 1185144
494322665, 495154665, 832000
495269979, 496111465, 841486
496227922, 497056151, 828229
497173065, 498199008, 1025943
498318551, 499148151, 829600
499265065, 500100608, 835543
500217065, 501046893, 829828
501163922, 502191237, 1027315
502745408, 503683122, 937714
503798894, 504615808, 816914
504728722, 505834208, 1105486
505966208, 506887579, 921371
507004037, 507840722, 836685
507956265, 508772722, 816457
508887808, 509909751, 1021943
510032151, 510867237, 835086
510982322, 511823122, 840800
511938779, 512760951, 822172
512876493, 513889865, 1013372
514013180, 514856037, 842857
514971694, 515806779, 835085
515922436, 516748608, 826172
516864608, 518004723, 1140115
518135923, 519034094, 898171
519151237, 519974322, 823085
520088836, 520920951, 832115
521036151, 522078780, 1042629
522199008, 523043694, 844686
523159351, 523985408, 826057
524101408, 524936493, 835085
525051922, 526071351, 1019429
526192608, 527034665, 842057
527149294, 527984265, 834971
528101065, 528937865, 836800
529052722, 530228494, 1175772
530348265, 531189294, 841029
531304265, 532135465, 831200
532251465, 533079922, 828457
533194550, 534223351, 1028801
534344151, 535182894, 838743
535297865, 536132379, 834514
536247694, 537078436, 830742
537192951, 538211580, 1018629
538331351, 539159808, 828457
539273637, 540105979, 832342
540222208, 541050779, 828571
541165750, 542354894, 1189144
542478208, 543321408, 843200
543437979, 544282894, 844915
544398551, 545215122, 816571
545328265, 546351122, 1022857
546469637, 547305408, 835771
547421979, 548242436, 820457
548356265, 549197750, 841485
549313293, 550331694, 1018401
550450322, 551284608, 834286
551401408, 552223922, 822514
552337751, 553160951, 823200
553275122, 554452380, 1177258
554571694, 555410894, 839200
555526208, 556352722, 826514
556466893, 557308950, 842057
557424608, 558450437, 1025829
558570094, 559395922, 825828
559510779, 560343808, 833029
560459465, 561295808, 836343
561411008, 562438894, 1027886
562559122, 563388037, 828915
563503008, 564334322, 831314
564451465, 565295350, 843885
565410208, 566667465, 1257257
566791122, 567641408, 850286
567758094, 568594665, 836571
568710322, 569685408, 975086
569811237, 570696837, 885600
570812951, 571649636, 836685
571764608, 572602779, 838171
572717979, 573704837, 986858
573832723, 574706780, 874057
574824837, 575640951, 816114
575762094, 576584036, 821942
576700151, 577795465, 1095314
577927694, 578829637, 901943
578942779, 579761294, 818515
579874208, 580707579, 833371
580824150, 581825865, 1001715
581953637, 582804151, 850514
582919922, 583758437, 838515
583874437, 584703922, 829485
584819808, 585812723, 992915
585939808, 586784265, 844457
586897979, 587729979, 832000
587846322, 588669408, 823086
588783579, 589923237, 1139658
590054780, 590961294, 906514
591078322, 591910665, 832343
592026208, 592860151, 833943
592975808, 593995237, 1019429
594114208, 594957751, 843543
595074208, 595908494, 834286
596023351, 596841865, 818514
596955579, 597947694, 992115
598068608, 598913980, 845372
599031122, 599869408, 838286
599985522, 600824608, 839086
600940379, 602100151, 1159772
602227008, 603079465, 852457
603195008, 604014094, 819086
604129751, 604959579, 829828
605075465, 606098551, 1023086
606218437, 607039237, 820800
607153180, 607975008, 821828
608090322, 608923693, 833371
609039122, 610047008, 1007886
610168494, 611001522, 833028
611117637, 611957522, 839885
612072265, 612895808, 823543
613011236, 614164837, 1153601
614284494, 615095237, 810743
615219008, 616051236, 832228
616169065, 617008493, 839428
617124036, 618134665, 1010629
618253294, 619085865, 832571
619201294, 620040379, 839085
620155008, 620978436, 823428
621094665, 622114437, 1019772
622234780, 623068151, 833371
623184608, 624014208, 829600
624129979, 624961865, 831886
625077979, 626256608, 1178629
626375351, 627221979, 846628
627338894, 628160036, 821142
628274893, 629100836, 825943
629216493, 630245980, 1029487
630366323, 631203580, 837257
631321065, 632152608, 831543
632269636, 633105636, 836000
633220951, 634409065, 1188114
634531580, 635368837, 837257
635483351, 636318322, 834971
636433979, 637258436, 824457
637372836, 638636494, 1263658
638758094, 639600265, 842171
639717637, 640549408, 831771
640665522, 641652037, 986515
641777980, 642652494, 874514
642768265, 643601636, 833371
643717408, 644552722, 835314
645110322, 646251123, 1140801
646371580, 647204037, 832457
647320722, 648149294, 828572
648263236, 649092608, 829372
649207008, 650401865, 1194857
650523351, 651368379, 845028
651482894, 652302551, 819657
652417293, 653254779, 837486
653369408, 654400951, 1031543
654521065, 655361294, 840229
655476722, 656308836, 832114
656425179, 657258208, 833029
657373865, 658405408, 1031543
658525408, 659355694, 830286
659471351, 660306093, 834742
660421293, 661246893, 825600
661363922, 662634551, 1270629
662756380, 663599808, 843428
663715237, 664544608, 829371
664658894, 665635351, 976457
665761065, 666645408, 884343
666760151, 667583236, 823085
667696836, 668519122, 822286
668634551, 669598780, 964229
669724951, 670624037, 899086
670739922, 671565408, 825486
671681637, 672516836, 835199
672632265, 673452036, 819771
673837294, 674752379, 915085
674866779, 675704151, 837372
675820151, 676638551, 818400
676754208, 677748265, 994057
677875580, 678737180, 861600
678850551, 679683694, 833143
679799579, 680632722, 833143
680748379, 681749523, 1001144
681876837, 682736037, 859200
682852951, 683679694, 826743
683794208, 684625751, 831543
684742208, 685890208, 1148000
686021751, 686923694, 901943
687039694, 687864608, 824914
687979008, 688807122, 828114
688921522, 689937865, 1016343
690059694, 690909294, 849600
691024722, 691847694, 822972
691963351, 692801522, 838171
692917065, 693926437, 1009372
694049180, 694899465, 850285
695016151, 695847922, 831771
695964265, 696803351, 839086
696919008, 698055808, 1136800
698183808, 699035808, 852000
699152608, 699977636, 825028
700092036, 700929179, 837143
701044036, 702054665, 1010629
702174323, 703014665, 840342
703130094, 703955465, 825371
704070322, 704903579, 833257
705022208, 706040037, 1017829
706157637, 706998437, 840800
707115122, 707938436, 823314
708052379, 708890436, 838057
709005522, 710161065, 1155543
710281751, 711123580, 841829
711238894, 712069865, 830971
712186665, 713025979, 839314
713140722, 714166665, 1025943
714286551, 715122551, 836000
715237751, 716072036, 834285
716189179, 717025865, 836686
717140950, 718160265, 1019315
718280037, 719116608, 836571
719231694, 720052265, 820571
720165865, 720996722, 830857
721112722, 722300494, 1187772
722420494, 723265637, 845143
723381294, 724219579, 838285
724334893, 725155236, 820343
725268379, 726281637, 1013258
726401180, 727233294, 832114
727348608, 728185636, 837028
728301065, 729133865, 832800
729249179, 730258894, 1009715
730379122, 731219694, 840572
731334551, 732162893, 828342
732278551, 734077980, 1799429
734210323, 735075008, 864685
735193637, 736044608, 850971
736159694, 736989636, 829942
737106436, 738144037, 1037601
738264951, 739088037, 823086
739201751, 740029979, 828228
740146208, 740972608, 826400
741087008, 742105637, 1018629
742226665, 743060265, 833600
743174322, 744009294, 834972
744125294, 744954551, 829257
745070551, 746251351, 1180800
746370551, 747212151, 841600
747329065, 748151922, 822857
748266322, 749094665, 828343
749209979, 750239237, 1029258
750359808, 751195922, 836114
751310894, 752141865, 830971
752258436, 753091465, 833029
753207465, 754232151, 1024686
754352037, 755180494, 828457
755296722, 756130093, 833371
756244493, 757077065, 832572
757192608, 758392951, 1200343
758512951, 759351808, 838857
759468265, 760301979, 833714
760420036, 761261751, 841715
761376951, 762407351, 1030400
762528265, 763357865, 829600
763474208, 764311351, 837143
764427236, 765254665, 827429
765371008, 766402780, 1031772
766521294, 767352151, 830857
767468837, 768296379, 827542
768411351, 769233865, 822514
769349522, 770626094, 1276572
770747122, 771578551, 831429
771692151, 772523808, 831657
772640493, 773614780, 974287
773741523, 774615122, 873599
774730894, 775558094, 827200
775674094, 776513522, 839428
776631008, 777578094, 947086
777708037, 778584837, 876800
778699237, 779531236, 831999
779649065, 780477636, 828571
780594093, 781422093, 828000
781809180, 782726322, 917142
782840265, 783664608, 824343
783780951, 784613408, 832457
784729751, 785729751, 1000000
785861637, 786731694, 870057
786849408, 787684608, 835200
788221751, 789171808, 950057
789290550, 790319808, 1029258
790439122, 791275579, 836457
791390437, 792222322, 831885
792339122, 793167008, 827886
793281979, 794475808, 1193829
794596951, 795438779, 841828
795554665, 796383236, 828571
796499808, 797338208, 838400
797453407, 798494551, 1041144
798615237, 799442437, 827200
799556837, 800391922, 835085
800508036, 801342665, 834629
801595694, 802492037, 896343
802611580, 803439694, 828114
803556608, 804393293, 836685
804508608, 805323693, 815085
805704151, 806625637, 921486
806741180, 807563694, 822514
807678437, 808519008, 840571
808635008, 809451236, 816228
809714665, 810606665, 892000
810723351, 811555008, 831657
811670551, 812502551, 832000
812618665, 813438665, 820000
813697865, 814601865, 904000
814717980, 815552494, 834514
815669179, 816507122, 837943
816622665, 817719351, 1096686
817851808, 818763694, 911886
818878665, 819700951, 822286
819817294, 820653979, 836685
820769865, 821770894, 1001029
821898437, 822759351, 860914
822875922, 823691808, 815886
823807237, 824639694, 832457
824755008, 825735351, 980343
825863808, 826718894, 855086
826833637, 827671351, 837714
827787122, 828621408, 834286
828739236, 829346665, 607429
829723580, 834736151, 5012571
834858437, 835706094, 847657
835822894, 836662893, 839999
836778779, 837779808, 1001029
837908037, 838768494, 860457
838885180, 839716608, 831428
839834322, 840671465, 837143
840787922, 842012151, 1224229
842201980, 843424494, 1222514
843602779, 844757293, 1154514
844937179, 846308837, 1371658
846489408, 847647008, 1157600
847826208, 848987236, 1161028
849164036, 850535351, 1371315
850717180, 851868722, 1151542
852045522, 853199350, 1153828
853376722, 854860037, 1483315
854980380, 855820265, 839885
855936265, 856772151, 835886
856887579, 857879237, 991658
858005408, 858858094, 852686
858973179, 859799808, 826629
859915808, 860752036, 836228
860867693, 861862437, 994744
861988951, 862842780, 853829
862958322, 863774779, 816457
863892494, 864721065, 828571
864838094, 865968494, 1130400
866099808, 867000379, 900571
867117065, 867955008, 837943
868070322, 868895693, 825371
869011808, 870034208, 1022400
870152380, 870979694, 827314
871094094, 871919008, 824914
872035465, 872873865, 838400
872988722, 874006094, 1017372
874125980, 874969979, 843999
875085522, 875907579, 822057
876023694, 876857522, 833828
876973522, 878130437, 1156915
878251808, 879100037, 848229
879216494, 880048837, 832343
880166094, 880993293, 827199
881107922, 882137980, 1030058
882258665, 883095465, 836800
883210779, 884038436, 827657
884154893, 884991579, 836686
885107122, 886130437, 1023315
886251008, 887087580, 836572
887203465, 888035808, 832343
888151465, 888976608, 825143
889091236, 890256037, 1164801
890376951, 891216379, 839428
891332608, 892156036, 823428
892270551, 893091122, 820571
893205408, 894237294, 1031886
894357180, 895192151, 834971
895307808, 896141751, 833943
896257179, 897072036, 814857
897187236, 898211808, 1024572
898332265, 899152265, 820000
899266665, 900100836, 834171
900217865, 901058779, 840914
901175922, 902351351, 1175429
902473522, 903288379, 814857
903414322, 904242094, 827772
904359236, 905192493, 833257
905308951, 906329865, 1020914
906448951, 907289408, 840457
907406208, 908237751, 831543
908355008, 909191350, 836342
909307008, 910328837, 1021829
910449408, 911274437, 825029
911388722, 912214551, 825829
912330094, 913160036, 829942
913275008, 914454437, 1179429
914576608, 915422665, 846057
915538779, 916371351, 832572
916487693, 917325065, 837372
917592151, 918496265, 904114
918613408, 919445865, 832457
919561865, 920396265, 834400
920512151, 921335351, 823200
921450551, 922483694, 1033143
922602208, 923434779, 832571
923552379, 924390551, 838172
924507236, 925339465, 832229
925737637, 926659694, 922057
926773980, 927612722, 838742
927730437, 928558322, 827885
928673979, 929641294, 967315
929767580, 930642780, 875200
930758322, 931587008, 828686
931704151, 932500493, 796342
932628608, 933607923, 979315
933735694, 934623008, 887314
934738665, 935571237, 832572
935688265, 936520951, 832686
936637294, 937717865, 1080571
937851465, 938769179, 917714
939327122, 940274893, 947771
940393293, 941213522, 820229
941328722, 942367580, 1038858
942486780, 943324037, 837257
943440265, 944266894, 826629
944381865, 945210893, 829028
945328265, 946357408, 1029143
946476494, 947297979, 821485
947411465, 948242436, 830971
948358093, 949194550, 836457
949309865, 950487122, 1177257
950608265, 951442322, 834057
951557065, 952394208, 837143
952509865, 953337293, 827428
953601523, 954510322, 908799
954625637, 955447922, 822285
955561522, 956398551, 837029
956515808, 957352265, 836457
957605980, 958506894, 900914
958625294, 959453865, 828571
959568494, 960399465, 830971
960516379, 961344722, 828343
961730437, 962659351, 928914
962773637, 963602665, 829028
963720722, 964548493, 827771
964662093, 965651465, 989372
965778094, 966661294, 883200
966778665, 967611579, 832914
967726094, 968549865, 823771
968662094, 969639123, 977029
969765065, 970639237, 874172
970752608, 971574322, 821714
971687922, 972512951, 825029
972629522, 973614437, 984915
973829637, 974755580, 925943
974870208, 975701637, 831429
975818665, 976649408, 830743
976765179, 977763694, 998515
977890551, 978754208, 863657
978870665, 979706665, 836000
979822779, 980648265, 825486
980763579, 981761180, 997601
981888380, 982743122, 854742
982856951, 983691808, 834857
983806894, 984635922, 829028
984752722, 985883580, 1130858
986015351, 986921522, 906171
987037179, 987863122, 825943
987977522, 988807350, 829828
988924379, 989938208, 1013829
990061294, 990905637, 844343
991022551, 991842094, 819543
991955808, 992792722, 836914
992907693, 993924265, 1016572
994047122, 994892494, 845372
995008494, 995838322, 829828
995954894, 996791236, 836342
996905865, 998050094, 1144229
998182094, 999042665, 860571
999158322, 999993637, 835315
110551, 948722, 838171
1061636, 2108722, 1047086
2226665, 3057065, 830400
3169979, 4007008, 837029
4121179, 4953522, 832343
5068379, 6093980, 1025601
6212265, 7045751, 833486
7159808, 7993637, 833829
8108265, 8939351, 831086
9053522, 10226437, 1172915
10345522, 11192494, 846972
11307122, 12133751, 826629
12248036, 13081522, 833486
13195808, 14221523, 1025715
14341294, 15172151, 830857
15286208, 16117751, 831543
16233065, 17061979, 828914
17175579, 18199580, 1024001
18319122, 19151694, 832572
19264037, 20097408, 833371
20212493, 21043350, 830857
21158322, 22339465, 1181143
22459122, 23300837, 841715
23415694, 24239579, 823885
24356379, 25197865, 841486
25313751, 26350094, 1036343
26468951, 27308951, 840000
27424608, 28239351, 814743
28352836, 29188493, 835657
29303008, 30322780, 1019772
30440951, 31267465, 826514
31382551, 32202665, 820114
32314894, 33140722, 825828
33253522, 34430208, 1176686
34551694, 35384722, 833028
35498436, 36340722, 842286
36455008, 37287236, 832228
37403122, 38430551, 1027429
38548037, 39383579, 835542
39499694, 40340379, 840685
40454665, 41288151, 833486
41403693, 42429065, 1025372
42547465, 43369522, 822057
43482894, 44296493, 813599
44412036, 45234550, 822514
45351922, 46620608, 1268686
46742665, 47585637, 842972
47701065, 48538322, 837257
48652836, 49592723, 939887
49724608, 50623122, 898514
50739465, 51571008, 831543
51685179, 52518322, 833143
52632493, 53609180, 976687
53734094, 54625180, 891086
54740494, 55566322, 825828
55681522, 56513979, 832457
56627465, 57451693, 824228
57831351, 58752265, 920914
58863808, 59697179, 833371
59812722, 60646665, 833943
60762436, 61759123, 996687
61886208, 62746894, 860686
62861980, 63696494, 834514
63811008, 64633408, 822400
64746894, 65741865, 994971
65868265, 66730665, 862400
66846322, 67678436, 832114
67792494, 68615808, 823314
68733065, 69848265, 1115200
69980380, 70890780, 910400
71006780, 71841865, 835085
71956608, 72787694, 831086
72903808, 73904037, 1000229
74027580, 74855351, 827771
74970094, 75808722, 838628
75924608, 76749979, 825371
76865636, 77848380, 982744
77975923, 78826094, 850171
78941980, 79777179, 835199
79893179, 80721751, 828572
80838094, 81964837, 1126743
82096265, 82998779, 902514
83115808, 83939236, 823428
84052951, 84877408, 824457
84992608, 86014665, 1022057
86133523, 86976494, 842971
87092265, 87921979, 829714
88471808, 89423351, 951543
89692837, 90592494, 899657
90709065, 91548722, 839657
91662779, 92492722, 829943
92607351, 93440722, 833371
93830780, 94761980, 931200
94878551, 95713979, 835428
95829408, 96664379, 834971
96779694, 97781294, 1001600
97908723, 98762665, 853942
98874779, 99707351, 832572
99822208, 100654322, 832114
100769408, 101759123, 989715
101886665, 102754437, 867772
102872608, 103706437, 833829
103822665, 104659694, 837029
104776951, 105912951, 1136000
106045065, 106936379, 891314
107050665, 107879122, 828457
107994094, 108826322, 832228
108942208, 109961523, 1019315
110080837, 110923122, 842285
111040151, 111880494, 840343
111994779, 112824722, 829943
112940608, 113941180, 1000572
114063922, 114909065, 845143
115024608, 115847808, 823200
115963236, 116794665, 831429
116908608, 118066437, 1157829
118194551, 119049522, 854971
119165637, 119994322, 828685
120110436, 120948265, 837829
121063236, 122101751, 1038515
122221751, 123051351, 829600
123165522, 124003008, 837486
124117636, 124939465, 821829
125055465, 126083465, 1028000
126203351, 127042322, 838971
127158208, 127992037, 833829
128107808, 128939008, 831200
129054208, 130235922, 1181714
130356037, 131205408, 849371
131322437, 132161751, 839314
132276836, 133104836, 828000
133219922, 134233980, 1014058
134352265, 135188494, 836229
135305408, 136132379, 826971
136247008, 137081636, 834628
137197522, 138225637, 1028115
138346208, 139168151, 821943
139281865, 140117065, 835200
140232722, 141059465, 826743
141175122, 142356151, 1181029
142476265, 143315465, 839200
143431808, 144252836, 821028
144366894, 145199922, 833028
145315122, 146344151, 1029029
146463808, 147293294, 829486
147407922, 148240608, 832686
148357636, 149187465, 829829
149301293, 150317865, 1016572
150436951, 151256837, 819886
151372608, 152209751, 837143
152326436, 153147236, 820800
153261751, 154445522, 1183771
154565408, 155402094, 836686
155517979, 156328036, 810057
156453293, 157284493, 831200
157400493, 158441637, 1041144
158563465, 159387579, 824114
159502551, 160340494, 837943
160457179, 161290436, 833257
161407008, 162432608, 1025600
162551237, 163386551, 835314
163503236, 164341979, 838743
164457179, 165284836, 827657
165400722, 166654780, 1254058
166775694, 167611008, 835314
167727694, 168557636, 829942
168671694, 169652723, 981029
169778780, 170668494, 889714
170784379, 171621065, 836686
171736036, 172560722, 824686
172676608, 173660151, 983543
173786208, 174664608, 878400
174778894, 175610551, 831657
175728379, 176553751, 825372
176668379, 177760494, 1092115
177891465, 178804037, 912572
178918551, 179756951, 838400
179872722, 180702893, 830171
180819922, 181818208, 998286
181945637, 182803694, 858057
182919694, 183741065, 821371
183854894, 184692494, 837600
184808265, 185795694, 987429
185923580, 186780951, 857371
186895579, 187723922, 828343
187839808, 188452151, 612343
188560151, 190122437, 1562286
190247923, 191084837, 836914
191198208, 192033408, 835200
192149865, 192981865, 832000
193096951, 194132494, 1035543
194252265, 195086551, 834286
195203008, 196039008, 836000
196154893, 196987693, 832800
197104265, 198138780, 1034515
198257751, 199088494, 830743
199205180, 200043351, 838171
200158551, 200988036, 829485
201104722, 202295237, 1190515
202416380, 203249522, 833142
203362208, 204189979, 827771
204305979, 205127922, 821943
205244722, 206268494, 1023772
206388837, 207224722, 835885
207341294, 208177179, 835885
208292836, 209121293, 828457
209237179, 210254208, 1017029
210372722, 211206094, 833372
211321637, 212146665, 825028
212261065, 213099122, 838057
213215008, 214404837, 1189829
214526551, 215359237, 832686
215473179, 216308494, 835315
216424265, 217245522, 821257
217359579, 218398094, 1038515
218519122, 219353408, 834286
219468836, 220304036, 835200
220420608, 221243693, 823085
221358779, 222383694, 1024915
222503808, 223336608, 832800
223454437, 224285522, 831085
224401065, 225228036, 826971
225342436, 226610094, 1267658
226733751, 227580951, 847200
227697294, 228530893, 833599
228647808, 229451807, 803999
229723008, 230611122, 888114
230726665, 231550779, 824114
232098322, 233033636, 935314
233149636, 234174551, 1024915
234294094, 235133179, 839085
235250665, 236084379, 833714
236199122, 237023922, 824800
237140150, 238326780, 1186630
238447008, 239289979, 842971
239407008, 240235351, 828343
240349636, 241186551, 836915
241302893, 242327922, 1025029
242446094, 243278322, 832228
243394094, 244228265, 834171
244343351, 245161293, 817942
245275008, 246286208, 1011200
246406437, 247242437, 836000
247358322, 248190665, 832343
248305065, 249141865, 836800
249258436, 250439465, 1181029
250559465, 251399808, 840343
251515922, 252353636, 837714
252468265, 253302436, 834171
253418208, 254445637, 1027429
254564037, 255397751, 833714
255514094, 256336379, 822285
256450551, 257287351, 836800
257401636, 258426094, 1024458
258545637, 259384379, 838742
259499351, 260338893, 839542
260455008, 261289408, 834400
261403350, 262659922, 1256572
262782208, 264128722, 1346514
264251579, 265109522, 857943
265228608, 266273294, 1044686
266392380, 267217637, 825257
267331465, 268165293, 833828
268282093, 269112265, 830172
269226208, 270241637, 1015429
270361865, 271204494, 842629
271320151, 272145979, 825828
272261751, 273092951, 831200
273207122, 274393065, 1185943
274514551, 275360379, 845828
275476722, 276295236, 818514
276410093, 277232836, 822743
277347236, 278376723, 1029487
278496037, 279327465, 831428
279444037, 280276951, 832914
280392379, 281223236, 830857
281339008, 282360151, 1021143
282479580, 283303694, 824114
283419351, 284251465, 832114
284368493, 285200493, 832000
285315236, 286548951, 1233715
286669065, 287517179, 848114
287632837, 288465294, 832457
288580608, 289412836, 832228
289681980, 290585751, 903771
290702208, 291538322, 836114
291655008, 292486779, 831771
292601865, 293433179, 831314
293692723, 294590322, 897599
294704837, 295536265, 831428
295652608, 296485979, 833371
296600379, 297692837, 1092458
297826323, 298746094, 919771
298859579, 299690779, 831200
299807579, 300629065, 821486
300745179, 301728380, 983201
301856608, 302719808, 863200
302838551, 303668265, 829714
303783808, 304616836, 833028
304733408, 305726665, 993257
305853865, 306723694, 869829
306840951, 307660494, 819543
307774894, 308594436, 819542
308708379, 309804037, 1095658
309935694, 310843694, 908000
310958322, 311784608, 826286
311900837, 312738436, 837599
312854322, 313855808, 1001486
313982437, 314834894, 852457
314950208, 315784151, 833943
315900836, 316726665, 825829
316839808, 317841751, 1001943
317969180, 318817980, 848800
318933180, 319771122, 837942
319885522, 320714894, 829372
320831236, 321956951, 1125715
322088608, 322987808, 899200
323104837, 323932722, 827885
324045636, 324874665, 829029
324989522, 326009637, 1020115
326128951, 326958780, 829829
327072608, 327911465, 838857
328027237, 328859808, 832571
328976036, 329991008, 1014972
330111351, 330943237, 831886
331056265, 331863694, 807429
331983351, 332814550, 831199
332932950, 334087351, 1154401
334213523, 335055580, 842057
335171351, 336007351, 836000
336122779, 336942665, 819886
337056722, 338089294, 1032572
338208722, 339050208, 841486
339167694, 340001522, 833828
340117522, 340950779, 833257
341067465, 342095123, 1027658
342213637, 343052722, 839085
343168722, 344002094, 833372
344117065, 344946436, 829371
345062322, 346232837, 1170515
346352951, 347192608, 839657
347308608, 348131465, 822857
348245522, 349077979, 832457
349193065, 350489637, 1296572
350611580, 351461979, 850399
351576494, 352405408, 828914
352521636, 353350208, 828572
353609065, 354500380, 891315
354616722, 355454094, 837372
355569179, 356397979, 828800
356514322, 357348836, 834514
357735008, 358672837, 937829
358789865, 359632151, 842286
359748379, 360578551, 830172
360695808, 361677865, 982057
361804608, 362681751, 877143
362799808, 363635922, 836114
363752379, 364582093, 829714
364699579, 365675923, 976344
365802894, 366684722, 881828
366801980, 367623694, 821714
367743008, 368580951, 837943
368696951, 369791237, 1094286
369923237, 370827122, 903885
370941637, 371777865, 836228
371895922, 372712951, 817029
372827693, 373825065, 997372
373952494, 374801294, 848800
374918437, 375730208, 811771
376302779, 377234893, 932114
377349865, 378388837, 1038972
378509065, 379335579, 826514
379449179, 380290208, 841029
380405865, 381239350, 833485
381354893, 382624151, 1269258
382745980, 383587808, 841828
383703694, 384545865, 842171
384661294, 385641980, 980686
385767808, 386651808, 884000
386765979, 387595008, 829029
387709636, 388535465, 825829
388651351, 389622094, 970743
389747465, 390638437, 890972
390755465, 391587008, 831543
391701979, 392535579, 833600
392651579, 393731694, 1080115
393863923, 394786094, 922171
394902208, 395736036, 833828
395852151, 396690551, 838400
396805865, 397800608, 994743
397928608, 398787580, 858972
398905065, 399741751, 836686
399856151, 400684836, 828685
400801294, 401796151, 994857
401925523, 402786665, 861142
402902779, 403739694, 836915
403856608, 404693293, 836685
404808608, 405939237, 1130629
406071923, 406979122, 907199
407095580, 407920494, 824914
408034665, 408871922, 837257
408987236, 410007923, 1020687
410126437, 410974322, 847885
411090208, 411917179, 826971
412031579, 412854322, 822743
412970093, 413983237, 1013144
414101408, 414944951, 843543
415061180, 415895694, 834514
416011008, 416832722, 821714
416945293, 418100265, 1154972
418227008, 419063922, 836914
419178322, 419996722, 818400
420111693, 420941408, 829715
421056265, 422058780, 1002515
422177980, 423023580, 845600
423140494, 423980837, 840343
424098322, 424936379, 838057
425051351, 426082208, 1030857
426201865, 427040037, 838172
427155351, 427988608, 833257
428104493, 428935122, 830629
429050893, 430207237, 1156344
430326894, 431155694, 828800
431271351, 432112722, 841371
432228151, 433024836, 796685
433149179, 434172380, 1023201
434293065, 435126779, 833714
435241522, 436076036, 834514
436193179, 437030322, 837143
437146779, 438439922, 1293143
438562094, 439406894, 844800
439521179, 440349522, 828343
440465636, 441298665, 833029
441413179, 442680837, 1267658
442802094, 443641865, 839771
443756379, 444590779, 834400
444706322, 445697408, 991086
445823123, 446703580, 880457
446819922, 447651465, 831543
447766437, 448594894, 828457
448711008, 449711008, 1000000
449838437, 450706437, 868000
450822894, 451663694, 840800
451778779, 452611236, 832457
452727236, 453830551, 1103315
453961637, 454880608, 918971
454996151, 455834094, 837943
455948837, 456776836, 827999
456893065, 457916037, 1022972
458037294, 458887351, 850057
459003579, 459822779, 819200
459935922, 460768608, 832686
460885065, 461902323, 1017258
462025523, 462856722, 831199
462970551, 463794094, 823543
463910665, 464730665, 820000
464844722, 465974208, 1129486
466105980, 467004037, 898057
467121179, 467950551, 829372
468064951, 468893065, 828114
469008836, 470035808, 1026972
470155694, 470997294, 841600
471112951, 471936608, 823657
472052036, 472877179, 825143
472992379, 473988837, 996458
474107580, 474934437, 826857
475048494, 475880379, 831885
475994779, 476826550, 831771
476941979, 478092151, 1150172
478218437, 479053294, 834857
479167008, 479983465, 816457
480098436, 480918551, 820115
481033179, 482059694, 1026515
482178094, 483020951, 842857
483137637, 483974551, 836914
484090665, 484918322, 827657
485035236, 486054665, 1019429
486177408, 487026208, 848800
487141865, 487972837, 830972
488088836, 488925522, 836686
489041522, 490215237, 1173715
490335237, 491170437, 835200
491283465, 492119922, 836457
492235236, 493068722, 833486
493186208, 494218208, 1032000
494337065, 495161065, 824000
495277637, 496109408, 831771
496224722, 497057293, 832571
497173979, 498197751, 1023772
498317294, 499136608, 819314
499249637, 500067122, 817485
500184722, 501021636, 836914
501139808, 502323694, 1183886
502445180, 503288379, 843199
503405637, 504239351, 833714
504355351, 505183008, 827657
505299579, 506301980, 1002401
506421180, 507244379, 823199
507361294, 508189293, 827999
508305979, 509129179, 823200
509244036, 510261065, 1017029
510380265, 511212608, 832343
511330094, 512165979, 835885
512282208, 513115579, 833371
513232722, 514413751, 1181029
514534437, 515381179, 846742
515497522, 516329293, 831771
516444836, 517276379, 831543
517393522, 518418323, 1024801
518972265, 519904837, 932572
520020151, 520843922, 823771
520957522, 521983580, 1026058
522102894, 522934894, 832000
523047808, 523883351, 835543
523999579, 524829293, 829714
524945293, 526118323, 1173030
526243808, 527091922, 848114
527209065, 528047808, 838743
528162665, 528996036, 833371
529112265, 530130780, 1018515
530250665, 531094779, 844114
531209865, 532041179, 831314
532157522, 532995465, 837943
533112036, 534136380, 1024344
534256608, 535092837, 836229
535208380, 536036379, 827999
536152379, 536987236, 834857
537101979, 538271237, 1169258
538392265, 539239922, 847657
539355922, 540185293, 829371
540302093, 541136950, 834857
541252379, 542276151, 1023772
542395351, 543227808, 832457
543342779, 544176036, 833257
544291465, 545123236, 831771
545239693, 546254780, 1015087
546373522, 547208608, 835086
547324151, 548164379, 840228
548278893, 549102093, 823200
549217636, 550405294, 1187658
550525751, 551360951, 835200
551477065, 552313408, 836343
552429408, 553264608, 835200
553380951, 554414437, 1033486
554533408, 555366894, 833486
555483694, 556322093, 838399
556437408, 557260493, 823085
557376493, 558398437, 1021944
558516037, 559335694, 819657
559449865, 560280722, 830857
560397522, 561226436, 828914
561341522, 562593408, 1251886
562716494, 563557294, 840800
563671236, 564502436, 831200
564619351, 565603008, 983657
565729637, 566630665, 901028
566748037, 567584951, 836914
567700722, 568522551, 821829
568634779, 569584494, 949715
569711465, 570596037, 884572
570711465, 571530894, 819429
571645294, 572479236, 833942
572595465, 573427465, 832000
573812723, 574752494, 939771
574868265, 575702322, 834057
575817751, 576637751, 820000
576752379, 577753637, 1001258
577880723, 578740837, 860114
578853179, 579666436, 813257
579781408, 580607122, 825714
580721065, 581690094, 969029
581817980, 582701408, 883428
582816151, 583646894, 830743
583763122, 584600379, 837257
584715694, 585811694, 1096000
585943008, 586850779, 907771
586964379, 587804265, 839886
587921179, 588743008, 821829
588857979, 589866323, 1008344
589994437, 590832837, 838400
590947008, 591777751, 830743
591892608, 592727579, 834971
592844265, 593826780, 982515
593959808, 594817522, 857714
594932722, 595769979, 837257
595885408, 596719922, 834514
596835579, 597966894, 1131315
598099008, 598994437, 895429
599107237, 599937979, 830742
600053522, 600888151, 834629
601003008, 602029751, 1026743
602152608, 602998437, 845829
603114322, 603946665, 832343
604061522, 604888036, 826514
605004493, 606025751, 1021258
606144151, 606985865, 841714
607102208, 607924037, 821829
608036608, 608871465, 834857
608987351, 610136951, 1149600
610257408, 611103922, 846514
611219579, 612049979, 830400
612166436, 613004836, 838400
613119236, 614146437, 1027201
614265865, 615103922, 838057
615219808, 616043808, 824000
616160494, 616996151, 835657
617112265, 618115465, 1003200
618242894, 619080265, 837371
619197637, 620023351, 825714
620137179, 620972265, 835086
621086893, 622261865, 1174972
622383923, 623230551, 846628
623346208, 624177751, 831543
624295008, 625127351, 832343
625244036, 626266665, 1022629
626385065, 627217865, 832800
627334779, 628175351, 840572
628290093, 629118208, 828115
629234093, 630251923, 1017830
630371808, 631195922, 824114
631310208, 632130894, 820686
632245065, 633081179, 836114
633196836, 634385408, 1188572
634505408, 635350551, 845143
635465979, 636302779, 836800
636418893, 637244150, 825257
637360722, 638395351, 1034629
638514437, 639352494, 838057
639469065, 640307122, 838057
640422208, 641244722, 822514
641358436, 642390322, 1031886
642510551, 643333637, 823086
643447808, 644285408, 837600
644401065, 645232379, 831314
645345065, 646603694, 1258629
646727808, 647576608, 848800
647693179, 648525179, 832000
648641294, 649624837, 983543
649750894, 650636494, 885600
650752608, 651588036, 835428
651703008, 652541522, 838514
652657522, 653635923, 978401
653761980, 654643694, 881714
654757637, 655594094, 836457
655711922, 656534665, 822743
656650436, 657740037, 1089601
657872265, 658793522, 921257
658910208, 659738894, 828686
659854436, 660694093, 839657
661262208, 662439694, 1177486
662562094, 663396722, 834628
663513408, 664349751, 836343
664464036, 665295008, 830972
665410893, 666440951, 1030058
666559580, 667388379, 828799
667504151, 668344151, 840000
668458779, 669290550, 831771
669407008, 670685637, 1278629
670805865, 671638665, 832800
671751922, 672587351, 835429
672704151, 673684608, 980457
673809865, 674687808, 877943
674804494, 675644151, 839657
675760608, 676589179, 828571
676705065, 677685294, 980229
677811123, 678692837, 881714
678808951, 679636722, 827771
679751808, 680582551, 830743
680699236, 681787465, 1088229
681918323, 682821065, 902742
682935237, 683773065, 837828
683890208, 684721408, 831200
684835922, 685840037, 1004115
685967123, 686823237, 856114
686939122, 687768608, 829486
687885065, 688722322, 837257
688838208, 689838323, 1000115
689965408, 690819694, 854286
690936722, 691760494, 823772
691876722, 692715922, 839200
692832265, 693966208, 1133943
694097865, 694988494, 890629
695101408, 695939808, 838400
696056951, 696892151, 835200
697007465, 698021180, 1013715
698141294, 698985408, 844114
699100722, 699924036, 823314
700039236, 700872950, 833714
700988379, 701995237, 1006858
702121637, 702951237, 829600
703066322, 703888379, 822057
704001979, 704841865, 839886
704957636, 706118322, 1160686
706245980, 707097751, 851771
707213179, 708038779, 825600
708154665, 708991236, 836571
709106893, 710137408, 1030515
710257980, 711098894, 840914
711213522, 712042665, 829143
712158894, 712980265, 821371
713093522, 714096494, 1002972
714221980, 715063465, 841485
715181294, 716021179, 839885
716136493, 716955122, 818629
717070436, 718252151, 1181715
718374437, 719220837, 846400
719335922, 720164722, 828800
720280608, 721119122, 838514
721233979, 722248494, 1014515
722368380, 723193865, 825485
723308837, 724143579, 834742
724259579, 725088836, 829257
725205065, 726236037, 1030972
726354665, 727179694, 825029
727296608, 728122094, 825486
728236036, 729060265, 824229
729174436, 730336608, 1162172
730457522, 731303579, 846057
731419579, 732237179, 817600
732827579, 733996723, 1169144
734117065, 734976608, 859543
735092837, 735918894, 826057
736033294, 736867808, 834514
736983693, 738010551, 1026858
738128951, 738966437, 837486
739082208, 739914665, 832457
740030208, 740860608, 830400
740976379, 742140037, 1163658
742259694, 743094894, 835200
743210437, 744051122, 840685
744165751, 744995693, 829942
745111922, 746145065, 1033143
746265865, 747101979, 836114
747218894, 748058779, 839885
748175351, 749009522, 834171
749126208, 750153180, 1026972
750273523, 751107351, 833828
751224380, 752060265, 835885
752176036, 752997865, 821829
753111808, 754292037, 1180229
754415465, 755260837, 845372
755376951, 756210322, 833371
756327122, 757155350, 828228
757270322, 758289751, 1019429
758410780, 759238208, 827428
759352494, 760190094, 837600
760305065, 761142208, 837143
761258893, 762275351, 1016458
762395008, 763225865, 830857
763342779, 764182551, 839772
764297865, 765120836, 822971
765234093, 766401065, 1166972
766520494, 767367008, 846514
767482665, 768314551, 831886
768431922, 769265751, 833829
769380265, 770398437, 1018172
770517637, 771352951, 835314
771467465, 772292036, 824571
772407579, 773246093, 838514
773360608, 774388494, 1027886
774509408, 775328722, 819314
775444379, 776281636, 837257
776396951, 777187351, 790400
777312836, 778585980, 1273144
778710094, 779561522, 851428
779677522, 780507579, 830057
780623465, 781594094, 970629
781720951, 782604380, 883429
782717980, 783555465, 837485
783672151, 784511579, 839428
784626094, 785587123, 961029
785715351, 786605180, 889829
786719122, 787550436, 831314
787666894, 788493179, 826285
788607693, 789440950, 833257
789824608, 790741522, 916914
790855465, 791688837, 833372
791805751, 792628494, 822743
792743465, 793738780, 995315
793865865, 794732837, 866972
794850208, 795683922, 833714
795799694, 796631351, 831657
796748722, 797746665, 997943
797874323, 798731237, 856914
798843922, 799662437, 818515
799778894, 800614551, 835657
800731351, 801822094, 1090743
801954208, 802869865, 915657
802987922, 803809865, 821943
803924608, 804761293, 836685
805310208, 806448494, 1138286
806569522, 807405179, 835657
807520037, 808333636, 813599
808454665, 809290551, 835886
809407351, 810437294, 1029943
810556265, 811387808, 831543
811503694, 812343922, 840228
812460036, 813282436, 822400
813398893, 814676722, 1277829
814799237, 815629979, 830742
815744151, 816578208, 834057
816695465, 817675237, 979772
817800951, 818680837, 879886
818797751, 819598894, 801143
819726665, 820566893, 840228
820684608, 821659694, 975086
821785408, 822672151, 886743
822787580, 823613865, 826285
823729408, 824562894, 833486
824679236, 825779123, 1099887
825910437, 826814094, 903657
826929179, 827767579, 838400
827884036, 828716036, 832000
828832722, 829832265, 999543
829958780, 830811008, 852228
830927808, 831767351, 839543
831881865, 832710322, 828457
832826322, 833814094, 987772
833942208, 834805065, 862857
834920037, 835745065, 825028
835860722, 836700151, 839429
836815236, 837939694, 1124458
838071465, 838982437, 910972
839097637, 839932265, 834628
840048037, 840881751, 833714
840996836, 842024951, 1028115
842143122, 842985408, 842286
843101179, 843915808, 814629
844029294, 844858550, 829256
844974436, 845985980, 1011544
846104723, 846952722, 847999
847068608, 847873065, 804457
847998551, 848830665, 832114
848947465, 850110437, 1162972
850234437, 851082894, 848457
851198551, 852033065, 834514
852149522, 852984608, 835086
853100265, 854133180, 1032915
854254094, 855089980, 835886
855205294, 856033979, 828685
856150208, 856985636, 835428
857099693, 858124265, 1024572
858244837, 859083694, 838857
859199808, 860027694, 827886
860144151, 860976836, 832685
861092036, 862265865, 1173829
862387465, 863213065, 825600
863325865, 864137751, 811886
864251694, 865063122, 811428
865176036, 866212265, 1036229
866333408, 867163579, 830171
867277408, 868112265, 834857
868227351, 869057293, 829942
869173408, 870198323, 1024915
870318437, 871153065, 834628
871269637, 872104722, 835085
872220151, 873047465, 827314
873163808, 874346094, 1182286
874466322, 875287808, 821486
875402322, 876205865, 803543
876328151, 877167922, 839771
877284950, 878336265, 1051315
878457408, 879292151, 834743
879407237, 880237865, 830628
880354322, 881189522, 835200
881304036, 882327351, 1023315
882445408, 883276151, 830743
883392494, 884213979, 821485
884328379, 885151808, 823429
885266665, 886443922, 1177257
886565180, 887409751, 844571
887524151, 888359122, 834971
888475808, 889316836, 841028
889431693, 890460265, 1028572
890580265, 891418322, 838057
891534779, 892364722, 829943
892481636, 893320150, 838514
893436150, 894464151, 1028001
894583351, 895405865, 822514
895524265, 896362436, 838171
896477751, 897309865, 832114
897688608, 898608151, 919543
898724494, 899550436, 825942
899665865, 900486436, 820571
900600608, 901437865, 837257
901699580, 902594894, 895314
902711122, 903546779, 835657
903661979, 904494094, 832115
904610436, 905578437, 968001
905705180, 906582665, 877485
906697294, 907520494, 823200
907635236, 908473065, 837829
908588836, 909416836, 828000
909801180, 910720951, 919771
910834094, 911670322, 836228
911787122, 912627579, 840457
