
Start_ns, stop_ns,  spent_ns
362016869, 363778301, 1761432
363908803, 365567278, 1658475
365695266, 368393655, 2698389
368520729, 369854671, 1333942
369976260, 371432710, 1456450
371557729, 372880591, 1322862
372999895, 374477148, 1477253
374603309, 375906978, 1303669
376026397, 377555537, 1529140
377679757, 380212026, 2532269
380340588, 381720946, 1380358
381841623, 383315349, 1473726
383440026, 384793762, 1353736
384914440, 386383942, 1469502
386509305, 387814222, 1304917
387933982, 389420780, 1486798
389545793, 391994646, 2448853
392272101, 393668405, 1396304
393788163, 395265950, 1477787
395390052, 396794939, 1404887
396915385, 398389302, 1473917
398515005, 399823915, 1308910
399944818, 400837425, 892607
400955243, 402815090, 1859847
402938965, 404767737, 1828772
404890699, 406369789, 1479090
406496637, 407862940, 1366303
407984645, 409489116, 1504471
409615165, 410972563, 1357398
411245689, 412631090, 1385401
412754054, 414947644, 2193590
415222944, 416564131, 1341187
416692010, 417977431, 1285421
418255818, 419638265, 1382447
419769345, 421273276, 1503931
421399899, 422791267, 1391368
422913662, 424391660, 1477998
424519654, 426810196, 2290542
426932248, 428417567, 1485319
428543277, 429846775, 1303498
429970656, 431435060, 1464404
431562139, 432863553, 1301414
432985146, 434450892, 1465746
434577056, 435864530, 1287474
435985781, 438516638, 2530857
438644176, 439993491, 1349315
440268452, 441603377, 1334925
441728630, 443212354, 1483724
443337036, 444733795, 1396759
444855621, 446318667, 1463046
446444150, 448966265, 2522115
449254602, 450670346, 1415744
450791143, 452274201, 1483058
452399226, 453755989, 1356763
453877357, 455334575, 1457218
455459715, 456848713, 1388998
456970082, 458430285, 1460203
458556340, 460795738, 2239398
460931051, 462445205, 1514154
462571717, 463871584, 1299867
463991925, 465478424, 1486499
465604251, 466906530, 1302279
467175557, 468506749, 1331192
468632119, 469914285, 1282166
470192342, 472628799, 2436457
472752456, 474260457, 1508001
474386628, 475750285, 1363657
475871885, 477337142, 1465257
477463657, 478816342, 1352685
478937828, 480439085, 1501257
480569257, 481903542, 1334285
482952228, 484450857, 1498629
484577599, 485920799, 1343200
486194628, 487572685, 1378057
487700228, 489051542, 1351314
489318742, 490696456, 1377714
490821028, 492313485, 1492457
492439542, 494727314, 2287772
494848914, 496322057, 1473143
496446742, 497801828, 1355086
497922628, 499394971, 1472343
499520914, 500840685, 1319771
500962399, 502432114, 1469715
502558514, 503865828, 1307314
503986742, 506571542, 2584800
506699771, 508005599, 1305828
508284571, 509622514, 1337943
509744571, 511177028, 1432457
511304457, 512643542, 1339085
512765485, 514216114, 1450629
514341257, 515670856, 1329599
515792685, 518388457, 2595772
518516228, 519858856, 1342628
519981599, 521500342, 1518743
521626399, 522979771, 1353372
523256685, 524635542, 1378857
524756685, 526246971, 1490286
526372342, 528954742, 2582400
529245028, 530609599, 1364571
530731428, 532175085, 1443657
532302057, 533731999, 1429942
533853714, 535300457, 1446743
535426285, 536801828, 1375543
536922742, 538402514, 1479772
538529599, 540838628, 2309029
540962285, 542442399, 1480114
542569257, 543863999, 1294742
543985256, 545444228, 1458972
545570399, 546862056, 1291657
546983656, 548451657, 1468001
548577371, 549865256, 1287885
549986285, 552571085, 2584800
552698971, 554204799, 1505828
554332114, 555651542, 1319428
555772685, 557259314, 1486629
557384457, 558765828, 1381371
558887314, 560389599, 1502285
560520114, 563217257, 2697143
563355542, 564805485, 1449943
564926742, 566452342, 1525600
566577828, 567909256, 1331428
568031085, 569568228, 1537143
569694628, 570989714, 1295086
571266514, 572623542, 1357028
572746856, 575025714, 2278858
575302742, 576661714, 1358972
576782628, 578286857, 1504229
578413028, 579782171, 1369143
579904114, 581379542, 1475428
581506628, 582876571, 1369943
582998856, 584471542, 1472686
585571657, 586978971, 1407314
587255542, 589391199, 2135657
589519428, 590860456, 1341028
590983085, 592464799, 1481714
592592114, 593889599, 1297485
594758056, 597467199, 2709143
597594628, 598905714, 1311086
599026514, 600518171, 1491657
600646628, 601930514, 1283886
602212799, 603568342, 1355543
603694628, 605040571, 1345943
605312228, 606665714, 1353486
606787428, 609388342, 2600914
609517028, 610855085, 1338057
610989828, 612471657, 1481829
612598514, 613948914, 1350400
614226742, 615558514, 1331772
615683999, 616976342, 1292343
617253142, 618632685, 1379543
619703885, 621229714, 1525829
621357257, 622767085, 1409828
622888685, 624366399, 1477714
624492799, 625849485, 1356686
625971085, 627449371, 1478286
627577371, 628868571, 1291200
628989942, 630993256, 2003314
631265257, 632596114, 1330857
632722514, 634161485, 1438971
634289714, 635672799, 1383085
635794285, 637284114, 1489829
637410171, 638783428, 1373257
638904799, 640390399, 1485600
640519085, 642990171, 2471086
643269371, 644621828, 1352457
644745828, 646188914, 1443086
646316228, 647640914, 1324686
647762971, 649219428, 1456457
649345257, 650209828, 864571
650334057, 651189485, 855428
651313371, 652186057, 872686
652309142, 653166971, 857829
653292342, 654020114, 727772
654273714, 655004228, 730514
655266285, 655996799, 730514
656251199, 659669942, 3418743
659791085, 661292457, 1501372
661416799, 662802399, 1385600
662923085, 664398857, 1475772
664524685, 665842971, 1318286
665964342, 667425599, 1461257
667551771, 668867771, 1316000
668989028, 671534171, 2545143
671662514, 672974971, 1312457
673254057, 674636342, 1382285
674756685, 676188457, 1431772
676315314, 677640456, 1325142
677761828, 679196799, 1434971
679321599, 680735428, 1413829
680856114, 683237371, 2381257
683363314, 684732571, 1369257
684853256, 686309257, 1456001
686434171, 687799771, 1365600
687921256, 689399771, 1478515
689527314, 690844571, 1317257
690966285, 693473142, 2506857
693601371, 694904456, 1303085
695025028, 696495085, 1470057
696620799, 697907656, 1286857
698193485, 699526171, 1332686
699651656, 700954628, 1302972
701228799, 702557714, 1328915
702683085, 705002285, 2319200
705275657, 706625028, 1349371
706746399, 708174171, 1427772
708301257, 709633599, 1332342
709755085, 711206742, 1451657
711333371, 712666399, 1333028
712786628, 714268799, 1482171
714394742, 716811199, 2416457
716933028, 718418857, 1485829
718546285, 719853828, 1307543
719975771, 721439085, 1463314
721566514, 722874514, 1308000
723005599, 724510514, 1504915
724637485, 725919085, 1281600
727010285, 728506971, 1496686
728635199, 729918628, 1283429
730196457, 731543771, 1347314
731670399, 733026171, 1355772
733298628, 734675771, 1377143
734797028, 736279885, 1482857
736406514, 738673028, 2266514
738793942, 740283199, 1489257
740408114, 741754285, 1346171
741874971, 743328571, 1453600
743453371, 744783656, 1330285
744904685, 746374514, 1469829
746499428, 747856228, 1356800
747976914, 750553942, 2577028
750681256, 751975771, 1294515
752245371, 753619314, 1373943
753742514, 755029828, 1287314
755298857, 756636685, 1337828
756758171, 758202285, 1444114
758329828, 759659656, 1329828
759780228, 762332457, 2552229
762461485, 763945485, 1484000
764226857, 765553599, 1326742
765680914, 767025599, 1344685
767294285, 768666514, 1372229
768787199, 770265028, 1477829
770390742, 772329028, 1938286
772461142, 773640456, 1179314
773759999, 775945599, 2185600
776234399, 777583085, 1348686
777708685, 778999656, 1290971
779271542, 780655999, 1384457
780776456, 782256114, 1479658
782381257, 783737828, 1356571
783859428, 786518857, 2659429
786655428, 788461828, 1806400
788588342, 789957599, 1369257
790242399, 791587656, 1345257
791712114, 793199085, 1486971
793324571, 794653942, 1329371
794775085, 796258742, 1483657
796384571, 798763314, 2378743
798885371, 800381942, 1496571
800513714, 801906856, 1393142
802027771, 803515885, 1488114
803643199, 804938971, 1295772
805220685, 806603542, 1382857
806727656, 808910285, 2182629
809210399, 810588342, 1377943
810715199, 812020228, 1305029
812295885, 813644571, 1348686
813766171, 815256914, 1490743
815383885, 816745485, 1361600
816867314, 818351085, 1483771
818478742, 820795771, 2317029
820918171, 822417942, 1499771
822546057, 823877142, 1331085
824707542, 826318857, 1611315
826443657, 827810399, 1366742
827931542, 829411314, 1479772
829538399, 831519085, 1980686
831646285, 832943428, 1297143
833222857, 834548342, 1325485
834674628, 835965599, 1290971
836241485, 837579885, 1338400
837706399, 839046514, 1340115
839317599, 840731314, 1413715
840852114, 843414285, 2562171
843542857, 844889714, 1346857
845009942, 846509371, 1499429
846635542, 847966056, 1330514
848240114, 849580342, 1340228
849705828, 850994285, 1288457
851266514, 852643199, 1376685
853722285, 855218057, 1495772
855345257, 856731885, 1386628
856852114, 858293828, 1441714
858420342, 860029828, 1609486
860306971, 861672914, 1365943
861793942, 863283771, 1489829
863410971, 865685828, 2274857
865806971, 867294742, 1487771
867421371, 868794514, 1373143
868916914, 870391428, 1474514
870518514, 871823656, 1305142
871944456, 873416571, 1472115
873542742, 874857828, 1315086
874980914, 877539885, 2558971
877668799, 878969714, 1300915
879243657, 880630628, 1386971
880751999, 882050971, 1298972
882319542, 883740914, 1421372
883861828, 885354171, 1492343
885481599, 886802285, 1320686
887875999, 889423771, 1547772
889551085, 890899656, 1348571
891020228, 892548685, 1528457
892674628, 893964114, 1289486
894232571, 895564571, 1332000
895691428, 897165828, 1474400
897297257, 899582857, 2285600
899708799, 901018856, 1310057
901288685, 902628914, 1340229
902750056, 904182857, 1432801
904309485, 905634399, 1324914
905756228, 907176457, 1420229
907302057, 908636799, 1334742
908758056, 911036114, 2278058
911309714, 912657942, 1348228
912779428, 914266399, 1486971
914393257, 915763085, 1369828
915884571, 917363771, 1479200
917490628, 918850742, 1360114
918971771, 919848228, 876457
919966171, 921801942, 1835771
921934171, 922831771, 897600
922951771, 924779771, 1828000
924900914, 925794628, 893714
925913142, 926793142, 880000
926911428, 928898628, 1987200
929018742, 930555085, 1536343
930680342, 931973028, 1292686
932252342, 934847428, 2595086
934982971, 936499771, 1516800
936625828, 937933142, 1307314
938054171, 939534628, 1480457
939659771, 940960685, 1300914
941242399, 942583885, 1341486
942708914, 944504914, 1796000
944633028, 946957599, 2324571
947246171, 948604799, 1358628
948728342, 950036456, 1308114
950311428, 951656456, 1345028
951777714, 953270171, 1492457
953396228, 954815542, 1419314
954937256, 956405942, 1468686
957509257, 958871656, 1362399
958992914, 960480685, 1487771
960606514, 961958971, 1352457
962238399, 963622285, 1383886
963743885, 965240228, 1496343
965365371, 966763656, 1398285
966885714, 969301142, 2415428
969428342, 970796228, 1367886
970916342, 972363657, 1447315
972488685, 973810171, 1321486
973930628, 975394742, 1464114
975519657, 976848114, 1328457
976969028, 978433257, 1464229
978560228, 980945142, 2384914
981228685, 982569028, 1340343
982693256, 983992685, 1299429
984266628, 985648685, 1382057
985769599, 987247085, 1477486
987371428, 988770285, 1398857
988890171, 990360228, 1470057
991476114, 992844914, 1368800
992966171, 994469485, 1503314
994599085, 995933028, 1333943
996228799, 997571428, 1342629
997696342, 998991085, 1294743
999264457, 628685, -998635772
756799, 3260914, 2504115
3387199, 4759999, 1372800
4880114, 6373714, 1493600
6504799, 7831885, 1327086
7951885, 9463657, 1511772
9587885, 10922056, 1334171
11043771, 12522742, 1478971
12649599, 15197028, 2547429
15325942, 16724342, 1398400
16844114, 18352571, 1508457
18477828, 19799771, 1321943
19920114, 21389257, 1469143
21519085, 22883885, 1364800
23004342, 24499771, 1495429
25595656, 26956228, 1360572
27233257, 28576228, 1342971
28700342, 30003199, 1302857
30273485, 31656456, 1382971
31775999, 33253371, 1477372
33376457, 34737256, 1360799
34858399, 36897599, 2039200
37020456, 38566628, 1546172
38692456, 39560114, 867658
39681828, 40564342, 882514
40683999, 41547999, 864000
41670742, 42533257, 862515
42656342, 44682971, 2026629
44818171, 46306971, 1488800
47412685, 48320228, 907543
48446057, 49326628, 880571
49450514, 50319999, 869485
50443657, 52316457, 1872800
52446628, 53868914, 1422286
53989142, 55465257, 1476115
55591428, 56947885, 1356457
57764799, 59350742, 1585943
59474971, 60832456, 1357485
60952228, 63531657, 2579429
63658399, 64969714, 1311315
65246971, 66629257, 1382286
66749485, 68181828, 1432343
68306399, 69639771, 1333372
69759314, 71042856, 1283542
71305714, 72722856, 1417142
73778171, 75254628, 1476457
75378514, 76732799, 1354285
76852685, 78348342, 1495657
78472685, 79829142, 1356457
79948914, 81420114, 1471200
81544914, 82854514, 1309600
82974742, 84442857, 1468115
84567885, 85922285, 1354400
86985485, 88454628, 1469143
88580571, 89886399, 1305828
90007199, 91476914, 1469715
91601599, 92948571, 1346972
93220114, 94605028, 1384914
94729028, 96029828, 1300800
96299999, 98711428, 2411429
98832799, 100313257, 1480458
100437714, 101826171, 1388457
101946514, 103412799, 1466285
103538742, 104846514, 1307772
104967999, 106424571, 1456572
106550742, 107870514, 1319772
107990399, 110536799, 2546400
110664114, 111954628, 1290514
112230399, 113553599, 1323200
113678628, 115035656, 1357028
115304342, 116638742, 1334400
116759428, 118242742, 1483314
118367314, 119694171, 1326857
119813828, 122352799, 2538971
122480342, 123847771, 1367429
123967656, 125430057, 1462401
125556571, 126897371, 1340800
127017371, 128524228, 1506857
128649142, 129973371, 1324229
130252228, 131592342, 1340114
132681256, 134160914, 1479658
134290628, 135632799, 1342171
135754628, 137044799, 1290171
137311085, 138697142, 1386057
138817714, 140287885, 1470171
140412571, 141774056, 1361485
141894628, 144419428, 2524800
144547199, 145851085, 1303886
145973142, 147422857, 1449715
147548799, 148851656, 1302857
148973256, 150426171, 1452915
150551999, 151852914, 1300915
151973714, 153439771, 1466057
153565371, 155896685, 2331314
156018971, 157499199, 1480228
157624228, 158902742, 1278514
159022742, 160551085, 1528343
160675542, 162033828, 1358286
162303885, 163635314, 1331429
163755999, 165235542, 1479543
166341599, 167763999, 1422400
167884342, 169367428, 1483086
169492571, 170812228, 1319657
170934056, 172391657, 1457601
172517599, 173836114, 1318515
173965942, 175490399, 1524457
175619542, 177594742, 1975200
177715656, 179020114, 1304458
179292114, 180625828, 1333714
180746171, 182188114, 1441943
182313828, 183640799, 1326971
183761485, 185186857, 1425372
185312571, 186633142, 1320571
186754399, 188972685, 2218286
189258057, 190632571, 1374514
190753142, 192196457, 1443315
192321942, 193704799, 1382857
193825485, 195290399, 1464914
195414171, 196781942, 1367771
196902514, 198377142, 1474628
198502742, 200791771, 2289029
200914171, 201805828, 891657
201923085, 203502057, 1578972
203630742, 205197828, 1567086
205325714, 206740114, 1414400
206859542, 208316342, 1456800
208440914, 209785942, 1345028
209915542, 212482742, 2567200
212609942, 213968114, 1358172
214241714, 215619885, 1378171
215740799, 217191771, 1450972
217316685, 218675542, 1358857
218808571, 220290857, 1482286
220416114, 222300914, 1884800
222433142, 223620114, 1186972
223739885, 225857942, 2118057
225979771, 227456114, 1476343
227581257, 228905371, 1324114
229026171, 230489828, 1463657
230615542, 231908571, 1293029
232030056, 233540228, 1510172
233665828, 234945599, 1279771
236025714, 237513028, 1487314
237639199, 238929942, 1290743
239208342, 240520799, 1312457
240645714, 241990742, 1345028
242260342, 243631314, 1370972
243751542, 245222742, 1471200
245347999, 247817942, 2469943
247940228, 249414857, 1474629
249541485, 250891428, 1349943
251011542, 252517485, 1505943
252642971, 253928685, 1285714
254207199, 255529714, 1322515
255655085, 256950971, 1295886
258201828, 259557714, 1355886
259683085, 260989371, 1306286
261264685, 262603199, 1338514
262727999, 264160457, 1432458
264286971, 265609828, 1322857
265733371, 267174399, 1441028
267303199, 269557485, 2254286
269683999, 270975085, 1291086
271247657, 272590399, 1342742
272715656, 274010171, 1294515
274277714, 275662971, 1385257
275783885, 277262742, 1478857
277388114, 278767314, 1379200
278887771, 281450742, 2562971
281578857, 282922742, 1343885
283044456, 284546171, 1501715
284672114, 285977942, 1305828
286253485, 287639656, 1386171
287761599, 289248571, 1486972
289879771, 292535771, 2656000
292662971, 293955999, 1293028
294234171, 295573142, 1338971
295697371, 297191428, 1494057
297316571, 298651085, 1334514
298771656, 300250057, 1478401
300374742, 301756228, 1381486
301876571, 304462399, 2585828
304589485, 305886971, 1297486
306007999, 307475085, 1467086
307600685, 308900914, 1300229
309021485, 310496457, 1474972
310622857, 311901256, 1278399
312177828, 313510171, 1332343
313636228, 316187657, 2551429
316316799, 317658628, 1341829
317778399, 319266971, 1488572
319391199, 320757485, 1366286
320877942, 322329142, 1451200
322453828, 323343428, 889600
323467085, 324328799, 861714
324451771, 325311199, 859428
325433485, 326299314, 865829
326421485, 329315999, 2894514
329451999, 330701256, 1249257
330821714, 332335085, 1513371
332462285, 333859314, 1397029
333980685, 335465028, 1484343
335591885, 336892914, 1301029
337015771, 338488799, 1473028
338614514, 340584799, 1970285
340710171, 342186171, 1476000
342314285, 343932685, 1618400
344209371, 345551199, 1341828
345677828, 346980228, 1302400
347257142, 348599199, 1342057
348726171, 351356799, 2630628
351492571, 352873714, 1381143
352996456, 354482742, 1486286
354608685, 355897371, 1288686
356169485, 357544114, 1374629
357670285, 358965828, 1295543
359239542, 360571771, 1332229
360703999, 363031085, 2327086
363304685, 364670742, 1366057
364790971, 366272914, 1481943
366399085, 367753942, 1354857
367875199, 369376114, 1500915
369502171, 370860685, 1358514
370981256, 372449599, 1468343
373549028, 374943314, 1394286
375226628, 376566971, 1340343
376695428, 377987428, 1292000
378258514, 379586399, 1327885
379713828, 381158971, 1445143
381287542, 382610399, 1322857
382736685, 385198971, 2462286
385326399, 386687428, 1361029
386807428, 388297028, 1489600
388422742, 389791771, 1369029
389912914, 391392914, 1480000
391519771, 392838742, 1318971
392961485, 394433485, 1472000
395573142, 396922171, 1349029
397204342, 398549485, 1345143
398676799, 400035999, 1359200
400308457, 401645942, 1337485
401766285, 403259771, 1493486
403385371, 404768228, 1382857
404889599, 407321599, 2432000
407449942, 408846399, 1396457
408966628, 410427657, 1461029
410554742, 411862171, 1307429
411983656, 413443657, 1460001
413571428, 414879314, 1307886
415000342, 416502285, 1501943
416628799, 419000114, 2371315
419278628, 420630628, 1352000
420752456, 422240571, 1488115
422367428, 423759428, 1392000
423880685, 425339199, 1458514
425466399, 426861485, 1395086
426982171, 428485028, 1502857
429561028, 430919656, 1358628
431199085, 432535885, 1336800
432664114, 433964228, 1300114
434243999, 435631885, 1387886
435754399, 437240114, 1485715
437367199, 438763999, 1396800
438885256, 440376799, 1491543
440507085, 441874285, 1367200
442006171, 444753256, 2747085
444889028, 445830056, 941028
445949599, 446835885, 886286
446956342, 447841371, 885029
447961371, 448836914, 875543
448955999, 449829371, 873372
449947771, 450837828, 890057
450958171, 453466628, 2508457
453592914, 454958514, 1365600
455241371, 456635542, 1394171
456757028, 458191428, 1434400
458317599, 459652456, 1334857
459773142, 461232914, 1459772
461357828, 463799771, 2441943
463921485, 465418057, 1496572
465545371, 466853485, 1308114
466974628, 468436342, 1461714
468561828, 469900571, 1338743
470021485, 471489257, 1467772
471614628, 472909142, 1294514
473030399, 475591199, 2560800
475717256, 477166057, 1448801
477293371, 478619085, 1325714
478742056, 480030171, 1288115
480295542, 481704799, 1409257
481825714, 483292457, 1466743
483417714, 484777599, 1359885
485832685, 487323999, 1491314
487450742, 488836799, 1386057
488957371, 490417028, 1459657
490543657, 491880228, 1336571
492001142, 493510971, 1509829
493638056, 494979999, 1341943
495254857, 497700114, 2445257
497822056, 499345257, 1523201
499473599, 500822742, 1349143
500944914, 502425942, 1481028
502554742, 503873485, 1318743
503995428, 505479085, 1483657
505606171, 506894171, 1288000
507958171, 509431657, 1473486
509559542, 510875314, 1315772
510999314, 512472114, 1472800
512599199, 513895314, 1296115
514179657, 515530285, 1350628
515656914, 517005371, 1348457
517800114, 520478399, 2678285
520606742, 521937714, 1330972
522228342, 523624685, 1396343
523746056, 525210857, 1464801
525337942, 526743885, 1405943
526865485, 528329942, 1464457
528455885, 531184571, 2728686
531322857, 532789942, 1467085
532912456, 534400914, 1488458
534529028, 535854171, 1325143
535976799, 537490628, 1513829
537616456, 538906285, 1289829
539027428, 540506971, 1479543
540633257, 542890171, 2256914
543024799, 544546628, 1521829
544672457, 546241485, 1569028
546367999, 547782056, 1414057
547903314, 549370171, 1466857
549495085, 550814628, 1319543
550935656, 552420685, 1485029
552547771, 554878628, 2330857
555002056, 556494628, 1492572
556620342, 557924571, 1304229
558216114, 559570628, 1354514
559696914, 561008571, 1311657
561286628, 562639999, 1353371
562761828, 565429714, 2667886
565564342, 566936228, 1371886
567219771, 568575428, 1355657
568701714, 569993142, 1291428
570265142, 571606285, 1341143
571732342, 573230857, 1498515
573356342, 574725028, 1368686
574846514, 577250742, 2404228
577377714, 578738285, 1360571
578859199, 580306399, 1447200
580432114, 581819885, 1387771
581940342, 583418857, 1478515
583544685, 584867314, 1322629
584988342, 586463314, 1474972
586588685, 589602399, 3013714
589730171, 591184914, 1454743
591311085, 592732114, 1421029
592853485, 594310628, 1457143
594435885, 595783542, 1347657
595904342, 597374857, 1470515
597499885, 598819542, 1319657
599898056, 601428685, 1530629
601555314, 602904571, 1349257
603171314, 604501714, 1330400
604626742, 605908228, 1281486
606187999, 607524914, 1336915
607650742, 608982056, 1331314
609266171, 611680342, 2414171
611801485, 613303428, 1501943
613429599, 614800228, 1370629
614922285, 616411542, 1489257
616539771, 617843999, 1304228
617975428, 619475199, 1499771
619600914, 620911428, 1310514
621995085, 623495428, 1500343
623621599, 624905714, 1284115
625174628, 626496571, 1321943
626622971, 627897828, 1274857
628163657, 629497142, 1333485
629622514, 630912799, 1290285
631034399, 633727542, 2693143
633861828, 635376571, 1514743
635504228, 636823428, 1319200
636944571, 638421828, 1477257
638548342, 639890399, 1342057
640011656, 641485257, 1473601
641609942, 642893028, 1283086
643013942, 645425942, 2412000
645553828, 646895771, 1341943
647016799, 648546857, 1530058
648673828, 650027771, 1353943
650303314, 651638514, 1335200
651760114, 653258285, 1498171
653384571, 654750971, 1366400
655779428, 657324571, 1545143
657450742, 658816914, 1366172
658938171, 660438285, 1500114
660564571, 661873028, 1308457
661995542, 663486514, 1490972
663616228, 664902285, 1286057
665190514, 667491314, 2300800
667618971, 668935771, 1316800
669213371, 670590514, 1377143
670714628, 672021028, 1306400
672290171, 673670171, 1380000
673803999, 675295199, 1491200
675420799, 676778971, 1358172
677837256, 679325599, 1488343
679450742, 680787656, 1336914
680916799, 682428114, 1511315
682555542, 683897371, 1341829
684018056, 685480228, 1462172
685610742, 687010971, 1400229
687286171, 689631199, 2345028
689766171, 691308342, 1542171
691434742, 692805028, 1370286
692925599, 694393828, 1468229
694519999, 695827085, 1307086
695948228, 697415771, 1467543
697542057, 698860456, 1318399
698981828, 701417828, 2436000
701545257, 702852571, 1307314
702973942, 704483657, 1509715
704609257, 705904114, 1294857
706178285, 707515885, 1337600
707641371, 708962628, 1321257
709249714, 710639199, 1389485
710761714, 713380457, 2618743
713508114, 714839999, 1331885
714962514, 716429828, 1467314
716557142, 717883199, 1326057
718004799, 719484457, 1479658
719611085, 720930856, 1319771
721230057, 722626971, 1396914
723703199, 725244342, 1541143
725370057, 726745256, 1375199
726867085, 728328228, 1461143
728455199, 729846971, 1391772
729969142, 731485371, 1516229
731611771, 732913942, 1302171
733188799, 735536571, 2347772
735664914, 737034742, 1369828
737309485, 738655085, 1345600
738776571, 740264342, 1487771
740390171, 741766399, 1376228
741888114, 743349714, 1461600
743475885, 744836228, 1360343
745916914, 747431199, 1514285
747558857, 748892914, 1334057
749014171, 750503771, 1489600
750629714, 751921028, 1291314
752732456, 754347085, 1614629
754472228, 755803085, 1330857
756862514, 758361714, 1499200
758487542, 759804114, 1316572
759924914, 761395657, 1470743
761521828, 762877599, 1355771
762998628, 764470285, 1471657
764596457, 766251885, 1655428
766378171, 768659085, 2280914
768779999, 769669599, 889600
769788456, 770666857, 878401
770786056, 771652342, 866286
771769714, 772633942, 864228
772751999, 773616114, 864115
773733142, 775878856, 2145714
776000914, 777477828, 1476914
777602171, 779890971, 2288800
780012914, 781498971, 1486057
781624685, 782959199, 1334514
783239199, 784582857, 1343658
784706971, 786003999, 1297028
786273028, 787611085, 1338057
787731885, 789042399, 1310514
790465485, 791855771, 1390286
791977485, 793489028, 1511543
793614285, 794934056, 1319771
795220571, 796554285, 1333714
796679885, 797983314, 1303429
798255199, 799590628, 1335429
799715428, 802015542, 2300114
802292799, 803722399, 1429600
803842056, 805311771, 1469715
805437371, 806818171, 1380800
806938285, 808410285, 1472000
808538628, 809895085, 1356457
810014971, 811493942, 1478971
812528457, 813886971, 1358514
814006742, 815491428, 1484686
815616799, 816905828, 1289029
817189942, 818522399, 1332457
818647542, 819922514, 1274972
820197142, 821519085, 1321943
821644799, 824208114, 2563315
824335314, 825746971, 1411657
825866628, 827339428, 1472800
827465257, 828788228, 1322971
828908685, 830402285, 1493600
830531657, 831932456, 1400799
832214514, 833561485, 1346971
834634057, 836180914, 1546857
836307771, 837642971, 1335200
837763199, 839250171, 1486972
839375771, 840708571, 1332800
840836228, 842335999, 1499771
842460799, 843815085, 1354286
843935656, 846312228, 2376572
846447428, 847865256, 1417828
847985828, 849491428, 1505600
849616342, 850961599, 1345257
851237028, 852602171, 1365143
852724685, 854006399, 1281714
854272342, 855604228, 1331886
855724914, 857662971, 1938057
857783314, 859257942, 1474628
859383085, 860772685, 1389600
860894628, 862379542, 1484914
862504342, 863817371, 1313029
863937599, 865420914, 1483315
865546285, 866866399, 1320114
866986171, 869558514, 2572343
869684914, 870977828, 1292914
871248685, 872581257, 1332572
872705828, 874164571, 1458743
874292799, 875633714, 1340915
875754056, 877238742, 1484686
877363999, 878694628, 1330629
878814056, 881398399, 2584343
881525485, 882889028, 1363543
883008571, 884468799, 1460228
884594971, 885921028, 1326057
886212799, 887599542, 1386743
887724342, 889034628, 1310286
889307314, 890725942, 1418628
890846971, 893208914, 2361943
893346285, 894746399, 1400114
894866628, 896347542, 1480914
896472457, 897817028, 1344571
897937485, 899409485, 1472000
899535428, 900893256, 1357828
901013599, 902493485, 1479886
902619314, 904580914, 1961600
904703314, 906012228, 1308914
906289942, 907654742, 1364800
907774285, 909270285, 1496000
909395428, 910769028, 1373600
910889714, 912349142, 1459428
912474171, 913828114, 1353943
913948914, 916504342, 2555428
916630514, 917929485, 1298971
918207771, 919533485, 1325714
919658056, 920944114, 1286058
921224799, 922558057, 1333258
922682056, 923963428, 1281372
924234399, 925615885, 1381486
925736571, 928270514, 2533943
928397599, 929785256, 1387657
929904685, 931364799, 1460114
931490057, 932855314, 1365257
932975542, 934477142, 1501600
934601599, 935883428, 1281829
936004114, 937477714, 1473600
938565028, 939898285, 1333257
940018971, 941509714, 1490743
941634628, 942922514, 1287886
943209828, 944905256, 1695428
945035314, 946539999, 1504685
946665714, 947975314, 1309600
948253485, 950571657, 2318172
950698971, 952005142, 1306171
952282171, 953618628, 1336457
953740456, 955230399, 1489943
955354628, 956689256, 1334628
956809828, 958288571, 1478743
958413942, 959286057, 872115
959410285, 961533257, 2122972
961669142, 962600457, 931315
962721256, 964618857, 1897601
964740685, 966238742, 1498057
966363542, 967781485, 1417943
967902742, 969383085, 1480343
969509028, 970825485, 1316457
970947542, 972425828, 1478286
972552799, 974944114, 2391315
975229371, 976576571, 1347200
976701485, 978164571, 1463086
978291314, 979628228, 1336914
979749028, 981193142, 1444114
981836914, 983398742, 1561828
983523771, 985778742, 2254971
985914856, 987382285, 1467429
987507428, 988826171, 1318743
988946514, 990411428, 1464914
990536914, 991862628, 1325714
991982628, 993434628, 1452000
993560457, 994864456, 1303999
994985256, 997413371, 2428115
997540914, 998888342, 1347428
999008571, 527657, -998480914
662628, 2023656, 1361028
2295199, 3687542, 1392343
3806399, 5275314, 1468915
5398628, 6767199, 1368571
7794856, 9332799, 1537943
9456228, 10818856, 1362628
10937942, 12397599, 1459657
12522742, 13831428, 1308686
13951199, 15415199, 1464000
15540571, 16854399, 1313828
16973371, 19421142, 2447771
19547999, 20868685, 1320686
20988228, 22467542, 1479314
22595999, 23890171, 1294172
24010285, 25473942, 1463657
25598514, 26886856, 1288342
27007885, 28464914, 1457029
28589599, 30904342, 2314743
31179885, 32508571, 1328686
32632228, 33927656, 1295428
34207085, 35596914, 1389829
35721142, 37016685, 1295543
37285942, 38612685, 1326743
38732914, 40018056, 1285142
41213599, 42628914, 1415315
42756799, 44242514, 1485715
44367885, 45728342, 1360457
45847656, 47298057, 1450401
47422857, 48726056, 1303199
48854171, 50351542, 1497371
50475771, 51354971, 879200
51476342, 54254285, 2777943
54380914, 55746971, 1366057
55866171, 57317257, 1451086
57441942, 58797028, 1355086
58916799, 60379657, 1462858
60504457, 61813485, 1309028
61933828, 63414057, 1480229
63538285, 65959314, 2421029
66243314, 67584799, 1341485
67709256, 69160914, 1451658
69286514, 70618514, 1332000
70741485, 72222628, 1481143
72347542, 73668456, 1320914
73787771, 75265142, 1477371
75389142, 77837485, 2448343
77959428, 79435199, 1475771
79561371, 80430399, 869028
80553942, 81413714, 859772
81536685, 82408228, 871543
82530285, 83399085, 868800
83521714, 84393142, 871428
84515085, 85388114, 873029
85510628, 86371085, 860457
86493599, 89825828, 3332229
89961942, 91547199, 1585257
91671999, 93031085, 1359086
93299199, 94667657, 1368458
94787885, 96281599, 1493714
96404799, 97762628, 1357829
97882514, 99356457, 1473943
99481599, 101934285, 2452686
102221028, 103579542, 1358514
103706285, 105015885, 1309600
105283199, 106629142, 1345943
106750056, 108200342, 1450286
108327085, 109670399, 1343314
109790742, 111268685, 1477943
111393828, 113844799, 2450971
113968114, 115444457, 1476343
115570171, 116870171, 1300000
116991656, 118472114, 1480458
118597942, 119956571, 1358629
120235657, 121569828, 1334171
121695771, 122991199, 1295428
124208571, 125616799, 1408228
125739656, 127201714, 1462058
127327085, 128736342, 1409257
128857256, 130362857, 1505601
130488571, 131807885, 1319314
131928685, 133401828, 1473143
133529828, 135851999, 2322171
135976114, 137452799, 1476685
137580685, 138877028, 1296343
138999199, 140510742, 1511543
140636571, 141977599, 1341028
142258057, 143643314, 1385257
143765142, 146457371, 2692229
146592114, 148003656, 1411542
148282285, 149667885, 1385600
149789485, 151279085, 1489600
151405142, 152766514, 1361372
152888114, 154367085, 1478971
154493942, 155828342, 1334400
155951885, 158016456, 2064571
158289942, 159627771, 1337829
159750285, 161049828, 1299543
161318171, 162730514, 1412343
162852342, 164315657, 1463315
164442742, 165797828, 1355086
165919656, 167395542, 1475886
167523542, 169929371, 2405829
170216457, 171561371, 1344914
171688571, 173041599, 1353028
173311771, 174644342, 1332571
174767428, 176256457, 1489029
176382399, 177732114, 1349715
177854514, 180580342, 2725828
180716456, 182230857, 1514401
182356228, 183742285, 1386057
183862742, 185322399, 1459657
185447542, 186813256, 1365714
186934171, 188406742, 1472571
188533371, 189843428, 1310057
189965485, 192379542, 2414057
192508914, 193839656, 1330742
193962742, 195430171, 1467429
195560571, 196907999, 1347428
197030971, 198520457, 1489486
198648228, 199946514, 1298286
200230971, 201619885, 1388914
202682399, 203981485, 1299086
204253942, 205604114, 1350172
205727542, 207224571, 1497029
207350628, 208712571, 1361943
208835428, 210294171, 1458743
210421485, 211828799, 1407314
211951771, 214480914, 2529143
214609714, 215917142, 1307428
216199085, 217562857, 1363772
218440457, 219879542, 1439085
220013256, 221514514, 1501258
221640228, 222941142, 1300914
223220228, 225606171, 2385943
225733485, 227206285, 1472800
227332228, 228734171, 1401943
228856114, 230322742, 1466628
230449142, 231811771, 1362629
231933828, 233426628, 1492800
233554399, 234853028, 1298629
234975885, 237553371, 2577486
237682171, 238996228, 1314057
239271885, 240599428, 1327543
240725371, 242033714, 1308343
242299771, 243620685, 1320914
243742971, 245246971, 1504000
245373485, 246741371, 1367886
246863885, 249441828, 2577943
249571314, 250879885, 1308571
251001828, 252465371, 1463543
252592685, 253900685, 1308000
254022628, 255493828, 1471200
255620228, 256968456, 1348228
257246399, 258632114, 1385715
258754856, 261015199, 2260343
261287885, 262632571, 1344686
262754514, 264203085, 1448571
264330971, 265658399, 1327428
265780114, 267267428, 1487314
267392228, 268749142, 1356914
268870856, 271469714, 2598858
271597599, 272903771, 1306172
273024456, 274516685, 1492229
274644114, 275941828, 1297714
276216914, 277603199, 1386285
277727085, 279027085, 1300000
279295199, 280687314, 1392115
281761485, 283257028, 1495543
283383314, 284761485, 1378171
284881942, 286355314, 1473372
286481371, 287802742, 1321371
287934285, 289444571, 1510286
289572799, 290874514, 1301715
290996228, 293501371, 2505143
293630514, 294941028, 1310514
295215199, 296598285, 1383086
296721028, 298209142, 1488114
298335999, 299672456, 1336457
299794285, 301279542, 1485257
301405828, 302788114, 1382286
303877599, 305387428, 1509829
305514857, 306839771, 1324914
306962628, 308423085, 1460457
308549599, 309893828, 1344229
310015999, 311486628, 1470629
311612914, 312896571, 1283657
313018399, 315535314, 2516915
315663085, 317291428, 1628343
317418514, 318802514, 1384000
318923199, 320411999, 1488800
320539428, 321867885, 1328457
321988685, 323482971, 1494286
323609485, 326318742, 2709257
326453371, 327874628, 1421257
327995771, 329511428, 1515657
329637371, 330513028, 875657
330634171, 332256342, 1622171
332385028, 333262171, 877143
333387657, 334255885, 868228
334379999, 335949942, 1569943
337199885, 338575771, 1375886
338702285, 340162057, 1459772
340288685, 341669028, 1380343
341789828, 343268685, 1478857
343393142, 344747542, 1354400
344868685, 346323314, 1454629
346448342, 348476457, 2028115
348601942, 349896571, 1294629
350017485, 351495428, 1477943
351620914, 352920571, 1299657
353192914, 354526514, 1333600
354653028, 355960685, 1307657
356232914, 357567885, 1334971
357693714, 360179657, 2485943
360309371, 361596571, 1287200
361726628, 363282742, 1556114
363409485, 364789828, 1380343
364911542, 366390514, 1478972
366518285, 367846056, 1327771
367968342, 369434514, 1466172
370511199, 371882399, 1371200
372004914, 373483885, 1478971
373610742, 374897485, 1286743
375173371, 376544685, 1371314
376672799, 377989371, 1316572
378279199, 379613142, 1333943
379735656, 381998171, 2262515
382270514, 383612571, 1342057
383733142, 385033371, 1300229
385305714, 386675542, 1369828
386809714, 388303085, 1493371
388428342, 389802399, 1374057
389921942, 391410628, 1488686
391536228, 393989599, 2453371
394271085, 395611542, 1340457
395732456, 397213257, 1480801
397339314, 398743885, 1404571
398863999, 400320114, 1456115
400445371, 401797714, 1352343
401918399, 403371542, 1453143
403497485, 405916456, 2418971
406039771, 407577828, 1538057
407704456, 409016456, 1312000
409287771, 410670399, 1382628
410792685, 412284799, 1492114
412411085, 413817485, 1406400
413939885, 416624114, 2684229
416758971, 418293028, 1534057
418418057, 419827085, 1409028
419946856, 421426742, 1479886
421552457, 422861371, 1308914
422982514, 424441257, 1458743
424566514, 425858971, 1292457
425980571, 428418171, 2437600
428549142, 429906628, 1357486
430029371, 431520228, 1490857
431647885, 432949599, 1301714
433229714, 434581371, 1351657
434709485, 436010856, 1301371
436278399, 437618856, 1340457
437746056, 440375771, 2629715
440505257, 441882285, 1377028
442005256, 443490399, 1485143
443617485, 444961485, 1344000
445244228, 446591657, 1347429
446718056, 448176571, 1458515
448303771, 450899428, 2595657
451751656, 453365599, 1613943
453492228, 454829828, 1337600
454952228, 456429599, 1477371
456557599, 457873256, 1315657
457995771, 459468571, 1472800
459594856, 460876228, 1281372
460998285, 463598514, 2600229
463725599, 465193485, 1467886
465321599, 466659542, 1337943
466781142, 468269714, 1488572
468396342, 469785942, 1389600
469908571, 471387314, 1478743
471515199, 472842514, 1327315
473932914, 475452114, 1519200
475581599, 476886514, 1304915
477008114, 478480114, 1472000
478606285, 479891656, 1285371
480013714, 481480342, 1466628
481606742, 482960342, 1353600
483239085, 485635771, 2396686
485757028, 487260571, 1503543
487385371, 488760685, 1375314
488880456, 489764228, 883772
489882056, 490751428, 869372
490869371, 492895428, 2026057
493018971, 494545371, 1526400
494672228, 496998971, 2326743
497271428, 498624914, 1353486
498748228, 500190971, 1442743
500317028, 501658971, 1341943
501779428, 503273485, 1494057
503398171, 504780799, 1382628
504901142, 506380228, 1479086
507508342, 508913371, 1405029
509199657, 510544914, 1345257
510669485, 512020571, 1351086
512289142, 513674628, 1385486
513795085, 515283085, 1488000
515408228, 516784914, 1376686
516905714, 518929942, 2024228
519211771, 520605599, 1393828
520728342, 522213485, 1485143
522339428, 523752571, 1413143
523874514, 525338628, 1464114
525465142, 526852114, 1386972
526974285, 528443428, 1469143
529575199, 530981599, 1406400
531259542, 532607999, 1348457
532735428, 534187657, 1452229
534315657, 535746399, 1430742
535868685, 537329371, 1460686
537455085, 538809599, 1354514
538932228, 541369257, 2437029
541497942, 542836914, 1338972
542958971, 544431885, 1472914
544558514, 545881371, 1322857
546002856, 547492342, 1489486
547617599, 548907771, 1290172
549028456, 550504342, 1475886
550630057, 553203314, 2573257
553332799, 554723199, 1390400
554843885, 556297257, 1453372
556423085, 557780914, 1357829
557901942, 559390628, 1488686
559517257, 560398857, 881600
560522399, 561392799, 870400
561515999, 562382057, 866058
562505828, 565568799, 3062971
565694628, 566997942, 1303314
567269257, 568669485, 1400228
568799085, 570302628, 1503543
570429257, 571837256, 1407999
571958056, 573459999, 1501943
573586057, 576211314, 2625257
576348571, 577761485, 1412914
577882399, 579368914, 1486515
579495771, 580811885, 1316114
580932685, 582409028, 1476343
582534971, 583866742, 1331771
583986971, 585456457, 1469486
585581142, 588247085, 2665943
588383542, 589785828, 1402286
589906628, 591398399, 1491771
591525142, 592839428, 1314286
592960456, 594424228, 1463772
594552114, 595869371, 1317257
595990399, 598687314, 2696915
598821942, 600329714, 1507772
600455542, 601808685, 1353143
601929371, 603389599, 1460228
603516457, 604869828, 1353371
604990628, 606458628, 1468000
606584685, 607869714, 1285029
607990628, 610425942, 2435314
610554742, 611448114, 893372
611570971, 612438971, 868000
612562285, 613424799, 862514
614460914, 615850971, 1390057
615980799, 617490628, 1509829
617616799, 618975085, 1358286
619251885, 620598857, 1346972
620723771, 622012228, 1288457
622279314, 623619314, 1340000
624687885, 626026285, 1338400
626298399, 627679885, 1381486
627799999, 629283657, 1483658
629409142, 630774171, 1365029
630895085, 632358285, 1463200
632484571, 633843542, 1358971
633964914, 636392457, 2427543
636519771, 637846742, 1326971
637967314, 639436114, 1468800
639562171, 640873142, 1310971
640995085, 642503314, 1508229
642629485, 643956228, 1326743
644239542, 645581828, 1342286
645706399, 648249371, 2542972
648377142, 649777599, 1400457
649899885, 651373257, 1473372
651499199, 652857256, 1358057
652977028, 654436571, 1459543
654563428, 655881028, 1317600
656000571, 657466171, 1465600
657594171, 659644456, 2050285
659768342, 661265828, 1497486
661391999, 662741142, 1349143
662862056, 664325599, 1463543
664451885, 665813485, 1361600
665939542, 667411657, 1472115
667539085, 668898171, 1359086
669019542, 671615199, 2595657
671738856, 673192914, 1454058
673319771, 674670171, 1350400
674790628, 676279999, 1489371
676406742, 677791428, 1384686
677912114, 679387199, 1475085
679514857, 680875542, 1360685
682670399, 684280114, 1609715
684405371, 685792114, 1386743
685912114, 687387999, 1475885
687514742, 688832914, 1318172
688952685, 690417599, 1464914
690544571, 693176228, 2631657
693314057, 694739999, 1425942
694862399, 696342628, 1480229
696468342, 697811314, 1342972
697932228, 699403314, 1471086
699529714, 700846399, 1316685
700967314, 702427199, 1459885
702554057, 704872114, 2318057
704994056, 706490514, 1496458
706615771, 707899085, 1283314
708168799, 709502971, 1334172
709628342, 710973256, 1344914
711246514, 712581828, 1335314
712706399, 713994399, 1288000
714263085, 716657028, 2393943
716778742, 718267314, 1488572
718392342, 719766628, 1374286
719887314, 721354171, 1466857
721479199, 722821942, 1342743
722942399, 724442399, 1500000
724568114, 725868114, 1300000
725989485, 728357599, 2368114
728482628, 729802628, 1320000
729934399, 731447199, 1512800
731573371, 732880685, 1307314
733001599, 734470514, 1468915
734595885, 735903771, 1307886
736023428, 738401599, 2378171
738528571, 739845942, 1317371
739967542, 741431428, 1463886
741558742, 742872342, 1313600
742993828, 744467199, 1473371
744592457, 745879085, 1286628
745999428, 747455428, 1456000
747580914, 749916342, 2335428
750193257, 751538399, 1345142
751664456, 752947199, 1282743
753225371, 754559428, 1334057
754684571, 755971199, 1286628
756242514, 757577485, 1334971
757702971, 758991428, 1288457
759267314, 759992228, 724914
760250514, 760978285, 727771
761234628, 761958056, 723428
762219199, 762946056, 726857
763210057, 763937714, 727657
764188914, 764920342, 731428
766975656, 768633142, 1657486
768753942, 770253142, 1499200
770377942, 771795885, 1417943
771915999, 773373028, 1457029
773497714, 774858856, 1361142
774979428, 776447542, 1468114
776573371, 778950171, 2376800
779234285, 780594171, 1359886
780718628, 782008342, 1289714
782275771, 783609142, 1333371
783734056, 785165257, 1431201
785292571, 786670514, 1377943
786790399, 788273371, 1482972
789402514, 790811656, 1409142
790932571, 792732685, 1800114
792852914, 794351085, 1498171
794475885, 795795999, 1320114
795916571, 797381371, 1464800
797507199, 798814742, 1307543
798934628, 801498285, 2563657
801625256, 802913485, 1288229
803192342, 804575085, 1382743
804700571, 805991656, 1291085
806264914, 807649371, 1384457
807769485, 809253257, 1483772
809378285, 811310628, 1932343
811442742, 812618857, 1176115
812738514, 814851771, 2113257
814974628, 816466628, 1492000
816593028, 817882742, 1289714
818003199, 819475314, 1472115
819601142, 820893371, 1292229
821015199, 822485828, 1470629
822611542, 823909714, 1298172
824030971, 826612914, 2581943
826739085, 828037371, 1298286
828307199, 829643656, 1336457
829765028, 831198285, 1433257
831323657, 832647885, 1324228
832767656, 834256114, 1488458
834381599, 835740914, 1359315
835861714, 838438742, 2577028
838567085, 839874171, 1307086
839995085, 841458285, 1463200
841585371, 842895771, 1310400
843016799, 844543885, 1527086
844670171, 846024228, 1354057
846319085, 848640228, 2321143
848782171, 850311428, 1529257
850437371, 851786399, 1349028
851914628, 853406628, 1492000
853532914, 854858514, 1325600
854980456, 856442399, 1461943
856569142, 857859999, 1290857
857980799, 860412914, 2432115
860540914, 861856685, 1315771
861977942, 863487428, 1509486
863612685, 864895085, 1282400
865016114, 866528228, 1512114
866653942, 867950056, 1296114
868232228, 869574742, 1342514
869702628, 872240114, 2537486
872367314, 873740228, 1372914
873861142, 875316342, 1455200
875440914, 876792342, 1351428
876914056, 878379999, 1465943
878505371, 879815656, 1310285
879937142, 881403199, 1466057
881528914, 883924342, 2395428
884202971, 885596228, 1393257
885721714, 887019085, 1297371
887290514, 888629942, 1339428
888751542, 890199428, 1447886
890324685, 891660228, 1335543
891781714, 893257942, 1476228
894383085, 895780571, 1397486
895902056, 897387085, 1485029
897515085, 898827771, 1312686
898949485, 900427885, 1478400
900554285, 901861371, 1307086
901983656, 903456685, 1473029
903582514, 905866171, 2283657
905989942, 907477257, 1487315
907604685, 908897828, 1293143
909018742, 910511314, 1492572
911378514, 912866971, 1488457
912988228, 914455999, 1467771
914583085, 916807199, 2224114
916928685, 918399999, 1471314
918525828, 919396571, 870743
919519885, 920389028, 869143
920513142, 921386514, 873372
921510514, 922384914, 874400
922508914, 924497142, 1988228
924630171, 926905714, 2275543
927201257, 928602399, 1401142
928727199, 930210171, 1482972
930336799, 931682514, 1345715
931803085, 933281942, 1478857
933406514, 934782628, 1376114
934902399, 936379771, 1477372
936505371, 938517714, 2012343
938647657, 939952685, 1305028
940233828, 941580799, 1346971
941706514, 943005371, 1298857
943275428, 944618399, 1342971
944739542, 946533828, 1794286
946665028, 949388571, 2723543
949522285, 950907656, 1385371
951181828, 952535542, 1353714
952661942, 953960571, 1298629
954237257, 955578399, 1341142
955702856, 957000342, 1297486
957269714, 958613028, 1343314
958734742, 960987085, 2252343
961276799, 962624799, 1348000
962745828, 964444685, 1698857
964572914, 965892571, 1319657
966012571, 967496799, 1484228
967622514, 968923999, 1301485
969204342, 970534971, 1330629
970660799, 973208114, 2547315
973337485, 974678971, 1341486
974798971, 976283199, 1484228
976407657, 977784799, 1377142
977904571, 979399999, 1495428
979527199, 980843085, 1315886
980964799, 982432914, 1468115
983564571, 984972914, 1408343
985247199, 986591657, 1344458
986716228, 988025028, 1308800
988296799, 989685599, 1388800
989805828, 991281142, 1475314
991405942, 992749371, 1343429
992870056, 995278171, 2408115
995405142, 996783428, 1378286
996904228, 998409942, 1505714
998541257, 999960914, 1419657
244685, 1595885, 1351200
1714628, 3046514, 1331886
3313257, 4647657, 1334400
5683428, 7224914, 1541486
7347657, 8705371, 1357714
8834742, 10294171, 1459429
10417714, 11790514, 1372800
11910056, 13425142, 1515086
13549828, 14863885, 1314057
14984799, 17423771, 2438972
17550971, 18874856, 1323885
18994742, 20458514, 1463772
20584914, 21890628, 1305714
22010514, 23485599, 1475085
23610399, 24917714, 1307315
25038742, 26554857, 1516115
26678971, 29204342, 2525371
29333371, 30725599, 1392228
30846056, 32345485, 1499429
32470628, 33792228, 1321600
33912114, 35399199, 1487085
35525371, 36854856, 1329485
36975656, 38429142, 1453486
38555542, 40990856, 2435314
41266971, 42668342, 1401371
42788685, 44272914, 1484229
44398514, 45821028, 1422514
45940914, 47412342, 1471428
47538628, 48898285, 1359657
49018514, 51695085, 2676571
51827771, 53335657, 1507886
53461028, 54814285, 1353257
54935542, 56405028, 1469486
56530857, 57853942, 1323085
57975199, 59444685, 1469486
59570628, 60863885, 1293257
60983885, 63194171, 2210286
63321485, 64655999, 1334514
64775771, 66266742, 1490971
66389828, 67799085, 1409257
67918628, 69406857, 1488229
69531199, 70847199, 1316000
70968228, 72429714, 1461486
72554171, 74990399, 2436228
75274857, 76616799, 1341942
76737256, 78224228, 1486972
78347999, 79699199, 1351200
79828571, 81339885, 1511314
81464799, 82831999, 1367200
82952114, 84434057, 1481943
85526285, 86908571, 1382286
87027542, 88556914, 1529372
88680914, 90178057, 1497143
90304685, 91731885, 1427200
91851885, 93298514, 1446629
93422399, 94789371, 1366972
94909142, 97357257, 2448115
97484228, 98807885, 1323657
98927656, 100396799, 1469143
100523199, 101847885, 1324686
101970399, 103433714, 1463315
103561371, 104866285, 1304914
104987428, 106454285, 1466857
106580571, 108950742, 2370171
109232685, 110586971, 1354286
110712114, 112008456, 1296342
112277028, 113620571, 1343543
113742171, 115174514, 1432343
115300342, 116635885, 1335543
116756456, 118246285, 1489829
118371542, 120789485, 2417943
120910856, 122397942, 1487086
122523999, 123848456, 1324457
123970285, 125430857, 1460572
125559542, 126895999, 1336457
127167199, 128567657, 1400458
128693485, 130032799, 1339314
131211428, 131986742, 775314
132244571, 132991085, 746514
133243885, 134939428, 1695543
135221828, 136585485, 1363657
136713485, 138008456, 1294971
138279885, 139669256, 1389371
139791428, 141287199, 1495771
141414285, 142833371, 1419086
142957028, 145343085, 2386057
145481257, 146890856, 1409599
147011771, 148535885, 1524114
149388228, 150868571, 1480343
150988685, 152502628, 1513943
152627771, 153922399, 1294628
154200914, 156464914, 2264000
156596342, 157902171, 1305829
158022514, 159546742, 1524228
159671314, 161027656, 1356342
161294285, 162708456, 1414171
162828571, 164297828, 1469257
164422742, 165784342, 1361600
165904571, 168499428, 2594857
168627771, 169993256, 1365485
170268228, 171614171, 1345943
171738056, 173185485, 1447429
173312114, 174641142, 1329028
174762285, 176194399, 1432114
176319885, 177725942, 1406057
178818971, 180339314, 1520343
180468342, 181823771, 1355429
181945142, 183424114, 1478972
183549257, 184857828, 1308571
184977828, 186691885, 1714057
186812799, 188306285, 1493486
188432342, 190734856, 2302514
190858628, 192365142, 1506514
192491314, 193857028, 1365714
193979999, 195441714, 1461715
195568342, 196865371, 1297029
196987885, 198445942, 1458057
198572571, 199442171, 869600
199565714, 201632456, 2066742
201767656, 202692914, 925258
202811199, 204743199, 1932000
204862971, 206336342, 1473371
206461257, 207814171, 1352914
207934056, 209401714, 1467658
209527199, 210846285, 1319086
210967999, 212431428, 1463429
212557142, 214951999, 2394857
215230399, 216586628, 1356229
216711314, 218164571, 1453257
218292342, 219630628, 1338286
219750856, 221212457, 1461601
221342971, 222689599, 1346628
222809599, 224297714, 1488115
224421714, 226868685, 2446971
226991656, 228498285, 1506629
228624228, 230311657, 1687429
230440571, 231817828, 1377257
231939428, 233415542, 1476114
233542628, 234864571, 1321943
234987314, 237652571, 2665257
237786628, 239320914, 1534286
239445942, 240324228, 878286
240447428, 241303085, 855657
241426514, 242282057, 855543
242405828, 243266171, 860343
243389142, 245515542, 2126400
245642856, 246946742, 1303886
247225599, 249553599, 2328000
249679999, 250975314, 1295315
251258285, 252639085, 1380800
252759656, 254239657, 1480001
254365942, 255726514, 1360572
255847999, 257337485, 1489486
257461828, 258811199, 1349371
259871542, 261387428, 1515886
261513828, 262845599, 1331771
262966856, 264431885, 1465029
264557714, 265869485, 1311771
265991199, 267460685, 1469486
267586057, 268868685, 1282628
268990399, 271522971, 2532572
271649828, 272955199, 1305371
273231885, 274578628, 1346743
274703656, 275989942, 1286286
276258742, 277593942, 1335200
277719085, 279012685, 1293600
279277485, 280009485, 732000
280266857, 282378514, 2111657
282513371, 283467085, 953714
283591771, 284473828, 882057
284598514, 285480114, 881600
285604342, 286489371, 885029
286613485, 288938971, 2325486
289235885, 290638514, 1402629
290761028, 292211085, 1450057
292337257, 293661371, 1324114
293781028, 295264799, 1483771
295389828, 296762628, 1372800
296882742, 298905828, 2023086
299030628, 300518857, 1488229
300645485, 301942628, 1297143
302223085, 303552457, 1329372
303677714, 304963542, 1285828
305235199, 306569942, 1334743
306695771, 308030856, 1335085
308302057, 310729599, 2427542
310850742, 312318285, 1467543
312442742, 313802742, 1360000
313923771, 315403657, 1479886
315529714, 316834056, 1304342
316964571, 318464457, 1499886
318592114, 319889828, 1297714
320010628, 322612114, 2601486
322739428, 324206057, 1466629
324332685, 325671314, 1338629
325790856, 327267771, 1476915
327392914, 328737714, 1344800
328859314, 330350285, 1490971
330475542, 331798399, 1322857
332889028, 334375885, 1486857
334502742, 335824228, 1321486
335943999, 337433371, 1489372
337559999, 338858742, 1298743
338981371, 340452457, 1471086
340578857, 341862742, 1283885
341984685, 344568342, 2583657
344694971, 346004799, 1309828
346280342, 347618399, 1338057
347740114, 349173371, 1433257
349301028, 350631771, 1330743
350752914, 352190628, 1437714
352316799, 353649256, 1332457
353771428, 356203771, 2432343
356332114, 357715428, 1383314
357837142, 359312914, 1475772
359438742, 360806399, 1367657
360927771, 362394057, 1466286
362522057, 363839771, 1317714
363962399, 365430171, 1467772
366545142, 367928456, 1383314
368205599, 369557257, 1351658
369684799, 370977828, 1293029
371251085, 372599314, 1348229
372723771, 374206514, 1482743
374333028, 375721714, 1388686
377743199, 379316571, 1573372
379442057, 381215999, 1773942
381343999, 382697371, 1353372
382818399, 384296114, 1477715
384420457, 385783999, 1363542
385904228, 387375428, 1471200
388453142, 389867771, 1414629
389988685, 391472114, 1483429
391598399, 392943542, 1345143
393224914, 394564342, 1339428
394689028, 396040914, 1351886
396312799, 397663199, 1350400
397783199, 400197828, 2414629
400325714, 401667199, 1341485
401786856, 403263999, 1477143
403389485, 404736456, 1346971
404856685, 406309371, 1452686
406434742, 407781142, 1346400
407901371, 409407657, 1506286
410506057, 411866171, 1360114
411986399, 413470399, 1484000
413596114, 414878514, 1282400
414998742, 416471657, 1472915
416598171, 417930171, 1332000
418051428, 419521828, 1470400
419648228, 422002514, 2354286
422275199, 423614742, 1339543
423740456, 425187542, 1447086
425313371, 426715656, 1402285
426835771, 428289257, 1453486
428414742, 429778514, 1363772
429898856, 431365257, 1466401
431491885, 433914285, 2422400
434038171, 435570971, 1532800
435696456, 436983885, 1287429
437257485, 438593028, 1335543
438718628, 440196799, 1478171
440325599, 441673256, 1347657
441793256, 444500571, 2707315
444636342, 446202285, 1565943
446329257, 447752114, 1422857
447872685, 449339885, 1467200
449465828, 450845485, 1379657
450965714, 452445714, 1480000
452575771, 453929371, 1353600
454204342, 454947085, 742743
456348685, 457733371, 1384686
457854856, 459310057, 1455201
459434857, 460798399, 1363542
460918971, 462391085, 1472114
462517257, 463837028, 1319771
463965942, 465445142, 1479200
465571085, 467879542, 2308457
468000685, 469477942, 1477257
469604114, 470892342, 1288228
471012685, 472473942, 1461257
472600685, 473930171, 1329486
474051999, 475537942, 1485943
475665371, 476946742, 1281371
478185257, 479588228, 1402971
479713942, 481194399, 1480457
481321142, 482752228, 1431086
482873714, 484315771, 1442057
484441599, 485805142, 1363543
485925714, 487414971, 1489257
487541485, 489844342, 2302857
489967542, 491461942, 1494400
491589256, 492944228, 1354972
493227314, 494564799, 1337485
494689485, 495980799, 1291314
496252457, 497639085, 1386628
497773828, 500507199, 2733371
500642628, 502198057, 1555429
502323999, 503744571, 1420572
503864342, 505333028, 1468686
505458628, 506809828, 1351200
506930514, 508410857, 1480343
508537028, 509844456, 1307428
509966399, 512399771, 2433372
512528228, 513853714, 1325486
513975314, 515443999, 1468685
515571428, 516871656, 1300228
516993028, 518441599, 1448571
518568799, 519893714, 1324915
520013485, 521470171, 1456686
521596342, 523974056, 2377714
524251542, 525607885, 1356343
525733256, 527027542, 1294286
527290628, 528701256, 1410628
528821485, 530291657, 1470172
530417142, 531777828, 1360686
531898056, 533386057, 1488001
534475542, 535835771, 1360229
535957256, 537438171, 1480915
537564914, 538924342, 1359428
539201942, 540538171, 1336229
540664228, 541962971, 1298743
542234171, 543572342, 1338171
543698628, 546207314, 2508686
546334514, 547721256, 1386742
547841028, 549343314, 1502286
549468914, 550826285, 1357371
550947085, 552416914, 1469829
552543657, 553855542, 1311885
553977714, 555447885, 1470171
556567542, 557960456, 1392914
558242857, 559634856, 1391999
559755085, 561245942, 1490857
561370514, 562765142, 1394628
562885942, 564339428, 1453486
564464228, 565851085, 1386857
565971999, 568437942, 2465943
568565714, 569868799, 1303085
569987771, 571453485, 1465714
571580571, 572887199, 1306628
573007199, 574464228, 1457029
574590857, 575940914, 1350057
576217142, 577544457, 1327315
577670856, 580032342, 2361486
580305371, 581649942, 1344571
581771085, 583190514, 1419429
583316457, 584639771, 1323314
584761714, 586181371, 1419657
586307657, 588319428, 2011771
588456457, 591232228, 2775771
591371199, 592766285, 1395086
592886628, 594360685, 1474057
594487771, 595801714, 1313943
595923085, 597386285, 1463200
597512571, 598827199, 1314628
598947542, 600426514, 1478972
600554057, 602632114, 2078057
602768799, 604442399, 1673600
604569371, 605883656, 1314285
606003656, 607469942, 1466286
607597371, 608944228, 1346857
609729256, 611336799, 1607543
611462399, 612852799, 1390400
612973485, 615584114, 2610629
615710056, 617018742, 1308686
617294171, 618643542, 1349371
618764456, 620207657, 1443201
620334171, 621962628, 1628457
622239428, 623593142, 1353714
623718514, 626380342, 2661828
626515199, 627888914, 1373715
628009942, 629531314, 1521372
629657142, 630993142, 1336000
631286971, 632709371, 1422400
632829256, 634337371, 1508115
634462514, 635820799, 1358285
635941942, 638500228, 2558286
638628457, 639974628, 1346171
640253257, 641607199, 1353942
641733256, 643027428, 1294172
643299657, 644634171, 1334514
644755428, 646046514, 1291086
646318742, 647660685, 1341943
647782171, 650028914, 2246743
650302742, 651681828, 1379086
651801256, 653286742, 1485486
653411771, 654787771, 1376000
654908342, 656383885, 1475543
656509942, 657818056, 1308114
657937942, 660468571, 2530629
660596685, 661890285, 1293600
662010171, 663496114, 1485943
663621256, 664915199, 1293943
665188571, 666536114, 1347543
666662742, 667944114, 1281372
668224228, 669563542, 1339314
669688799, 672253485, 2564686
672380457, 673745142, 1364685
673866285, 675340342, 1474057
675465599, 676827199, 1361600
676948228, 678418285, 1470057
678545257, 679863885, 1318628
679985485, 681460457, 1474972
681586971, 683826399, 2239428
683949142, 685457028, 1507886
685582057, 686918628, 1336571
687194514, 688584457, 1389943
688709256, 690051771, 1342515
690325599, 691670856, 1345257
691791085, 694339085, 2548000
694466857, 695824114, 1357257
695944685, 697426857, 1482172
697553028, 698861942, 1308914
698981714, 700440342, 1458628
700567428, 701856685, 1289257
701976228, 703433257, 1457029
703560342, 705934628, 2374286
706216114, 707556685, 1340571
707682742, 708982056, 1299314
709268342, 710645142, 1376800
710765371, 712186971, 1421600
712312914, 713647656, 1334742
713767885, 715244799, 1476914
715369599, 717836228, 2466629
717957028, 719436914, 1479886
719563657, 720887999, 1324342
721007885, 722500799, 1492914
722627314, 723971542, 1344228
724248114, 725626742, 1378628
725748342, 728434971, 2686629
728570971, 729936456, 1365485
730220914, 731587885, 1366971
731716914, 733166285, 1449371
733293257, 734630628, 1337371
734751542, 736196914, 1445372
736324114, 737654399, 1330285
737775999, 740250285, 2474286
740377828, 741764914, 1387086
741885485, 743363771, 1478286
743489714, 744813028, 1323314
744934171, 746417599, 1483428
746545828, 747860228, 1314400
747983656, 749451085, 1467429
749577942, 751947542, 2369600
752236457, 753611542, 1375085
753739999, 755050399, 1310400
755324342, 756668914, 1344572
756788685, 758281714, 1493029
758406171, 759767999, 1361828
759888799, 761366399, 1477600
762457714, 763822742, 1365028
763943085, 765419542, 1476457
765546399, 766869485, 1323086
766990399, 768537371, 1546972
768663428, 770401485, 1738057
770527657, 771886056, 1358399
772006628, 774467657, 2461029
774596685, 775958171, 1361486
776234285, 777582171, 1347886
777711428, 779194628, 1483200
779322514, 780659085, 1336571
780778971, 782217142, 1438171
782342857, 783671771, 1328914
784764685, 786285828, 1521143
786411428, 787759999, 1348571
787880228, 789335771, 1455543
789461599, 790809714, 1348115
790930056, 792384914, 1454858
792512114, 794202742, 1690628
794329028, 796311542, 1982514
796437714, 797789828, 1352114
797910514, 799386514, 1476000
799512228, 800390057, 877829
800513257, 801948685, 1435428
802249142, 803618514, 1369372
803739314, 804610857, 871543
804728685, 805600228, 871543
806649142, 808409942, 1760800
808542285, 809962971, 1420686
810238514, 811588914, 1350400
811714628, 813005485, 1290857
813284799, 814619314, 1334515
814741714, 816199542, 1457828
816325142, 818833599, 2508457
818969256, 820483999, 1514743
820610742, 821906971, 1296229
822028914, 823509714, 1480800
823635656, 824927314, 1291658
825206285, 826537714, 1331429
826663999, 827951428, 1287429
828226057, 830565599, 2339542
830705142, 832215314, 1510172
832341028, 833766628, 1425600
833887428, 835369028, 1481600
835494742, 836818056, 1323314
836940114, 838760342, 1820228
838881485, 840339199, 1457714
840464914, 842929942, 2465028
843746285, 845370971, 1624686
845495771, 846867314, 1371543
846987771, 848502514, 1514743
848627771, 849917371, 1289600
850038742, 851519314, 1480572
851645371, 853983999, 2338628
854260571, 855607656, 1347085
855728799, 857034399, 1305600
857303542, 858636228, 1332686
858757599, 860189371, 1431772
860315542, 861655314, 1339772
861775542, 863256685, 1481143
863381485, 865795771, 2414286
865916571, 867397485, 1480914
867523542, 868835771, 1312229
868958285, 870420457, 1462172
870547999, 871415542, 867543
871539771, 872405028, 865257
872529485, 874263771, 1734286
874394971, 877199771, 2804800
877334399, 878539085, 1204686
878664457, 880180914, 1516457
880308114, 881728228, 1420114
881848228, 883351542, 1503314
883476685, 884860342, 1383657
884981485, 886493485, 1512000
887547428, 888955428, 1408000
889233257, 890585714, 1352457
890710628, 892022399, 1311771
892294399, 893638399, 1344000
893759542, 895253714, 1494172
895378857, 896730971, 1352114
896851999, 899265714, 2413715
899393142, 900761371, 1368229
900881714, 902357485, 1475771
902483542, 903838856, 1355314
903959885, 905436799, 1476914
905562742, 906854171, 1291429
906974742, 908440457, 1465715
908567428, 910943542, 2376114
911230171, 912590971, 1360800
912715885, 914005028, 1289143
914274742, 915608914, 1334172
915734399, 917029142, 1294743
917297028, 918643199, 1346171
918763542, 920203771, 1440229
920329599, 922778742, 2449143
922900456, 924387999, 1487543
924514285, 925828799, 1314514
925950742, 927418399, 1467657
927544799, 928873028, 1328229
928994056, 930458514, 1464458
930585028, 931917485, 1332457
933023085, 934530971, 1507886
934657714, 935960571, 1302857
936243771, 937583314, 1339543
937709485, 939021599, 1312114
939294057, 940641371, 1347314
940762171, 942205257, 1443086
942330857, 944734171, 2403314
944856114, 946913485, 2057371
947203885, 948568342, 1364457
948693599, 949997485, 1303886
950269028, 951602971, 1333943
951726399, 953174857, 1448458
953302171, 955553142, 2250971
955677942, 956985714, 1307772
957256914, 958650514, 1393600
958772228, 960264342, 1492114
960389371, 961758628, 1369257
961879542, 963342857, 1463315
963468914, 964818171, 1349257
964939542, 967506742, 2567200
967633942, 968938285, 1304343
969218628, 970602971, 1384343
970728571, 972031085, 1302514
972300685, 973683885, 1383200
973804571, 975286742, 1482171
975412114, 976791542, 1379428
977863656, 979371085, 1507429
979497828, 980858399, 1360571
980980685, 982443999, 1463314
982570628, 983892799, 1322171
984013714, 985493485, 1479771
985619656, 986928228, 1308572
987208342, 989221828, 2013486
989346514, 990691999, 1345485
990812456, 992291999, 1479543
992417142, 993779314, 1362172
993899428, 995369142, 1469714
995494514, 996818856, 1324342
996941256, 998409599, 1468343
998536228, 974514, -997561714
1254171, 2644685, 1390514
2763428, 4243771, 1480343
4366971, 5765714, 1398743
5885256, 7385142, 1499886
7509485, 9229371, 1719886
9355999, 11925142, 2569143
12218285, 13646171, 1427886
13767656, 15229371, 1461715
15353485, 16755656, 1402171
16875771, 18339085, 1463314
18464457, 19823885, 1359428
19944114, 21413828, 1469714
21540342, 23837142, 2296800
23960342, 25436228, 1475886
25562857, 26882285, 1319428
27003428, 28464457, 1461029
28589257, 29889256, 1299999
30009028, 31478057, 1469029
31602856, 32885256, 1282400
33005142, 35393942, 2388800
35519885, 36835085, 1315200
36955999, 38429142, 1473143
38554285, 39857828, 1303543
39987428, 41490857, 1503429
41617371, 42917828, 1300457
43196342, 45739885, 2543543
45861599, 47325942, 1464343
47450285, 48840228, 1389943
48961028, 50496457, 1535429
50622171, 51933942, 1311771
52209942, 53606171, 1396229
53737714, 56359199, 2621485
56492685, 57874285, 1381600
57995999, 59473485, 1477486
59598856, 60892456, 1293600
61013371, 62489028, 1475657
62615542, 63914399, 1298857
64202857, 65549942, 1347085
65675199, 67946628, 2271429
68231885, 69582742, 1350857
69707999, 71019885, 1311886
71293257, 72635085, 1341828
72756228, 74195199, 1438971
74320228, 75670742, 1350514
75790399, 77275771, 1485372
77400228, 79861371, 2461143
79985599, 81481371, 1495772
82323999, 83749142, 1425143
83869028, 85336685, 1467657
85462285, 86823314, 1361029
86943542, 88423542, 1480000
88549371, 90951314, 2401943
91235999, 92631885, 1395886
92752228, 94239657, 1487429
94363885, 95765371, 1401486
95884685, 97384457, 1499772
97513599, 98840342, 1326743
98962171, 100446742, 1484571
101484457, 102857142, 1372685
102979771, 104448914, 1469143
104575085, 106279085, 1704000
106406628, 107795428, 1388800
107916685, 109399885, 1483200
109525714, 110841942, 1316228
110964342, 113548571, 2584229
113674628, 114975656, 1301028
115262971, 116610285, 1347314
116731428, 118177142, 1445714
118304685, 119690514, 1385829
119821371, 121326514, 1505143
121453371, 122818285, 1364914
123882056, 125398057, 1516001
125525371, 126847656, 1322285
126969256, 128433714, 1464458
128561599, 129870514, 1308915
129993028, 131462171, 1469143
131588456, 132877371, 1288915
132999085, 135521028, 2521943
135648228, 136983314, 1335086
137261485, 138599999, 1338514
138726399, 140183428, 1457029
140309828, 141643199, 1333371
141764685, 143259314, 1494629
143385142, 144257142, 872000
144380114, 145248914, 868800
145372114, 146239542, 867428
147346742, 149377942, 2031200
149504114, 150827771, 1323657
150948456, 152415542, 1467086
152542285, 153894628, 1352343
154015999, 155526628, 1510629
155653714, 156995428, 1341714
157268799, 159551428, 2282629
159678628, 160976914, 1298286
161247657, 162579085, 1331428
162705142, 164009599, 1304457
164279999, 165610285, 1330286
165735885, 167024114, 1288229
167289599, 168618742, 1329143
168739199, 171026742, 2287543
171300342, 172645942, 1345600
172766056, 174193485, 1427429
174317942, 175647656, 1329714
175767771, 177254399, 1486628
177379085, 178728114, 1349029
178849371, 180303771, 1454400
180428799, 182870056, 2441257
182993028, 184513371, 1520343
184638971, 185936114, 1297143
186214857, 187533828, 1318971
187659314, 188947085, 1287771
189227542, 190566057, 1338515
190692114, 191995428, 1303314
193220228, 194574057, 1353829
194700228, 196013599, 1313371
196282285, 197620228, 1337943
197740799, 199185714, 1444915
199311314, 200928114, 1616800
201207657, 202549142, 1341485
202675657, 204987542, 2311885
205265028, 206603771, 1338743
206727428, 208179771, 1452343
208305599, 209638742, 1333143
209760342, 211195085, 1434743
211321714, 212642742, 1321028
212764571, 214185371, 1420800
214312114, 216748228, 2436114
216869142, 218328114, 1458972
218454171, 219804571, 1350400
219925371, 221402742, 1477371
221529257, 222840228, 1310971
222961714, 224434514, 1472800
224560914, 225848456, 1287542
225968571, 228522171, 2553600
228649599, 229985256, 1335657
230264114, 231609256, 1345142
231729599, 233033599, 1304000
233303999, 234638742, 1334743
234759199, 236245485, 1486286
236370171, 237746171, 1376000
238826056, 240318057, 1492001
240443085, 241803999, 1360914
241925599, 243395314, 1469715
243521714, 244848685, 1326971
244971199, 246439885, 1468686
246566285, 247854971, 1288686
247975199, 250033028, 2057829
250306399, 251640342, 1333943
251761485, 253192457, 1430972
253319199, 254648914, 1329715
254769599, 256210171, 1440572
256337257, 257740571, 1403314
257861485, 259310857, 1449372
259436914, 261872914, 2436000
261994399, 263492571, 1498172
263617828, 264907999, 1290171
265178514, 266505028, 1326514
266630399, 267912456, 1282057
268189714, 269527999, 1338285
269653714, 270948456, 1294742
272208571, 273565714, 1357143
273691999, 275000799, 1308800
275289371, 276621257, 1331886
276741142, 278178285, 1437143
278305257, 279642514, 1337257
279762628, 281255542, 1492914
281380342, 283811428, 2431086
283933714, 285666171, 1732457
285787542, 287285142, 1497600
287410971, 288764342, 1353371
288886856, 290357371, 1470515
290486057, 291824228, 1338171
291945599, 294883199, 2937600
295022514, 296546742, 1524228
296673942, 297970856, 1296914
298245028, 299583542, 1338514
299709599, 301159428, 1449829
301287314, 302621485, 1334171
302743999, 304037599, 1293600
304311085, 306710856, 2399771
306832456, 308297828, 1465372
308423657, 309784571, 1360914
309905599, 311382399, 1476800
311508228, 312838856, 1330628
312961828, 314431085, 1469257
315267542, 317842056, 2574514
317965485, 319657714, 1692229
319778171, 321274057, 1495886
321399542, 322777142, 1377600
322898285, 324359085, 1460800
324483885, 325802171, 1318286
325922856, 328608685, 2685829
328743771, 330275085, 1531314
330401142, 331777599, 1376457
331897142, 333370057, 1472915
333496114, 334802285, 1306171
334922742, 336384914, 1462172
336511657, 337834628, 1322971
337958742, 339952571, 1993829
340234514, 341570285, 1335771
341701142, 343181257, 1480115
343307885, 344642514, 1334629
344763199, 345634285, 871086
345751199, 346621142, 869943
346738628, 347596114, 857486
347714399, 348570399, 856000
348689256, 351336571, 2647315
351462857, 352831656, 1368799
352952685, 354421599, 1468914
354547542, 355843885, 1296343
355965828, 357434285, 1468457
357559542, 358871199, 1311657
358992114, 360461485, 1469371
360586514, 362969828, 2383314
363251428, 364607771, 1356343
364732342, 366024228, 1291886
366289599, 367624685, 1335086
367745256, 369184114, 1438858
369310628, 370640799, 1330171
370760914, 372189257, 1428343
372313942, 374725599, 2411657
374847314, 376327428, 1480114
376452685, 377795085, 1342400
377915542, 379398399, 1482857
379523428, 380838399, 1314971
380960342, 382422742, 1462400
382549028, 383861371, 1312343
383983085, 386522628, 2539543
386651999, 387955999, 1304000
388238971, 389593485, 1354514
389720914, 391176799, 1455885
391304685, 392630971, 1326286
392754056, 394205942, 1451886
394334171, 395748114, 1413943
396843656, 398354742, 1511086
398482628, 399809256, 1326628
399930971, 401402857, 1471886
401530857, 402846742, 1315885
402970171, 404467542, 1497371
404599542, 405918171, 1318629
406202057, 408204685, 2002628
408330285, 409664342, 1334057
409784799, 411262514, 1477715
411387199, 412740571, 1353372
412861714, 414319771, 1458057
414444114, 415802514, 1358400
415922971, 417390971, 1468000
417516228, 419941142, 2424914
420226285, 421583771, 1357486
421708342, 423162399, 1454057
423288342, 424618399, 1330057
424741828, 426033485, 1291657
426299428, 427633371, 1333943
427754285, 429190857, 1436572
430239885, 431607314, 1367429
431731428, 433171885, 1440457
433298399, 434634742, 1336343
434756114, 436192457, 1436343
436317257, 437694056, 1376799
437813942, 439286514, 1472572
439410971, 441811656, 2400685
441935999, 443428799, 1492800
443556914, 444873142, 1316228
444996456, 446470971, 1474515
446597942, 447898171, 1300229
448181371, 449514971, 1333600
449641371, 450930399, 1289028
452190742, 453538628, 1347886
453667199, 454962056, 1294857
455237599, 456583542, 1345943
456710971, 458010056, 1299085
458276457, 459617828, 1341371
459741828, 461032799, 1290971
461298057, 463805256, 2507199
463929828, 465429257, 1499429
465557257, 466882856, 1325599
467004685, 468468342, 1463657
468595199, 469933371, 1338172
470216914, 471609028, 1392114
471736114, 473929828, 2193714
474229485, 475600799, 1371314
475728342, 477172799, 1444457
477300228, 478634171, 1333943
478756342, 480187199, 1430857
480312799, 481634971, 1322172
481757599, 483255542, 1497943
483381714, 485657714, 2276000
485779999, 487270399, 1490400
487395199, 488768685, 1373486
488888456, 490339314, 1450858
490464342, 491820914, 1356572
491942399, 493416114, 1473715
493541714, 494848228, 1306514
494968685, 497520571, 2551886
497649371, 498936914, 1287543
499215885, 500547999, 1332114
500675199, 501540914, 865715
501664914, 503416799, 1751885
503544457, 504872799, 1328342
504995656, 506452685, 1457029
506580342, 508885142, 2304800
509008914, 510522514, 1513600
510650057, 511952456, 1302399
512234742, 513575999, 1341257
513701714, 514989371, 1287657
515259199, 516589714, 1330515
516714742, 518011199, 1296457
519232571, 520603314, 1370743
520729142, 522191199, 1462057
522316685, 523723314, 1406629
523844228, 525337942, 1493714
525463428, 526821599, 1358171
526942856, 528417714, 1474858
528543771, 530971314, 2427543
531253485, 532604799, 1351314
532733828, 534248685, 1514857
534374971, 535736342, 1361371
535859428, 537375428, 1516000
537503199, 538867542, 1364343
538990056, 540502399, 1512343
540629714, 541965028, 1335314
542244914, 544552342, 2307428
545428799, 546851314, 1422515
546973256, 548491428, 1518172
548617485, 549968114, 1350629
550250514, 551636685, 1386171
551759085, 553249942, 1490857
553375085, 555820799, 2445714
555944342, 557456914, 1512572
557582742, 558931199, 1348457
559212342, 560594171, 1381829
560718514, 562201257, 1482743
562327999, 563734742, 1406743
563855656, 566579314, 2723658
566715199, 568268685, 1553486
568396114, 569789256, 1393142
569910628, 571422057, 1511429
571548342, 572890399, 1342057
573012456, 574524342, 1511886
574650399, 575966628, 1316229
576254285, 578596457, 2342172
578723542, 580170857, 1447315
580297942, 581679085, 1381143
581800114, 583284685, 1484571
583409257, 584826514, 1417257
584947199, 586446857, 1499658
586573371, 589792456, 3219085
589913256, 591403542, 1490286
591529942, 592886056, 1356114
593006742, 594514628, 1507886
594639771, 595983999, 1344228
596257828, 597638056, 1380228
597759085, 600467771, 2708686
600602171, 602016685, 1414514
602293371, 603686056, 1392685
603806514, 605289257, 1482743
605414171, 606774971, 1360800
606895428, 608394628, 1499200
608520685, 609872914, 1352229
609993485, 612016914, 2023429
612291542, 613704799, 1413257
613825028, 615332114, 1507086
615457028, 616841256, 1384228
616962056, 618440114, 1478058
618565371, 619895085, 1329714
620016228, 621534742, 1518514
622589599, 623983771, 1394172
624260342, 625651314, 1390972
625771085, 627257828, 1486743
627382171, 628737599, 1355428
628857942, 630310628, 1452686
630435085, 631791428, 1356343
631911999, 634328914, 2416915
634456457, 635788571, 1332114
635908799, 637388685, 1479886
637515771, 638845028, 1329257
638967314, 640440114, 1472800
640567314, 641878742, 1311428
641999656, 643459542, 1459886
643585942, 645952114, 2366172
646235199, 647580571, 1345372
647706171, 649202285, 1496114
649329599, 650668457, 1338858
650788799, 652276342, 1487543
652401485, 653767999, 1366514
653889942, 655373714, 1483772
656446285, 657818399, 1372114
657939771, 659422628, 1482857
659549714, 660874742, 1325028
660996456, 662464914, 1468458
662590971, 663883428, 1292457
664004456, 665469371, 1464915
665595542, 667873142, 2277600
667996571, 669517599, 1521028
669642856, 670978971, 1336115
671252457, 672583428, 1330971
672708114, 674163542, 1455428
674290399, 675617942, 1327543
675738742, 677188228, 1449486
678239771, 679605714, 1365943
679731428, 681184457, 1453029
681311542, 682708914, 1397372
682831656, 684295657, 1464001
684419999, 685780571, 1360572
685900914, 687373828, 1472914
687498971, 689809599, 2310628
689931999, 691422742, 1490743
691550057, 692861371, 1311314
692982285, 694443771, 1461486
694570399, 695869142, 1298743
695991085, 697463542, 1472457
697588456, 698885371, 1296915
699005828, 701584799, 2578971
701711885, 702583314, 871429
702702285, 704336571, 1634286
704464799, 705858171, 1393372
705978171, 707465142, 1486971
707590856, 708889828, 1298972
709010171, 710471199, 1461028
710596342, 711887999, 1291657
712008685, 714685942, 2677257
714820228, 716330057, 1509829
716455542, 717824914, 1369372
717945371, 719666056, 1720685
719787199, 721285828, 1498629
721410171, 722775542, 1365371
722896114, 724363085, 1466971
724488457, 726790628, 2302171
726913371, 728405028, 1491657
728531999, 729845485, 1313486
729968114, 731431428, 1463314
731559542, 732858514, 1298972
732980571, 734442399, 1461828
734569485, 735858628, 1289143
735980799, 738519314, 2538515
738647542, 740355657, 1708115
740485942, 741818285, 1332343
741940456, 743425714, 1485258
743552799, 744870628, 1317829
744992456, 746463085, 1470629
746590285, 749210742, 2620457
749349028, 750738742, 1389714
750861028, 752328457, 1467429
752454971, 753777599, 1322628
753899656, 755383085, 1483429
755510971, 756828114, 1317143
756951885, 758430742, 1478857
758558628, 760850856, 2292228
760975771, 762470057, 1494286
762596457, 763898171, 1301714
764179771, 765522285, 1342514
765649828, 766952456, 1302628
767233371, 768589714, 1356343
768716114, 770168114, 1452000
771355085, 772771085, 1416000
772892228, 774390971, 1498743
774517942, 775849028, 1331086
775971542, 777487542, 1516000
778334399, 779791999, 1457600
779912914, 782618514, 2705600
782754056, 784301485, 1547429
784428342, 785808114, 1379772
785929714, 787416799, 1487085
787544685, 788884456, 1339771
789006171, 790512914, 1506743
790640228, 791990056, 1349828
792265942, 794563085, 2297143
794689142, 796388457, 1699315
796516342, 797846856, 1330514
797967771, 799445485, 1477714
799575657, 800923199, 1347542
801207999, 802563542, 1355543
802690514, 805368571, 2678057
805503199, 806912228, 1409029
807033256, 808581828, 1548572
808706856, 810017256, 1310400
810285714, 811625371, 1339657
811746742, 813045485, 1298743
813311657, 814692342, 1380685
814812456, 817218971, 2406515
817346057, 818720685, 1374628
818842856, 820299085, 1456229
820424799, 821820114, 1395315
821942056, 823444799, 1502743
823571885, 824869485, 1297600
824991656, 826456914, 1465258
827520571, 828868685, 1348114
829001028, 830511885, 1510857
830639199, 831956114, 1316915
832235771, 833566742, 1330971
833694056, 835019656, 1325600
835289599, 836627085, 1337486
836749371, 839264457, 2515086
839391085, 841014171, 1623086
841288799, 842643657, 1354858
842765256, 844213828, 1448572
844339199, 845661942, 1322743
845782971, 847273142, 1490171
847398628, 849287085, 1888457
849420228, 850592571, 1172343
850716342, 852554171, 1837829
852679771, 853972114, 1292343
854258399, 855604228, 1345829
855726056, 857014514, 1288458
857284799, 858639885, 1355086
858760685, 859627656, 866971
859745371, 860616685, 871314
860734056, 861594171, 860115
861712571, 864673599, 2961028
864795085, 866289942, 1494857
866414742, 867758856, 1344114
867879085, 869349485, 1470400
869475085, 870820571, 1345486
870941256, 872405485, 1464229
872531199, 873883656, 1352457
874950856, 876447542, 1496686
876573828, 877882971, 1309143
878003199, 879472228, 1469029
879596914, 880880342, 1283428
881000571, 882470399, 1469828
882597257, 883887771, 1290514
884162857, 886641828, 2478971
886763656, 888210285, 1446629
888335885, 889743542, 1407657
889863542, 891359657, 1496115
891484914, 892810742, 1325828
892931314, 894408342, 1477028
894534628, 897185942, 2651314
897322514, 898705714, 1383200
898825942, 900313028, 1487086
900437142, 901870399, 1433257
901990742, 903496114, 1505372
903621485, 904915314, 1293829
905186742, 906518171, 1331429
906642742, 908906856, 2264114
909185142, 910536799, 1351657
910662857, 911966856, 1303999
912241714, 913578171, 1336457
913703542, 914994742, 1291200
915271771, 916645142, 1373371
916779314, 918274628, 1495314
919368685, 920733371, 1364686
920854628, 922345142, 1490514
922476114, 923831999, 1355885
923953371, 925423314, 1469943
925549942, 926873371, 1323429
926997371, 928478742, 1481371
928604685, 930878056, 2273371
931001028, 932486057, 1485029
932610857, 933896799, 1285942
934016799, 935501942, 1485143
935627314, 936903314, 1276000
937182971, 938495999, 1313028
938621142, 939961599, 1340457
941212799, 942612685, 1399886
942733828, 944188114, 1454286
944322628, 945753371, 1430743
945873714, 947683085, 1809371
947815656, 949324799, 1509143
949450628, 950792685, 1342057
950913599, 953503885, 2590286
953632342, 954938742, 1306400
955218171, 956556914, 1338743
956683771, 957971771, 1288000
958254285, 959597142, 1342857
959722971, 961019656, 1296685
961290628, 962621828, 1331200
962742971, 965331771, 2588800
965458742, 966826628, 1367886
966947314, 968420571, 1473257
968547428, 969854856, 1307428
969976914, 971441028, 1464114
971567314, 972870742, 1303428
972992342, 974455085, 1462743
974580342, 976945599, 2365257
977231542, 978582742, 1351200
978708228, 980011314, 1303086
980286857, 981015199, 728342
981274285, 982003428, 729143
982264228, 982991656, 727428
983976114, 985493142, 1517028
985618856, 988203199, 2584343
988331771, 989689485, 1357714
989818742, 991310971, 1492229
991436685, 992839656, 1402971
992959656, 994430742, 1471086
994558285, 995861256, 1302971
995982399, 997453028, 1470629
997579199, 196114, -997383085
325599, 1678856, 1353257
1796914, 3296799, 1499885
3420114, 4780914, 1360800
4909142, 6410057, 1500915
6539199, 7844114, 1304915
7963656, 9430628, 1466972
10514857, 11931085, 1416228
12738856, 14350285, 1611429
14473942, 15835542, 1361600
15955542, 17421485, 1465943
17546628, 18870628, 1324000
18998971, 21676342, 2677371
21810056, 23310742, 1500686
23435657, 24808342, 1372685
24927771, 26397714, 1469943
26523542, 27881371, 1357829
28000799, 29513257, 1512458
29640456, 30933599, 1293143
31213599, 33512342, 2298743
33639314, 34928685, 1289371
35202857, 36583428, 1380571
36707428, 38000685, 1293257
38268457, 39602628, 1334171
39723999, 41161485, 1437486
41287428, 42629485, 1342057
42749485, 45197485, 2448000
45324685, 46664571, 1339886
46783314, 48266171, 1482857
48389599, 49748571, 1358972
49869256, 51311542, 1442286
51436228, 52837599, 1401371
52956914, 54417599, 1460685
55513371, 56848685, 1335314
56968685, 58477942, 1509257
58609257, 59942971, 1333714
60227542, 60968914, 741372
61228457, 61966171, 737714
62230514, 62966285, 735771
63230057, 63965828, 735771
64222285, 64957142, 734857
65219199, 67409142, 2189943
67535999, 69915542, 2379543
70211542, 71557599, 1346057
71682742, 72976456, 1293714
73244457, 74579542, 1335085
74704685, 75997256, 1292571
76267085, 77633599, 1366514
77767999, 79900456, 2132457
80021714, 80900228, 878514
81016799, 82801485, 1784686
82932114, 84407085, 1474971
84533028, 85412685, 879657
85537028, 86398857, 861829
86523428, 87393028, 869600
87515999, 88381142, 865143
88504228, 89359771, 855543
89482514, 90341714, 859200
90464799, 91314742, 849943
91437257, 92288685, 851428
92410742, 93265828, 855086
93387542, 94245714, 858172
94367542, 95224457, 856915
95346857, 99350857, 4004000
99480571, 100363657, 883086
100487085, 101360914, 873829
101485371, 102361485, 876114
102484685, 103368571, 883886
103492114, 104371657, 879543
104495657, 105376342, 880685
105499885, 106370971, 871086
106494742, 110288114, 3793372
110415885, 111735885, 1320000
111855428, 112973828, 1118400
113434971, 114398742, 963771
114523428, 115402285, 878857
115526399, 116396114, 869715
116520114, 117398971, 878857
117522857, 118406171, 883314
118529714, 119409599, 879885
119533485, 122939656, 3406171
123226285, 124623771, 1397486
124743656, 126227657, 1484001
126351885, 127753485, 1401600
127873599, 129364228, 1490629
129489142, 130875885, 1386743
130995999, 132533257, 1537258
132657599, 133516228, 858629
133638856, 134498057, 859201
134619085, 136856799, 2237714
136992914, 138525942, 1533028
138652342, 139990399, 1338057
140269485, 141652456, 1382971
141772799, 143248685, 1475886
143373714, 144778056, 1404342
144897828, 146354514, 1456686
146480228, 148650628, 2170400
148772228, 150406171, 1633943
150536342, 151945942, 1409600
152229828, 153618171, 1388343
153739542, 155040914, 1301372
155311314, 156670171, 1358857
156802971, 158292571, 1489600
158417485, 159290057, 872572
159412342, 161561828, 2149486
161688114, 162555085, 866971
162677371, 164562971, 1885600
164688228, 166039199, 1350971
166312114, 167695542, 1383428
167816342, 169289599, 1473257
169413485, 170813371, 1399886
170933942, 172394857, 1460915
172520457, 174939656, 2419199
175218742, 175956228, 737486
176219428, 176950285, 730857
177217142, 177948914, 731772
178223657, 178954856, 731199
179216457, 179946971, 730514
180209142, 180940571, 731429
181202285, 181931771, 729486
182186628, 182921371, 734743
183194857, 183927656, 732799
184040228, 184939771, 899543
185197942, 185931656, 733714
186190514, 186920228, 729714
187191199, 191658514, 4467315
191780685, 192661257, 880572
192778399, 193643656, 865257
193760799, 194623428, 862629
194739656, 196635885, 1896229
196757485, 198236342, 1478857
198362171, 199645371, 1283200
199775428, 201313828, 1538400
201440342, 202848228, 1407886
202969142, 204479314, 1510172
204604799, 205899771, 1294972
206020914, 206903542, 882628
208286628, 209686056, 1399428
209806971, 210692799, 885828
210811885, 211689599, 877714
211808571, 213744114, 1935543
213865256, 215378628, 1513372
215506628, 216827999, 1321371
216950399, 219634056, 2683657
219770171, 221314057, 1543886
221440571, 222850171, 1409600
222970856, 224477257, 1506401
224607428, 225957256, 1349828
226241714, 227635999, 1394285
227757714, 229220228, 1462514
231210971, 232600457, 1389486
232721828, 234165714, 1443886
234291542, 235622399, 1330857
235742742, 237170514, 1427772
237298057, 238735314, 1437257
238855542, 240303542, 1448000
240428342, 242725714, 2297372
242848342, 244328914, 1480572
244455542, 245804342, 1348800
245925485, 247391085, 1465600
247518399, 248833714, 1315315
248955085, 250413028, 1457943
250540114, 251857485, 1317371
251977599, 254539771, 2562172
254666742, 255994628, 1327886
256270857, 257605142, 1334285
257729942, 259177371, 1447429
259304685, 260626399, 1321714
260747771, 262033714, 1285943
262301142, 263635885, 1334743
263757256, 266321371, 2564115
266449257, 267819199, 1369942
267939199, 269397485, 1458286
269524228, 270837942, 1313714
270958285, 272451542, 1493257
272577257, 273872228, 1294971
273992914, 275448914, 1456000
275575428, 277853256, 2277828
277977256, 279476914, 1499658
279602514, 280895428, 1292914
281015428, 282495428, 1480000
282621371, 283903771, 1282400
284170285, 285781256, 1610971
285901828, 288604571, 2702743
288739656, 290277485, 1537829
290403771, 291759771, 1356000
291879314, 293334628, 1455314
293461142, 294785599, 1324457
294907999, 296400799, 1492800
296529485, 297844914, 1315429
297966171, 300410285, 2444114
300539085, 301854514, 1315429
301974856, 303446857, 1472001
303573371, 304865828, 1292457
304986514, 306455085, 1468571
306580228, 307878514, 1298286
307998742, 309451771, 1453029
309581257, 311971428, 2390171
312254171, 313611314, 1357143
313735885, 314605942, 870057
314724799, 315585257, 860458
315703542, 316561371, 857829
316679999, 317545142, 865143
317663542, 318517485, 853943
318639199, 319495657, 856458
319616914, 322832571, 3215657
322969256, 324494742, 1525486
324621257, 325944914, 1323657
326235771, 326972571, 736800
327235199, 327969256, 734057
328799656, 330325828, 1526172
330451657, 331855314, 1403657
331976228, 334553257, 2577029
334680685, 335980799, 1300114
336255085, 337619885, 1364800
337744114, 338632228, 888114
338752114, 340691656, 1939542
340823314, 342324799, 1501485
342451428, 343790971, 1339543
343912914, 346482857, 2569943
346612114, 347961485, 1349371
348245142, 349633942, 1388800
349764342, 351256914, 1492572
351383199, 352769599, 1386400
352890514, 354366399, 1475885
354492342, 357166742, 2674400
357304685, 358674971, 1370286
358795656, 360300228, 1504572
360425828, 361299999, 874171
361423657, 362883314, 1459657
363014856, 364531314, 1516458
364659771, 365965142, 1305371
366238057, 368502742, 2264685
368634399, 369958514, 1324115
370244114, 371600571, 1356457
371728685, 373190171, 1461486
373318399, 374660571, 1342172
374782171, 376267771, 1485600
376394742, 377751885, 1357143
377873942, 380424457, 2550515
380553828, 381876914, 1323086
381999085, 383468457, 1469372
383596342, 384896571, 1300229
385018056, 386499428, 1481372
386627428, 387937942, 1310514
388209257, 389552914, 1343657
389679542, 392201485, 2521943
392332571, 393679656, 1347085
393800685, 395287314, 1486629
395414514, 396781028, 1366514
396902742, 398376342, 1473600
398505142, 399817714, 1312572
399939428, 401415542, 1476114
401544457, 403973371, 2428914
404251999, 405593714, 1341715
405720914, 407184799, 1463885
407314171, 408654742, 1340571
408777371, 410262399, 1485028
410389714, 411755885, 1366171
411877828, 413340685, 1462857
414427885, 415775542, 1347657
415898171, 417374742, 1476571
417502514, 418816228, 1313714
418938856, 420401599, 1462743
420530628, 421861371, 1330743
421983085, 423446742, 1463657
423574514, 425644114, 2069600
425776571, 427278399, 1501828
427407314, 428800914, 1393600
428922742, 430401371, 1478629
430530514, 431856571, 1326057
431978514, 433447771, 1469257
433576342, 434871771, 1295429
434994514, 437555771, 2561257
437683542, 439001485, 1317943
439276914, 440674285, 1397371
440796799, 442285371, 1488572
442411542, 443800799, 1389257
443924228, 445415428, 1491200
445542857, 447761599, 2218742
447906171, 449419771, 1513600
449547085, 450864342, 1317257
450986856, 452470971, 1484115
452597942, 453900342, 1302400
454188571, 455540457, 1351886
455666399, 457010628, 1344229
457287542, 459586857, 2299315
460457942, 461907999, 1450057
462183771, 463542171, 1358400
463670056, 464980571, 1310515
465253257, 466592685, 1339428
466719428, 468190514, 1471086
468323542, 470745828, 2422286
470868685, 472376457, 1507772
472505714, 473826856, 1321142
473947771, 475431657, 1483886
475559085, 476863199, 1304114
476984685, 478449142, 1464457
478575542, 479868914, 1293372
479989142, 482544914, 2555772
482675085, 483992114, 1317029
484262514, 485606399, 1343885
485730742, 487190399, 1459657
487319314, 488653599, 1334285
488774856, 490265942, 1491086
490393485, 491762056, 1368571
492855199, 493775656, 920457
494498514, 495906056, 1407542
496176114, 496926285, 750171
497190399, 498751999, 1561600
498882514, 500360914, 1478400
500487314, 501821142, 1333828
501950056, 504618857, 2668801
504753142, 506291771, 1538629
506420114, 507795542, 1375428
507917142, 509385028, 1467886
509513257, 510870285, 1357028
510992342, 512452914, 1460572
512581599, 513943428, 1361829
514223657, 516689828, 2466171
516812114, 518304228, 1492114
518428799, 519798856, 1370057
519920114, 521390971, 1470857
521517142, 522830971, 1313829
522952914, 524416342, 1463428
524542514, 525869142, 1326628
525991885, 528539771, 2547886
528667885, 529984685, 1316800
530257028, 531606514, 1349486
531731885, 533175999, 1444114
533303542, 534656342, 1352800
534778056, 536224685, 1446629
536350285, 537693371, 1343086
537813714, 540384571, 2570857
540514742, 541854856, 1340114
541976342, 543448114, 1471772
543576685, 544882628, 1305943
545005599, 546469942, 1464343
546597828, 547955199, 1357371
548228914, 549563657, 1334743
550672342, 552020799, 1348457
552295885, 553635428, 1339543
553757942, 555254285, 1496343
555381828, 556737256, 1355428
556859542, 558322171, 1462629
558450057, 559805828, 1355771
559927771, 562371314, 2443543
562498628, 563819656, 1321028
563940685, 565419657, 1478972
565545828, 566899085, 1353257
567019999, 568548571, 1528572
568674628, 570017828, 1343200
570293257, 571030171, 736914
571284914, 573852228, 2567314
573986056, 575575999, 1589943
575709599, 577023999, 1314400
577298399, 578647657, 1349258
578769485, 580262171, 1492686
580387542, 581769942, 1382400
581891542, 583368228, 1476686
583494399, 584815428, 1321029
585877142, 587412342, 1535200
588021028, 589644342, 1623314
589775085, 591282285, 1507200
591408571, 592836114, 1427543
592957256, 594443771, 1486515
594572571, 597264228, 2691657
597401828, 598823885, 1422057
598946514, 600434171, 1487657
600561371, 601862399, 1301028
601984114, 603449828, 1465714
603577599, 604872456, 1294857
604994514, 606463314, 1468800
606590057, 608851771, 2261714
608975999, 610461942, 1485943
610589142, 611881485, 1292343
612003199, 613477028, 1473829
613604456, 614901485, 1297029
615184114, 616523428, 1339314
616651314, 617976114, 1324800
619209142, 620570399, 1361257
620698285, 622001828, 1303543
622289371, 623643999, 1354628
623766171, 624651771, 885600
624770514, 625642171, 871657
625761028, 627580799, 1819771
627706171, 630377142, 2670971
630511542, 631915085, 1403543
632035085, 633532571, 1497486
633657714, 634998514, 1340800
635271999, 636660342, 1388343
636780456, 638265257, 1484801
638389371, 639748799, 1359428
639869599, 642465828, 2596229
642592571, 643948114, 1355543
644231314, 645573028, 1341714
645698628, 647002399, 1303771
647271085, 648602514, 1331429
648724114, 649599656, 875542
650280914, 651697942, 1417028
652800456, 654310857, 1510401
654435199, 655807999, 1372800
655929256, 657405485, 1476229
657531542, 658853371, 1321829
658975085, 660436799, 1461714
660563314, 661852342, 1289028
661973142, 664401371, 2428229
664530057, 665894628, 1364571
666015999, 667531657, 1515658
667657942, 668979656, 1321714
669254057, 670607085, 1353028
670732114, 672236571, 1504457
672362857, 674619542, 2256685
674757828, 676285257, 1527429
676411314, 677824914, 1413600
677946514, 679428228, 1481714
679555428, 680862285, 1306857
680985142, 682469714, 1484572
682595999, 683885942, 1289943
684007085, 686451428, 2444343
686579428, 687905028, 1325600
688025828, 689511885, 1486057
689638171, 690930171, 1292000
691214171, 692561714, 1347543
693430285, 694839999, 1409714
694960228, 697036571, 2076343
697304799, 698645485, 1340686
698766171, 700200685, 1434514
700325599, 701652228, 1326629
701772685, 703254171, 1481486
703378971, 704737828, 1358857
704858628, 706337714, 1479086
706465828, 708931885, 2466057
709218057, 710566285, 1348228
710691314, 711975771, 1284457
712246171, 713585371, 1339200
713711199, 715006514, 1295315
715281142, 716630628, 1349486
716752342, 718200799, 1448457
719240457, 720599085, 1358628
720720342, 722185142, 1464800
722310971, 723642171, 1331200
723763542, 725189257, 1425715
725315428, 726730171, 1414743
726851199, 728314171, 1462972
728439085, 730832114, 2393029
730955428, 732443771, 1488343
732569485, 733865142, 1295657
733985599, 735459314, 1473715
735585485, 736870742, 1285257
736991885, 738463542, 1471657
738589257, 739903199, 1313942
740033714, 742629371, 2595657
742751542, 744193599, 1442057
744319085, 745648799, 1329714
745770171, 747224114, 1453943
747349257, 748694856, 1345599
748815428, 750296228, 1480800
750422057, 751782056, 1359999
751903656, 754488228, 2584572
754615199, 755915428, 1300229
756181828, 757505028, 1323200
757630399, 758926285, 1295886
759205485, 760538857, 1333372
760663885, 761957714, 1293829
762234742, 763571428, 1336686
763695885, 766240799, 2544914
766366857, 767778856, 1411999
767898514, 769379542, 1481028
769505942, 770820228, 1314286
770940799, 772410628, 1469829
772535657, 774216685, 1681028
774342742, 775682856, 1340114
775802399, 778346514, 2544115
778473942, 779816342, 1342400
779939085, 781415885, 1476800
781541599, 782859656, 1318057
782980914, 784449257, 1468343
784574971, 785881028, 1306057
786002856, 787466399, 1463543
787591771, 789959999, 2368228
790237942, 791586857, 1348915
791712799, 793007542, 1294743
793283657, 794619771, 1336114
794741942, 796030514, 1288572
796297714, 797876114, 1578400
797997485, 799470857, 1473372
799597942, 802191199, 2593257
802319428, 803663542, 1344114
803784342, 805269028, 1484686
805393828, 806754628, 1360800
806875656, 808386628, 1510972
808514742, 809843656, 1328914
809965371, 811438971, 1473600
812503999, 813808456, 1304457
813930171, 815418285, 1488114
815545371, 816855199, 1309828
816976685, 818456457, 1479772
818584457, 819874056, 1289599
819995085, 821470399, 1475314
821596228, 823889942, 2293714
824013599, 825513828, 1500229
825642628, 826930171, 1287543
827218742, 828563314, 1344572
828689256, 830031542, 1342286
830303999, 831647656, 1343657
831769142, 833210171, 1441029
833335885, 835779314, 2443429
835901371, 837400228, 1498857
837526742, 838853028, 1326286
838976114, 840706285, 1730171
840829828, 842334514, 1504686
842460685, 843825599, 1364914
843947085, 846610971, 2663886
846746056, 848284342, 1538286
848410171, 849796114, 1385943
849916914, 851384457, 1467543
851510399, 852826742, 1316343
852959314, 854432228, 1472914
854558514, 856256114, 1697600
856383428, 858698514, 2315086
858821371, 859701142, 879771
859818742, 860691656, 872914
860810056, 861684114, 874058
861802514, 863722171, 1919657
863845714, 865301942, 1456228
865427771, 866773485, 1345714
866894971, 868351428, 1456457
868477485, 870927656, 2450171
871207657, 872544799, 1337142
872670399, 873962399, 1292000
874240914, 875625485, 1384571
875747314, 877177485, 1430171
877305142, 878636228, 1331086
878757599, 881402742, 2645143
881539428, 882899314, 1359886
883020914, 884549599, 1528685
884675999, 885964914, 1288915
886238628, 887617371, 1378743
887739542, 889169371, 1429829
889297371, 890628571, 1331200
890749599, 893008228, 2258629
893287999, 894647199, 1359200
894767085, 896263428, 1496343
896389371, 897746742, 1357371
897868799, 899583771, 1714972
899710971, 901166057, 1455086
901294171, 903918742, 2624571
904214857, 905628114, 1413257
905750856, 907248799, 1497943
907375999, 908785599, 1409600
908907771, 910396799, 1489028
910524457, 911842171, 1317714
911965371, 913437257, 1471886
913564799, 915557942, 1993143
915687314, 916977256, 1289942
917252114, 918603314, 1351200
918730399, 920021485, 1291086
920291542, 921683885, 1392343
921805714, 923292114, 1486400
923419542, 924828342, 1408800
926720114, 928309142, 1589028
928434971, 929812456, 1377485
929934628, 931414399, 1479771
931541828, 932844914, 1303086
932966742, 934438285, 1471543
934564571, 935875428, 1310857
935998399, 938595542, 2597143
938723314, 940037142, 1313828
940312685, 941648799, 1336114
941770628, 943265714, 1495086
943391999, 944756799, 1364800
944878628, 946366742, 1488114
946493142, 947814628, 1321486
949390514, 950813485, 1422971
950936571, 952452799, 1516228
952579199, 953876685, 1297486
953998742, 955469714, 1470972
955595428, 956878971, 1283543
957000571, 958469828, 1469257
958596114, 960865714, 2269600
960988456, 962475657, 1487201
962602399, 963882856, 1280457
964003885, 965486742, 1482857
965613485, 966898856, 1285371
967019999, 968503199, 1483200
968629028, 969913371, 1284343
970191657, 972515542, 2323885
972642857, 974343085, 1700228
974470514, 975808342, 1337828
975928914, 977413028, 1484114
977539085, 978866399, 1327314
978987999, 980455885, 1467886
980581828, 983277142, 2695314
983413142, 984827314, 1414172
984947656, 986434971, 1487315
986561371, 987874628, 1313257
987995428, 989505142, 1509714
989630399, 990926399, 1296000
991209599, 992539885, 1330286
992665371, 994913828, 2248457
995037371, 996528342, 1490971
996653828, 997946285, 1292457
998227428, 999563085, 1335657
999689142, 997714, -998691428
1272571, 2621942, 1349371
2742056, 4035314, 1293258
4303085, 6720914, 2417829
6841942, 8313142, 1471200
8437599, 9783999, 1346400
9904456, 11381371, 1476915
11507314, 12815656, 1308342
12936114, 14410628, 1474514
14536571, 15857256, 1320685
15991771, 18581257, 2589486
18707428, 20222285, 1514857
20346971, 21680571, 1333600
21800571, 23281714, 1481143
23406171, 24777942, 1371771
24898856, 26362057, 1463201
26486399, 27802628, 1316229
28898171, 30407657, 1509486
30534399, 31853828, 1319429
31976228, 33448228, 1472000
33574971, 34875085, 1300114
34996114, 36494742, 1498628
36619085, 37918971, 1299886
38207657, 40582742, 2375085
40707428, 42217828, 1510400
42342399, 43730056, 1387657
43850171, 45298171, 1448000
45422171, 46784571, 1362400
46904685, 48357142, 1452457
48481714, 49804914, 1323200
49925028, 52487314, 2562286
52614285, 53920342, 1306057
54190399, 55508342, 1317943
55632342, 56912456, 1280114
57181485, 58506399, 1324914
58630857, 59955656, 1324799
60234057, 61573599, 1339542
61697485, 63831314, 2133829
63954399, 64833828, 879429
64949942, 65831656, 881714
65950171, 66833599, 883428
66951885, 69224799, 2272914
69350514, 70717828, 1367314
70838171, 72337599, 1499428
72462171, 73858742, 1396571
73981028, 75463428, 1482400
75587999, 76872114, 1284115
76992571, 79544342, 2551771
79671314, 80968685, 1297371
81247771, 82578628, 1330857
82704228, 83993485, 1289257
84266285, 85598171, 1331886
85722171, 87015085, 1292914
87285257, 88624228, 1338971
88748685, 91299542, 2550857
91426628, 92800685, 1374057
92921485, 94399314, 1477829
94526399, 95849599, 1323200
95973256, 97448457, 1475201
97574171, 98883999, 1309828
99005599, 100487085, 1481486
101563199, 102932571, 1369372
103208799, 104550171, 1341372
104677142, 105952342, 1275200
106229028, 107574057, 1345029
107700114, 109045256, 1345142
109316228, 110938056, 1621828
111220799, 113531885, 2311086
113659085, 114969828, 1310743
115241257, 116567999, 1326742
116693599, 117973942, 1280343
118250742, 119585371, 1334629
119709485, 121041142, 1331657
121312914, 122640114, 1327200
122760571, 125313942, 2553371
125440228, 126789714, 1349486
126909485, 128375657, 1466172
128501257, 129833028, 1331771
129953942, 131412799, 1458857
131538628, 132854628, 1316000
132976456, 134436914, 1460458
134563199, 136973599, 2410400
137254399, 138592571, 1338172
138717256, 140024342, 1307086
140292571, 141616228, 1323657
141739199, 143034171, 1294972
143303885, 144643657, 1339772
144765371, 146242628, 1477257
146367542, 148809714, 2442172
148932799, 150661942, 1729143
150784571, 152283657, 1499086
152409828, 153779085, 1369257
153901828, 155338742, 1436914
155474514, 156880799, 1406285
157003771, 159728342, 2724571
159862971, 161385485, 1522514
161514057, 162392799, 878742
162518742, 163969142, 1450400
164787428, 166365599, 1578171
166491085, 167817028, 1325943
167937256, 169409371, 1472115
169535428, 171872342, 2336914
171996799, 173487199, 1490400
173613714, 174898971, 1285257
175020114, 176495885, 1475771
176622057, 177917028, 1294971
178196914, 179588571, 1391657
179713942, 180587999, 874057
180706171, 182826056, 2119885
182949142, 184426285, 1477143
184552799, 185869371, 1316572
185991428, 187456685, 1465257
187582857, 188886514, 1303657
189008228, 190480799, 1472571
190606057, 191897828, 1291771
192019199, 194548228, 2529029
194675771, 195964114, 1288343
196234285, 197557142, 1322857
197683656, 198958285, 1274629
199227542, 200547542, 1320000
200673599, 201963199, 1289600
202236342, 203564342, 1328000
203690399, 206235657, 2545258
206362171, 207736571, 1374400
207857371, 209305599, 1448228
209431085, 210788799, 1357714
210910056, 212365828, 1455772
212490171, 213809371, 1319200
213931542, 215385371, 1453829
215510399, 217939199, 2428800
218226742, 219581942, 1355200
219707314, 220996914, 1289600
221262971, 222637599, 1374628
222758628, 224199428, 1440800
224325485, 225648114, 1322629
225767542, 227983428, 2215886
228277028, 229710514, 1433486
229830628, 231298628, 1468000
231423085, 232772228, 1349143
232892914, 234358857, 1465943
234484114, 235801714, 1317600
235922056, 237373257, 1451201
237499428, 239811085, 2311657
239933599, 241430057, 1496458
241558514, 242859428, 1300914
242980914, 244449828, 1468914
244575428, 245866514, 1291086
245988228, 247456799, 1468571
247582514, 248905028, 1322514
249983085, 251455428, 1472343
251582057, 252887999, 1305942
253010285, 254485257, 1474972
254611657, 255946971, 1335314
256230171, 257566514, 1336343
257693028, 258998285, 1305257
259275085, 261788114, 2513029
261910399, 263390399, 1480000
263517257, 264868685, 1351428
264991085, 266507771, 1516686
266633485, 267981028, 1347543
268261142, 269650399, 1389257
269771885, 272365371, 2593486
272500342, 273878971, 1378629
274002171, 275480799, 1478628
275606285, 276937942, 1331657
277232799, 278586857, 1354058
278713371, 280020799, 1307428
280293942, 281628114, 1334172
281749828, 283718399, 1968571
283838856, 285307999, 1469143
285432342, 286766628, 1334286
286887199, 288356914, 1469715
288483885, 289861028, 1377143
289981714, 291427771, 1446057
291558057, 292967885, 1409828
293243885, 295707199, 2463314
295828799, 297307771, 1478972
297434057, 298798628, 1364571
298920685, 300400114, 1479429
300527428, 301839771, 1312343
301970514, 303468114, 1497600
303595314, 304893256, 1297942
305013828, 307597828, 2584000
307724685, 309019656, 1294971
309286171, 310614742, 1328571
310734971, 312039542, 1304571
312310399, 313639656, 1329257
313760342, 315195428, 1435086
315320799, 316680799, 1360000
316800456, 319406857, 2606401
319533599, 321014056, 1480457
321305028, 322715885, 1410857
322838742, 324319428, 1480686
324445028, 325802399, 1357371
325922399, 327382171, 1459772
327508457, 329969828, 2461371
330250057, 331619999, 1369942
331741028, 333435657, 1694629
333563428, 334866628, 1303200
334987542, 336474628, 1487086
336599771, 337890285, 1290514
338010399, 339477257, 1466858
339602399, 341871314, 2268915
341996228, 343477485, 1481257
343603885, 344946056, 1342171
345231085, 346622971, 1391886
346744114, 348178514, 1434400
348305828, 349631542, 1325714
349752914, 351190171, 1437257
351315771, 353769942, 2454171
353892114, 355393371, 1501257
355520457, 356830171, 1309714
356952228, 358412914, 1460686
358538514, 359840571, 1302057
359962285, 361422399, 1460114
361548342, 362860342, 1312000
362981942, 365547542, 2565600
365675656, 366537828, 862172
366661599, 368421828, 1760229
368549828, 369853142, 1303314
369974856, 371449257, 1474401
371577485, 372875314, 1297829
372998971, 374480114, 1481143
374606514, 376949942, 2343428
377232914, 378582742, 1349828
378708342, 380198857, 1490515
380326171, 381729942, 1403771
381850856, 383343885, 1493029
383469485, 384859314, 1389829
384980228, 387659085, 2678857
387794971, 389338399, 1543428
389465371, 390804799, 1339428
390926399, 392423085, 1496686
392550971, 393873142, 1322171
394005371, 395502057, 1496686
396376457, 399194285, 2817828
399333942, 400760228, 1426286
400879542, 402357942, 1478400
402483199, 403788685, 1305486
403908799, 405387085, 1478286
405512342, 406845828, 1333486
406969828, 408443885, 1474057
408570057, 410859085, 2289028
410983314, 412473942, 1490628
412599657, 413892799, 1293142
414015199, 415483771, 1468572
415609599, 416891428, 1281829
417012914, 418486057, 1473143
418612228, 419941599, 1329371
421022514, 422525257, 1502743
422652571, 423950285, 1297714
424226742, 425573371, 1346629
425700114, 426997828, 1297714
427273485, 428658628, 1385143
428780114, 430271199, 1491085
430397257, 432822856, 2425599
432945942, 434662857, 1716915
434783885, 436285942, 1502057
436410971, 437760456, 1349485
437890971, 439411771, 1520800
439537371, 440857142, 1319771
440979314, 443640571, 2661257
443775771, 445327085, 1551314
445453828, 446864571, 1410743
446985942, 448460457, 1474515
448586057, 449875428, 1289371
449996685, 451465599, 1468914
451591428, 452901599, 1310171
453032685, 455236685, 2204000
455364571, 456727314, 1362743
456849028, 458318971, 1469943
458444571, 459798399, 1353828
459919199, 461374742, 1455543
461499999, 462810171, 1310172
462930742, 464406857, 1476115
464533142, 466950285, 2417143
467237028, 468627199, 1390171
468747428, 470034399, 1286971
470297942, 471620799, 1322857
471740914, 473025714, 1284800
473295771, 474634171, 1338400
474754742, 476185714, 1430972
476310171, 478732799, 2422628
478854971, 480314971, 1460000
480440114, 481777714, 1337600
481910171, 483434628, 1524457
483562742, 484864228, 1301486
484985714, 486465485, 1479771
486591199, 487878742, 1287543
488000228, 490592914, 2592686
490719771, 492187885, 1468114
492314399, 493651542, 1337143
493772456, 495217257, 1444801
495343657, 496668457, 1324800
496789256, 498278857, 1489601
498405028, 499797942, 1392914
500892571, 502403885, 1511314
502530971, 503846285, 1315314
503968914, 505441257, 1472343
505567771, 506870742, 1302971
506993371, 508508914, 1515543
508634742, 509967542, 1332800
510251657, 512583085, 2331428
512716342, 513654399, 938057
513773485, 514652685, 879200
514771314, 516523771, 1752457
516651085, 518005028, 1353943
518284914, 519678399, 1393485
519799314, 521290742, 1491428
521416457, 522826628, 1410171
522948799, 524426285, 1477486
524553714, 526850056, 2296342
526972685, 528451542, 1478857
528576571, 529855314, 1278743
529976114, 531436914, 1460800
531562628, 532879771, 1317143
532999885, 534465371, 1465486
534590971, 535902399, 1311428
536031656, 538626399, 2594743
538748342, 540198742, 1450400
540325371, 541653028, 1327657
541773142, 543249942, 1476800
543374514, 544729942, 1355428
544850285, 546321485, 1471200
546447085, 547798971, 1351886
547919428, 550501599, 2582171
550629599, 551959314, 1329715
552239314, 553575657, 1336343
553701256, 555004914, 1303658
555276342, 556607085, 1330743
556728228, 558014285, 1286057
558278171, 559619314, 1341143
559740114, 562290971, 2550857
562418285, 563792571, 1374286
563911999, 565378171, 1466172
565504228, 566819199, 1314971
566939428, 568406628, 1467200
568531657, 569842514, 1310857
569964571, 571427657, 1463086
571553599, 573926056, 2372457
574206285, 575540799, 1334514
575666285, 576959085, 1292800
577234171, 578562399, 1328228
578687199, 579975999, 1288800
580246628, 581626285, 1379657
581747428, 583192571, 1445143
583318057, 585763085, 2445028
585884342, 587353257, 1468915
587967085, 589581714, 1614629
589707656, 591197485, 1489829
591323428, 592654742, 1331314
592774856, 594253942, 1479086
594378285, 596827656, 2449371
596950399, 598433942, 1483543
598559885, 599856456, 1296571
599977714, 601444457, 1466743
601570399, 602856114, 1285715
602977028, 604440342, 1463314
604567428, 605887999, 1320571
606009028, 608611085, 2602057
608734171, 610180457, 1446286
610305942, 611643428, 1337486
611765142, 613251885, 1486743
613376799, 614735314, 1358515
614856914, 616315885, 1458971
616441028, 617801371, 1360343
617922285, 620486514, 2564229
620614514, 621909371, 1294857
622189599, 623538057, 1348458
623665028, 625018514, 1353486
625292457, 626675657, 1383200
627565257, 629183657, 1618400
629310857, 631607999, 2297142
631733256, 633191885, 1458629
633318628, 634650742, 1332114
634771885, 636262742, 1490857
636388342, 637778742, 1390400
637901256, 639383199, 1481943
639509371, 640847999, 1338628
641915085, 643404914, 1489829
643533828, 644849028, 1315200
644971199, 646440114, 1468915
646567542, 647864685, 1297143
647986399, 649465257, 1478858
649591199, 650881256, 1290057
651003656, 653396571, 2392915
653524685, 654846742, 1322057
654970171, 656442742, 1472571
656569599, 657885028, 1315429
658008571, 659493371, 1484800
659627085, 660917256, 1290171
661205371, 662564228, 1358857
662690285, 665265942, 2575657
665393371, 666769599, 1376228
666890856, 668373142, 1482286
668499999, 669818285, 1318286
669939542, 671417257, 1477715
671544799, 672857714, 1312915
672979656, 674450057, 1470401
674577371, 677018971, 2441600
677296914, 678640457, 1343543
678761828, 680203885, 1442057
680328914, 681673599, 1344685
681794399, 683279542, 1485143
683404914, 684767885, 1362971
684890399, 686369028, 1478629
686496228, 688946285, 2450057
689229485, 690586285, 1356800
690713142, 692169142, 1456000
692296685, 693636114, 1339429
693756914, 695206285, 1449371
695332114, 696692799, 1360685
696823656, 698344799, 1521143
699451542, 700862628, 1411086
700983085, 702452914, 1469829
702578171, 703865599, 1287428
703985485, 705447199, 1461714
705573142, 706862971, 1289829
706983199, 708444571, 1461372
708570857, 710883314, 2312457
711007314, 712500571, 1493257
712626171, 713933485, 1307314
714216114, 715550857, 1334743
715676799, 716964456, 1287657
717244914, 718587771, 1342857
718711999, 720020228, 1308229
720291314, 722578399, 2287085
722704799, 723999771, 1294972
724271199, 725616114, 1344915
725736914, 727036685, 1299771
727302171, 728632914, 1330743
728753485, 730189028, 1435543
730314057, 731639314, 1325257
731759656, 734335657, 2576001
734462628, 735810856, 1348228
735930514, 737643199, 1712685
737766056, 739265142, 1499086
739390285, 740747428, 1357143
740878742, 742339199, 1460457
742463657, 745004799, 2541142
745283771, 746651542, 1367771
746773371, 748275885, 1502514
748401942, 749759999, 1358057
749882399, 751354285, 1471886
751480914, 752792685, 1311771
752913828, 754380114, 1466286
754506514, 756745142, 2238628
756878628, 758420342, 1541714
758547542, 759881371, 1333829
760002971, 761484571, 1481600
761610742, 762907885, 1297143
763029028, 764520799, 1491771
764646399, 765924228, 1277829
766205257, 768508799, 2303542
768636799, 769938399, 1301600
770215657, 771547085, 1331428
771672571, 772953599, 1281028
773232228, 774613028, 1380800
774736456, 776275657, 1539201
776401485, 777753599, 1352114
778861485, 780342399, 1480914
780466857, 781833714, 1366857
781953714, 783409142, 1455428
783534628, 784853485, 1318857
784986171, 786498171, 1512000
786623771, 787913142, 1289371
788186628, 789509371, 1322743
789634171, 790910056, 1275885
791183999, 792515885, 1331886
792641371, 793926171, 1284800
794213485, 795537371, 1323886
795662399, 796948799, 1286400
797220457, 798546971, 1326514
798670971, 801556114, 2885143
801691085, 803214285, 1523200
803339657, 804729599, 1389942
804850399, 806349599, 1499200
806476685, 807841485, 1364800
807962399, 809439314, 1476915
809565942, 810861371, 1295429
810983085, 813413028, 2429943
813540914, 814856342, 1315428
814976571, 816433371, 1456800
816559885, 817867428, 1307543
817988456, 819439542, 1451086
819566285, 820866514, 1300229
820996228, 822504685, 1508457
822631314, 824905142, 2273828
825027999, 826511885, 1483886
826637028, 827923199, 1286171
828194971, 829510399, 1315428
829635771, 830910056, 1274285
831179085, 832499885, 1320800
832624914, 835516685, 2891771
835652571, 837198628, 1546057
837326857, 838745371, 1418514
838867428, 840358399, 1490971
840484799, 841812799, 1328000
841933942, 843412914, 1478972
843539999, 844851771, 1311772
844974399, 847419199, 2444800
847548228, 848864685, 1316457
848987428, 850480342, 1492914
850606857, 851907885, 1301028
852028342, 853513028, 1484686
853638971, 854932799, 1293828
855221142, 856617028, 1395886
856739999, 859293714, 2553715
859944799, 861561599, 1616800
861687771, 863001142, 1313371
863278628, 864674628, 1396000
864795542, 866285714, 1490172
866410628, 867788914, 1378286
867910171, 870481828, 2571657
870609257, 871921371, 1312114
872210285, 873543199, 1332914
873668685, 874971428, 1302743
875246514, 876590057, 1343543
876715771, 878166857, 1451086
878294742, 879629028, 1334286
879751542, 882332457, 2580915
882459885, 883859314, 1399429
883979999, 885451657, 1471658
885578399, 886913371, 1334972
887210857, 888572799, 1361942
888700114, 890004114, 1304000
890282285, 891626399, 1344114
892701599, 894204685, 1503086
894330742, 895740114, 1409372
895861142, 897335542, 1474400
897461028, 898810628, 1349600
898932342, 899826856, 894514
899945371, 900817028, 871657
901712114, 904365142, 2653028
904492342, 905811199, 1318857
905930514, 907430857, 1500343
907559199, 908916685, 1357486
909192914, 910524228, 1331314
910649714, 912341942, 1692228
912469485, 915461599, 2992114
915595885, 916972114, 1376229
917247542, 918595314, 1347772
918719771, 920164228, 1444457
920291428, 921615656, 1324228
921736342, 923176914, 1440572
923303657, 924635085, 1331428
924756456, 927318057, 2561601
927445142, 928807199, 1362057
928927999, 930423199, 1495200
930550171, 931858971, 1308800
931980685, 933454399, 1473714
933580571, 934872571, 1292000
934994171, 936472685, 1478514
936599085, 938973942, 2374857
939256799, 940659428, 1402629
940780456, 942270285, 1489829
942395542, 943755542, 1360000
943875885, 945339428, 1463543
945464914, 946816571, 1351657
946937485, 949866742, 2929257
950003999, 951582971, 1578972
951709256, 953022399, 1313143
953294057, 954634171, 1340114
954755999, 956204685, 1448686
956331657, 957741142, 1409485
957862514, 959330971, 1468457
959455771, 961899771, 2444000
962023314, 963506514, 1483200
963632342, 964919428, 1287086
965196114, 966524914, 1328800
966650171, 967930171, 1280000
968210171, 969537485, 1327314
969662171, 970941371, 1279200
972183999, 973535885, 1351886
973661599, 974948799, 1287200
975240114, 976621142, 1381028
976741485, 978170742, 1429257
978297599, 979624799, 1327200
979745828, 981183657, 1437829
981308685, 983533942, 2225257
983659314, 984942856, 1283542
985222857, 986557485, 1334628
986682514, 987978742, 1296228
988252685, 989589714, 1337029
989714742, 991001485, 1286743
991269142, 992615657, 1346515
992736914, 995280342, 2543428
995408114, 996776342, 1368228
996895885, 998353371, 1457486
998478057, 999786971, 1308914
999906971, 1377371, -998529600
1503885, 2824114, 1320229
2945828, 4409371, 1463543
4534057, 6949942, 2415885
7232914, 8578857, 1345943
8702399, 9992914, 1290515
10266399, 11592228, 1325829
11717256, 13006971, 1289715
13273714, 14605599, 1331885
14725828, 16161599, 1435771
16287199, 18686856, 2399657
18807085, 20295885, 1488800
20419771, 21770056, 1350285
21889942, 23348457, 1458515
23472457, 24813828, 1341371
24933942, 26405942, 1472000
26531199, 27850399, 1319200
27970171, 30502628, 2532457
30630057, 31944228, 1314171
32223199, 33557142, 1333943
33681714, 34965028, 1283314
35234971, 36563199, 1328228
36687085, 37974742, 1287657
38242742, 39615656, 1372914
39738856, 42282171, 2543315
42408114, 43775656, 1367542
43894856, 45356457, 1461601
45480457, 46807542, 1327085
46936228, 48420457, 1484229
48545257, 49861485, 1316228
49981371, 51442742, 1461371
51568685, 53939428, 2370743
54222399, 55625942, 1403543
55746399, 57182857, 1436458
57308685, 58642057, 1333372
58763085, 60249942, 1486857
60374742, 61710514, 1335772
61831199, 63301142, 1469943
63425142, 64792456, 1367314
64913485, 66380799, 1467314
66506285, 68784685, 2278400
68905828, 70418057, 1512229
70543314, 71857028, 1313714
71977256, 73446399, 1469143
73572342, 74882056, 1309714
75002628, 76467085, 1464457
76592228, 77890514, 1298286
78010856, 80599885, 2589029
80726171, 82181714, 1455543
82307085, 83646628, 1339543
83766285, 85210285, 1444000
85334514, 86667885, 1333371
86787656, 88269942, 1482286
88394742, 89749371, 1354629
89869942, 92482857, 2612915
92611199, 93923199, 1312000
94043885, 95545257, 1501372
95671085, 96974399, 1303314
97260342, 98613485, 1353143
99517942, 100978971, 1461029
101253714, 103577828, 2324114
103703771, 105007314, 1303543
105282171, 106656914, 1374743
106776914, 108250971, 1474057
108375428, 109744685, 1369257
109864685, 111315999, 1451314
111440228, 112790971, 1350743
112910856, 115598856, 2688000
115733142, 117268342, 1535200
117393028, 118752228, 1359200
118873028, 120330514, 1457486
120456228, 121794628, 1338400
121914971, 123373142, 1458171
123498285, 124822285, 1324000
124942971, 127364914, 2421943
127492228, 128830056, 1337828
128951999, 130432342, 1480343
130559657, 131867771, 1308114
131989599, 133459085, 1469486
133585942, 134892571, 1306629
135014171, 136496457, 1482286
136622742, 138975885, 2353143
139251314, 140603199, 1351885
140729256, 142020914, 1291658
142290285, 143627771, 1337486
143748799, 145037028, 1288229
145303885, 146695771, 1391886
146817599, 148297714, 1480115
148422628, 150716914, 2294286
150837599, 152306399, 1468800
152431085, 153830514, 1399429
153950856, 155419199, 1468343
155544571, 156849256, 1304685
156970399, 158432799, 1462400
158559199, 159851771, 1292572
159971771, 162533142, 2561371
162660799, 163979656, 1318857
164256571, 165592685, 1336114
165718171, 167012685, 1294514
167278514, 168652457, 1373943
168772685, 170279542, 1506857
170403542, 171746856, 1343314
172854971, 174348342, 1493371
174473028, 175829028, 1356000
175949714, 177419771, 1470057
177545257, 178864685, 1319428
178984571, 180439428, 1454857
180565371, 181898628, 1333257
182019885, 184540685, 2520800
184668685, 185964228, 1295543
186242171, 187623656, 1381485
187744114, 189166285, 1422171
189293028, 190627542, 1334514
190751085, 192183885, 1432800
192307999, 193633942, 1325943
193755199, 196311885, 2556686
196439314, 197843085, 1403771
197962971, 199426057, 1463086
199552457, 200864799, 1312342
200985714, 202450742, 1465028
202577257, 203900571, 1323314
204059085, 205512457, 1453372
206633371, 207976571, 1343200
208252799, 209594856, 1342057
209719428, 211005142, 1285714
211271657, 212644571, 1372914
212765942, 214244799, 1478857
214368914, 215766971, 1398057
215886856, 218301371, 2414515
218427885, 219824342, 1396457
219945485, 221439885, 1494400
221566514, 222901714, 1335200
223022514, 224498857, 1476343
224625142, 225963999, 1338857
226243085, 228837942, 2594857
228972799, 230519999, 1547200
230646285, 231941599, 1295314
232223542, 233561485, 1337943
233686971, 234975199, 1288228
235254171, 236607542, 1353371
236733256, 238173599, 1440343
238300571, 240593371, 2292800
240719999, 242024342, 1304343
242291199, 243625256, 1334057
243746285, 245176342, 1430057
245301942, 246631199, 1329257
246751542, 248181599, 1430057
248306742, 249625485, 1318743
249746856, 252032571, 2285715
252304342, 253667885, 1363543
253789028, 255278971, 1489943
255403771, 256786285, 1382514
256907314, 258380914, 1473600
258506514, 259871199, 1364685
259992114, 261455885, 1463771
262588457, 263936685, 1348228
264221142, 265624456, 1403314
265746856, 267225142, 1478286
267351885, 268731199, 1379314
268851999, 270315085, 1463086
270439885, 271800456, 1360571
271921714, 274315085, 2393371
274441942, 275798399, 1356457
275919314, 277431314, 1512000
277559542, 278891314, 1331772
279012571, 280501257, 1488686
280626628, 281946742, 1320114
282234171, 283595199, 1361028
284667428, 285977599, 1310171
286253714, 287603885, 1350171
287729142, 289022856, 1293714
289293599, 290637371, 1343772
290758514, 292206628, 1448114
292331542, 293735885, 1404343
293857371, 296032114, 2174743
296297371, 297632114, 1334743
297752571, 299240571, 1488000
299365371, 300749028, 1383657
300870285, 302336457, 1466172
302462171, 303324228, 862057
303446742, 304305371, 858629
304427885, 305292457, 864572
305415085, 307585599, 2170514
307712342, 308585142, 872800
308705142, 309578057, 872915
309696799, 311995085, 2298286
312287771, 313673371, 1385600
313793485, 315297371, 1503886
315423314, 316806056, 1382742
316927085, 318425828, 1498743
318553142, 319865828, 1312686
319988114, 322440342, 2452228
322570971, 323889485, 1318514
324010856, 325499314, 1488458
325626285, 326911199, 1284914
327191085, 328511771, 1320686
329375542, 330858285, 1482743
330979199, 333582742, 2603543
333710056, 335165942, 1455886
335293371, 336617257, 1323886
336739542, 338176457, 1436915
338301942, 339622628, 1320686
339744799, 341173257, 1428458
341300342, 342622971, 1322629
342745485, 345042171, 2296686
345321028, 346675428, 1354400
346794514, 348294742, 1500228
348420114, 349786971, 1366857
349907542, 351380114, 1472572
351506285, 352827199, 1320914
352947428, 354420799, 1473371
355519199, 356940571, 1421372
357219199, 358568114, 1348915
358693828, 359987542, 1293714
360271085, 361604571, 1333486
361729371, 363023314, 1293943
363288685, 364634514, 1345829
364754971, 367238057, 2483086
367366057, 368734171, 1368114
368854742, 370323999, 1469257
370449371, 371788114, 1338743
371909371, 373381828, 1472457
373508914, 374822285, 1313371
374944685, 376421257, 1476572
376549599, 378987314, 2437715
379267199, 380609599, 1342400
380731771, 382028456, 1296685
382298285, 383679771, 1381486
383808685, 385305485, 1496800
385431771, 386803085, 1371314
386924342, 388398399, 1474057
389508114, 390450399, 942285
390576685, 392303428, 1726743
392430285, 393834971, 1404686
393955885, 395444685, 1488800
395572685, 396864114, 1291429
396985485, 398453142, 1467657
398579999, 401005485, 2425486
401281142, 402619771, 1338629
402742742, 404191085, 1448343
404318399, 405655656, 1337257
405776342, 407256685, 1480343
407382971, 408741714, 1358743
408862171, 410335085, 1472914
410462171, 412888685, 2426514
413011656, 414510057, 1498401
414637257, 415919085, 1281828
416187885, 417514285, 1326400
417640685, 418914285, 1273600
419184571, 420507542, 1322971
420634057, 421906971, 1272914
422178399, 424632685, 2454286
424755428, 426193142, 1437714
426320114, 427689599, 1369485
427810514, 429285142, 1474628
429411199, 430813942, 1402743
430935885, 432413828, 1477943
432541485, 433860342, 1318857
434968914, 436497485, 1528571
436623999, 437911428, 1287429
438198057, 439517142, 1319085
439643771, 440927085, 1283314
441207657, 442554399, 1346742
442680799, 443965599, 1284800
444237142, 446623314, 2386172
446746285, 448254514, 1508229
448379542, 449737828, 1358286
449859314, 451307085, 1447771
451433714, 452829371, 1395657
452951314, 454421599, 1470285
454549371, 455896228, 1346857
456991885, 458502971, 1511086
458630285, 459960914, 1330629
460245599, 461581485, 1335886
461707428, 463006514, 1299086
463280457, 464662628, 1382171
464783999, 466277599, 1493600
466403771, 468754628, 2350857
468875542, 470361028, 1485486
470487428, 471821714, 1334286
471944228, 473419199, 1474971
473546514, 474869485, 1322971
474989371, 476505828, 1516457
476639542, 477955999, 1316457
479227085, 480625828, 1398743
480748456, 482212914, 1464458
482339085, 483730514, 1391429
483851314, 485308457, 1457143
485434057, 486794056, 1359999
486914628, 488389371, 1474743
488515999, 490531085, 2015086
490657371, 491941371, 1284000
492219771, 493559428, 1339657
493686514, 494977599, 1291085
495253028, 496586857, 1333829
496714742, 498006285, 1291543
498277142, 499000342, 723200
499257028, 501337828, 2080800
501473142, 502416799, 943657
502542628, 503418399, 875771
503542514, 504413257, 870743
504539999, 505407771, 867772
505533028, 506406971, 873943
506533942, 507409142, 875200
507535885, 508412114, 876229
508538285, 509405028, 866743
509529371, 510399199, 869828
510525142, 513831314, 3306172
513971885, 515451885, 1480000
515579085, 516886056, 1306971
517006171, 518497599, 1491428
518623999, 519906971, 1282972
520193485, 522745599, 2552114
522880571, 524394057, 1513486
524519999, 525882856, 1362857
526003085, 527477028, 1473943
527602628, 528955199, 1352571
529238857, 530579085, 1340228
530704114, 531993142, 1289028
532265028, 534562971, 2297943
534690056, 536001828, 1311772
536275885, 537622056, 1346171
537743199, 539182857, 1439658
539308114, 540653599, 1345485
540774056, 542261142, 1487086
542386628, 543751428, 1364800
543871999, 546566399, 2694400
546696571, 547995428, 1298857
548268799, 549663314, 1394515
549794056, 551291657, 1497601
551417371, 552800571, 1383200
552921942, 554403085, 1481143
554529485, 557189485, 2660000
557848685, 559434857, 1586172
559560685, 561260114, 1699429
561387199, 562754514, 1367315
562875771, 564376114, 1500343
564504228, 565829028, 1324800
565951656, 568632571, 2680915
568767428, 570307314, 1539886
570433028, 571799314, 1366286
571919199, 573406628, 1487429
573532571, 574841942, 1309371
574963542, 576431314, 1467772
576557599, 577864456, 1306857
577986056, 580635428, 2649372
580769942, 581695999, 926057
581814628, 582692114, 877486
582810971, 584633828, 1822857
584766742, 585653028, 886286
585771656, 586652228, 880572
586770628, 589384228, 2613600
589511542, 590849256, 1337714
590971428, 592451314, 1479886
592577714, 594979428, 2401714
595260228, 596617828, 1357600
596739085, 598191542, 1452457
598319314, 599648456, 1329142
599769028, 601206399, 1437371
601331771, 602671428, 1339657
602791885, 604269142, 1477257
604394057, 606829485, 2435428
606950628, 608456342, 1505714
608582742, 609869599, 1286857
609988799, 611466857, 1478058
611592342, 612897828, 1305486
613019656, 614499771, 1480115
614626514, 615906171, 1279657
616984685, 618472228, 1487543
618599771, 619919999, 1320228
620199428, 621542399, 1342971
621668456, 622991999, 1323543
623269371, 624613028, 1343657
624734514, 626225485, 1490971
626351085, 628771085, 2420000
628893028, 630381028, 1488000
630506514, 631828685, 1322171
631948914, 633661142, 1712228
633783085, 635280342, 1497257
635405942, 636763885, 1357943
636883885, 639553028, 2669143
639688456, 641188685, 1500229
641315542, 642745828, 1430286
642865028, 644315314, 1450286
644441485, 645806171, 1364686
645926971, 647412228, 1485257
647539085, 648856914, 1317829
648978171, 651414628, 2436457
651541714, 652863085, 1321371
652982971, 654445257, 1462286
654571199, 655896685, 1325486
656018056, 657775885, 1757829
657896685, 659386971, 1490286
659512799, 660390171, 877372
660513714, 662981828, 2468114
663262628, 664662057, 1399429
664781942, 666264342, 1482400
666389599, 667760342, 1370743
667882856, 669338285, 1455429
669463999, 670793256, 1329257
670913599, 673265142, 2351543
673406057, 674760799, 1354742
674880228, 676002285, 1122057
676453142, 677827085, 1373943
677946628, 679433828, 1487200
679559999, 680865028, 1305029
680985714, 682442171, 1456457
682568114, 684554971, 1986857
684685142, 686169599, 1484457
686298514, 687729599, 1431085
687850171, 689329371, 1479200
689454171, 690785828, 1331657
690906742, 692369599, 1462857
692495314, 693814171, 1318857
693934056, 696490399, 2556343
696620342, 697917828, 1297486
698205371, 699590056, 1384685
699711199, 701001142, 1289943
701272685, 702604457, 1331772
702729028, 704206971, 1477943
704333828, 705208685, 874857
705331199, 707756799, 2425600
707889942, 709430971, 1541029
709557599, 710870628, 1313029
710991999, 712464914, 1472915
712589828, 713881371, 1291543
714002514, 715486171, 1483657
715611885, 716891199, 1279314
717011885, 719426742, 2414857
719554171, 720871885, 1317714
720991656, 722455771, 1464115
722582057, 723877371, 1295314
723997714, 725460457, 1462743
725586857, 726876114, 1289257
726996342, 728480114, 1483772
728607314, 730928456, 2321142
731211999, 732559771, 1347772
732685142, 733991199, 1306057
734262285, 735647542, 1385257
735777256, 737283657, 1506401
737408914, 738782285, 1373371
738902056, 739790171, 888115
739908228, 742046742, 2138514
742322742, 743203657, 880915
743325828, 744185028, 859200
744306971, 745185828, 878857
745307314, 746033714, 726400
746287657, 747015999, 728342
747271771, 748002171, 730400
748257714, 748985714, 728000
751004571, 752616571, 1612000
752738285, 754204342, 1466057
754330971, 755716799, 1385828
755838171, 757304685, 1466514
757430857, 758794856, 1363999
758916571, 761365371, 2448800
761493599, 762821256, 1327657
762943542, 764419199, 1475657
764546971, 765863085, 1316114
765984685, 767452457, 1467772
767580228, 768879885, 1299657
769002742, 770486057, 1483315
770613028, 773029942, 2416914
773309942, 774654057, 1344115
774775314, 776279657, 1504343
776406971, 778008342, 1601371
778284685, 779678056, 1393371
779811656, 781308571, 1496915
781434628, 784188342, 2753714
784326514, 785725714, 1399200
786581714, 787992799, 1411085
788279657, 789713599, 1433942
789834628, 791313942, 1479314
791439885, 792804914, 1365029
792926742, 795619199, 2692457
795754399, 797297485, 1543086
797424457, 798812342, 1387885
798933485, 800410285, 1476800
800538057, 802240571, 1702514
802366971, 803748685, 1381714
803870399, 805322742, 1452343
805449028, 807893028, 2444000
808015542, 809514971, 1499429
809641599, 810930399, 1288800
811209942, 812559428, 1349486
812686399, 813988685, 1302286
814268228, 815611885, 1343657
815736799, 817925142, 2188343
818229028, 819603542, 1374514
819729828, 821180342, 1450514
821308571, 822642285, 1333714
822763656, 824215314, 1451658
824341257, 825745828, 1404571
825866514, 827374171, 1507657
827500914, 829799428, 2298514
829923199, 831425142, 1501943
831552114, 832869371, 1317257
832991542, 834460685, 1469143
834587542, 835878628, 1291086
835999656, 837490971, 1491315
837620456, 838917485, 1297029
839987999, 841465714, 1477715
841594171, 842895656, 1301485
843016456, 844507885, 1491429
844633828, 845979656, 1345828
846257485, 847587999, 1330514
847713142, 849006285, 1293143
849280228, 851775199, 2494971
851898285, 853379657, 1481372
853506285, 854822399, 1316114
854945142, 856414057, 1468915
856540799, 857868342, 1327543
857989485, 859459085, 1469600
859585828, 860877599, 1291771
860998399, 863602628, 2604229
863730399, 865227314, 1496915
865353599, 866691656, 1338057
866813371, 868297257, 1483886
868422742, 869785942, 1363200
869907199, 871393599, 1486400
871524914, 874275885, 2750971
874411771, 875768799, 1357028
875890628, 877015771, 1125143
877454971, 878865256, 1410285
878985942, 880463428, 1477486
880590514, 881946056, 1355542
882230171, 883614514, 1384343
883736228, 885993599, 2257371
886270399, 887622285, 1351886
887743542, 889203542, 1460000
889332228, 890670628, 1338400
890791314, 892282857, 1491543
892408457, 893780456, 1371999
893901142, 895391885, 1490743
896516114, 897870742, 1354628
897991085, 899476799, 1485714
899603085, 900960342, 1357257
901239085, 902625599, 1386514
902748228, 904186171, 1437943
904314857, 905655428, 1340571
905776799, 908288114, 2511315
908416457, 909789371, 1372914
909910056, 911418742, 1508686
911547199, 912854514, 1307315
912976571, 914453599, 1477028
914579999, 915887428, 1307429
916009256, 917490171, 1480915
917617828, 920228799, 2610971
920356799, 921729256, 1372457
921851542, 923314971, 1463429
923441028, 924827199, 1386171
924947885, 926419885, 1472000
926547885, 927892799, 1344914
928014514, 929498857, 1484343
930591199, 932011999, 1420800
932286971, 933641714, 1354743
933764114, 935259428, 1495314
935384457, 936736571, 1352114
936858628, 938337142, 1478514
938462857, 939793142, 1330285
939927428, 942378285, 2450857
942508114, 943847656, 1339542
943967999, 945468457, 1500458
945595199, 946950285, 1355086
947229599, 948608685, 1379086
948730742, 950037714, 1306972
950638742, 953463428, 2824686
953598056, 955012685, 1414629
955287885, 956635771, 1347886
956758056, 958217828, 1459772
958343657, 959721028, 1377371
959841828, 961294514, 1452686
961421142, 962779771, 1358629
962900685, 964907428, 2006743
965197257, 966590742, 1393485
966717256, 968011999, 1294743
968281485, 969620456, 1338971
969742856, 971185714, 1442858
971312342, 972699999, 1387657
972820571, 974307085, 1486514
974432228, 976896456, 2464228
977020456, 978511771, 1491315
978638857, 979931771, 1292914
980211885, 981548457, 1336572
981674285, 982966285, 1292000
983245714, 983979656, 733942
984242057, 984975656, 733599
985229828, 985961942, 732114
987205828, 987968228, 762400
988233599, 988971542, 737943
989229028, 989968114, 739086
990227657, 992493599, 2265942
992630057, 994027656, 1397599
994300457, 995738628, 1438171
995860914, 997336228, 1475314
997462171, 998825142, 1362971
998946971, 435885, -998511086
565371, 2913828, 2348457
3185714, 4529942, 1344228
4654514, 5952342, 1297828
6224571, 7578514, 1353943
7702628, 8990171, 1287543
9266971, 10599428, 1332457
10719885, 12021828, 1301943
12294628, 14710971, 2416343
14832456, 16303542, 1471086
16428685, 17777371, 1348686
17899085, 19378971, 1479886
20205485, 21660114, 1454629
21779314, 23261257, 1481943
23385142, 25860685, 2475543
25983199, 27467885, 1484686
27592114, 28891771, 1299657
29013714, 30478514, 1464800
30604114, 31890856, 1286742
32012114, 33491999, 1479885
33617828, 34902514, 1284686
35171999, 37422628, 2250629
37549828, 38861599, 1311771
38982856, 40446857, 1464001
40571771, 41862628, 1290857
41983656, 43495314, 1511658
43622285, 44933028, 1310743
45054285, 47497028, 2442743
47625599, 48914399, 1288800
49191771, 50578742, 1386971
50703999, 51998171, 1294172
52270628, 53661714, 1391086
53782399, 55274742, 1492343
55399999, 56781714, 1381715
56901942, 59477257, 2575315
59603885, 60966628, 1362743
61242057, 62626399, 1384342
62747771, 64232571, 1484800
64356914, 65715314, 1358400
65847085, 67333257, 1486172
67460228, 69955999, 2495771
70246171, 71615428, 1369257
71739542, 73035656, 1296114
73306171, 74635199, 1329028
74755656, 76239885, 1484229
76363657, 77717942, 1354285
77837828, 79303657, 1465829
79427885, 81785256, 2357371
81907885, 83395999, 1488114
83522742, 84883199, 1360457
85039999, 86495199, 1455200
86621714, 87913714, 1292000
88184914, 89525371, 1340457
89651428, 90936571, 1285143
92183085, 93538857, 1355772
93665028, 94975199, 1310171
95256114, 96594971, 1338857
96721028, 98004914, 1283886
98273142, 98999428, 726286
99253142, 99976914, 723772
100232114, 100957599, 725485
101213485, 101940685, 727200
103728114, 105287428, 1559314
105412342, 106789942, 1377600
106909714, 108381714, 1472000
108506628, 109836456, 1329828
109956799, 111429028, 1472229
111554971, 112898971, 1344000
113019771, 115458057, 2438286
115586971, 116887771, 1300800
117008456, 118485371, 1476915
118613257, 119890742, 1277485
120165828, 121500685, 1334857
121626399, 122902742, 1276343
123023999, 124490171, 1466172
124615771, 126886171, 2270400
127009942, 128499657, 1489715
128626057, 129923085, 1297028
130198514, 131521485, 1322971
131647085, 132927885, 1280800
133201714, 134520457, 1318743
134646057, 135923656, 1277599
137016914, 138506399, 1489485
138631428, 139929714, 1298286
140209485, 141584799, 1375314
141709028, 143194514, 1485486
143321942, 144749485, 1427543
144870171, 146371657, 1501486
146497028, 148899656, 2402628
149021942, 150506971, 1485029
150632571, 151917256, 1284685
152196228, 153539314, 1343086
153665371, 154962742, 1297371
155240114, 156573714, 1333600
156700799, 157985485, 1284686
158256571, 160572457, 2315886
160706285, 162213828, 1507543
162340685, 163715885, 1375200
163836114, 165323657, 1487543
165449485, 166780342, 1330857
166902171, 168353028, 1450857
168477942, 169824914, 1346972
169945371, 172349142, 2403771
172475771, 173807999, 1332228
173929714, 175403657, 1473943
175529828, 176845485, 1315657
176967314, 178943199, 1975885
179234057, 179976914, 742857
180694171, 181627314, 933143
182696456, 184472342, 1775886
184598285, 185966285, 1368000
186244571, 187623656, 1379085
187744114, 189232799, 1488685
189357257, 190728228, 1370971
190848342, 192321028, 1472686
192446628, 194854399, 2407771
194977028, 196452228, 1475200
196578171, 197861714, 1283543
197982285, 199441828, 1459543
199567657, 200864456, 1296799
200986171, 202431199, 1445028
202556914, 203849599, 1292685
203972228, 206513714, 2541486
206641028, 207936456, 1295428
208214399, 209529485, 1315086
209655199, 210942856, 1287657
211219657, 212534742, 1315085
212660571, 213927085, 1266514
214205828, 215524914, 1319086
215650514, 217950514, 2300000
218233257, 219598628, 1365371
219723428, 221184571, 1461143
221309714, 222650971, 1341257
222770742, 224254399, 1483657
224379428, 225738285, 1358857
225859542, 227314057, 1454515
228379085, 229762971, 1383886
229883656, 231365028, 1481372
231490057, 232873371, 1383314
232995199, 234526171, 1530972
234652571, 236178171, 1525600
236306399, 237734971, 1428572
237855885, 240297257, 2441372
240424914, 241806171, 1381257
241928228, 243416228, 1488000
243543085, 244889371, 1346286
245010056, 246504457, 1494401
246630971, 247924456, 1293485
248206057, 249551771, 1345714
250626971, 252174399, 1547428
252301714, 253650285, 1348571
253772685, 255259542, 1486857
255908799, 257473599, 1564800
257599542, 258889828, 1290286
259011085, 260482171, 1471086
261580685, 262932228, 1351543
263212571, 264563314, 1350743
264689485, 266186514, 1497029
266312571, 267644685, 1332114
267766056, 269251542, 1485486
269376799, 270786285, 1409486
270906856, 272918971, 2012115
273201485, 274525371, 1323886
274651428, 275920914, 1269486
276205599, 277524571, 1318972
277649599, 278924228, 1274629
279197828, 280534399, 1336571
280659542, 281943314, 1283772
282219085, 284554857, 2335772
284682628, 285982285, 1299657
286254742, 287591428, 1336686
287717599, 289158285, 1440686
289285942, 290622857, 1336915
290745485, 292189599, 1444114
292315314, 293645371, 1330057
293766399, 296313599, 2547200
296440457, 297793142, 1352685
297915428, 299397028, 1481600
299523199, 300850399, 1327200
300970628, 302440228, 1469600
302566514, 303873485, 1306971
303995542, 305466057, 1470515
305591314, 307964914, 2373600
308250285, 309587771, 1337486
309711656, 310991885, 1280229
311265942, 312595199, 1329257
312720228, 314001942, 1281714
314271199, 315642171, 1370972
315762628, 317242742, 1480114
317366514, 319782971, 2416457
319904342, 321391885, 1487543
321517942, 322994171, 1476229
323288342, 324625828, 1337486
324746056, 326227085, 1481029
326351199, 327678856, 1327657
327798971, 330503428, 2704457
330638171, 331981599, 1343428
332255999, 333590514, 1334515
333715199, 335173942, 1458743
335303199, 336736571, 1433372
336856456, 338352799, 1496343
338477714, 339795542, 1317828
339916228, 341916342, 2000114
342197142, 343533142, 1336000
343658628, 344961942, 1303314
345237714, 346570971, 1333257
346696342, 348002514, 1306172
348277599, 349670514, 1392915
349800914, 351291657, 1490743
351417257, 353867999, 2450742
353990514, 355524799, 1534285
355651428, 356999771, 1348343
357271428, 358647999, 1376571
358768456, 360246971, 1478515
360372114, 361720914, 1348800
361841714, 364521714, 2680000
364657257, 366015199, 1357942
366291085, 367639542, 1348457
367761828, 369192228, 1430400
369318057, 370725942, 1407885
370847314, 372301714, 1454400
372427657, 373794056, 1366399
373919542, 376337142, 2417600
376464457, 377802171, 1337714
377922856, 381555314, 3632458
381688114, 383029371, 1341257
383348799, 384762056, 1413257
384882171, 387439885, 2557714
387567657, 388873028, 1305371
388993485, 390457942, 1464457
390584457, 391886971, 1302514
392042514, 393491542, 1449028
393617828, 394900685, 1282857
395021142, 396499428, 1478286
396624685, 399013714, 2389029
399288799, 400729714, 1440915
400850399, 402296228, 1445829
402422399, 403776571, 1354172
403897828, 405366857, 1469029
405491885, 406807885, 1316000
406928799, 408408457, 1479658
408534057, 410531885, 1997828
410657599, 411924114, 1266515
412202399, 413529028, 1326629
413655314, 414925942, 1270628
415211542, 416547199, 1335657
416672799, 417953256, 1280457
418242514, 419563428, 1320914
419688456, 422006285, 2317829
422282857, 423622514, 1339657
423743085, 425235199, 1492114
425360228, 426755085, 1394857
426875771, 428372457, 1496686
428497714, 429850742, 1353028
429971656, 432400571, 2428915
432543657, 433951199, 1407542
434228342, 435582285, 1353943
435707999, 437002514, 1294515
437270514, 438648571, 1378057
438769485, 440205142, 1435657
440330285, 441676456, 1346171
441796571, 444300571, 2504000
444427885, 445790514, 1362629
445911885, 447369599, 1457714
447495085, 448816685, 1321600
448938514, 450412114, 1473600
450537828, 451855199, 1317371
451984114, 453487885, 1503771
453616799, 456012228, 2395429
456287657, 457627085, 1339428
457748114, 459040342, 1292228
459307542, 460169142, 861600
460292457, 461020685, 728228
461845142, 463357942, 1512800
463483771, 464804342, 1320571
464925942, 467389028, 2463086
467519428, 468855999, 1336571
468979771, 470457371, 1477600
470585485, 471892456, 1306971
472013942, 473505142, 1491200
473637028, 474915199, 1278171
475201828, 476548571, 1346743
476675771, 479196914, 2521143
479325599, 480679314, 1353715
480799542, 482292228, 1492686
482419085, 483790514, 1371429
483912342, 485393942, 1481600
485521028, 486832456, 1311428
486955314, 488419428, 1464114
490274971, 491728228, 1453257
491848914, 493367885, 1518971
493493371, 494819085, 1325714
494941714, 496405485, 1463771
496531885, 497854514, 1322629
497975771, 499440799, 1465028
500471314, 501916914, 1445600
502197485, 503530742, 1333257
503660685, 505191199, 1530514
505318971, 506656114, 1337143
506776456, 508265142, 1488686
508389828, 509802056, 1412228
509923542, 512482742, 2559200
512611085, 513968114, 1357029
514243771, 515576685, 1332914
515701142, 516999085, 1297943
517271771, 518606742, 1334971
518730056, 520028799, 1298743
520300571, 521720342, 1419771
522826628, 524305371, 1478743
524431428, 525807542, 1376114
525928114, 527395885, 1467771
527521599, 528835542, 1313943
528957942, 530435657, 1477715
530562514, 531888914, 1326400
532011085, 534543085, 2532000
534669714, 535979999, 1310285
536260457, 537603314, 1342857
537729028, 539188457, 1459429
539320571, 540711885, 1391314
540832228, 542285599, 1453371
542411314, 543764456, 1353142
543885599, 546491542, 2605943
546619999, 547972571, 1352572
548248799, 549626171, 1377372
549747085, 551042399, 1295314
551311428, 552636571, 1325143
552756342, 554185714, 1429372
554311199, 555637828, 1326629
555758514, 558383428, 2624914
558511199, 559839314, 1328115
559961599, 561429371, 1467772
561555199, 562862971, 1307772
562984114, 564462628, 1478514
564589714, 565873714, 1284000
565994285, 567463314, 1469029
567590628, 569945828, 2355200
570231085, 571571542, 1340457
571696914, 572990171, 1293257
573261142, 574588457, 1327315
574713828, 576016914, 1303086
576291999, 577626514, 1334515
577747314, 579237599, 1490285
579361942, 581778171, 2416229
581900456, 583379199, 1478743
583505142, 584826856, 1321714
584947656, 586420571, 1472915
586546399, 588541028, 1994629
588669485, 589979885, 1310400
590251314, 592545485, 2294171
592672914, 593975656, 1302742
594248342, 595604342, 1356000
595728228, 597031314, 1303086
597303771, 598694971, 1391200
598815999, 600293714, 1477715
600418628, 601786056, 1367428
601907885, 604498285, 2590400
604626628, 605933942, 1307314
606204914, 607533828, 1328914
607660342, 608957142, 1296800
609236799, 610572914, 1336115
610698285, 611993142, 1294857
612265028, 613598742, 1333714
613722742, 616269942, 2547200
616397142, 617787999, 1390857
617908342, 618782628, 874286
618901828, 619774628, 872800
619893942, 620760685, 866743
620878628, 621746285, 867657
621864228, 622730399, 866171
622847542, 623722971, 875429
623841371, 624715885, 874514
624834285, 626895885, 2061600
628828456, 630437257, 1608801
630565942, 631881142, 1315200
632002399, 633480228, 1477829
633606514, 634891199, 1284685
635170742, 636506399, 1335657
636632342, 638984914, 2352572
639270971, 640626628, 1355657
640747999, 642181485, 1433486
642309028, 643640914, 1331886
643762399, 645198628, 1436229
645323999, 646660799, 1336800
646782399, 648269257, 1486858
648394171, 650839771, 2445600
650962971, 652444228, 1481257
652569371, 653862742, 1293371
653983428, 655704799, 1721371
655826285, 657322285, 1496000
657448914, 658819428, 1370514
658941599, 661621942, 2680343
661757028, 663303085, 1546057
663431199, 664845942, 1414743
664967656, 666437714, 1470058
666566285, 667885028, 1318743
668006628, 669516114, 1509486
669643771, 670941371, 1297600
671221028, 673229028, 2008000
673354971, 674695085, 1340114
674815999, 676283542, 1467543
676407657, 677755542, 1347885
677877256, 679332342, 1455086
679457714, 680814171, 1356457
680935885, 682418742, 1482857
682545828, 684835085, 2289257
684957599, 686452799, 1495200
686580342, 687878971, 1298629
688001599, 689466399, 1464800
689593942, 690877828, 1283886
690999542, 692480914, 1481372
692608228, 693917256, 1309028
694994742, 696462628, 1467886
696592571, 697960914, 1368343
698238628, 699590628, 1352000
699718742, 701215657, 1496915
701344799, 702755771, 1410972
702878399, 704395885, 1517486
704524571, 706862171, 2337600
706986285, 708477828, 1491543
708603428, 709903428, 1300000
710025828, 711508914, 1483086
711635542, 712937714, 1302172
713224685, 714573828, 1349143
714700228, 715987199, 1286971
717209714, 718574285, 1364571
718700456, 720000114, 1299658
720808571, 722397942, 1589371
722525599, 723841142, 1315543
723964685, 725441485, 1476800
725568114, 726864342, 1296228
727956571, 729461942, 1505371
729587428, 730874628, 1287200
730996114, 732462971, 1466857
732588685, 733874514, 1285829
733995542, 735462628, 1467086
735589142, 736879999, 1290857
737001485, 739366057, 2364572
739493371, 740812571, 1319200
740942285, 742433942, 1491657
742559314, 743863085, 1303771
743984342, 745452228, 1467886
745577142, 746877599, 1300457
746998514, 748465142, 1466628
748591199, 749878171, 1286972
749999771, 751483199, 1483428
751607771, 754250057, 2642286
754387657, 755804799, 1417142
755927314, 757425028, 1497714
757554399, 758857256, 1302857
758979885, 760455314, 1475429
760583771, 761946514, 1362743
762227885, 763582971, 1355086
763710285, 765924456, 2214171
766206171, 767832685, 1626514
767956114, 769443771, 1487657
769572342, 770898514, 1326172
771021714, 772509485, 1487771
772637485, 773966056, 1328571
774254628, 776843314, 2588686
776980342, 778534628, 1554286
778663771, 780319428, 1655657
780450857, 781867542, 1416685
781988914, 783466285, 1477371
783591656, 784944685, 1353029
785225142, 786610171, 1385029
786732228, 789282057, 2549829
789408685, 790800342, 1391657
790921028, 792394971, 1473943
792521714, 793841371, 1319657
793963885, 795445714, 1481829
795572799, 796866285, 1293486
796987999, 798470514, 1482515
798596914, 801043999, 2447085
801322057, 802670285, 1348228
802791428, 804528342, 1736914
804654971, 805948456, 1293485
806227771, 807539085, 1311314
807669256, 809207542, 1538286
809335314, 811909142, 2573828
812193942, 813579314, 1385372
813706628, 815002514, 1295886
815276799, 816665485, 1388686
816787085, 818279885, 1492800
818407085, 819833828, 1426743
819955885, 821434399, 1478514
821563428, 823997485, 2434057
824278285, 825011542, 733257
825271428, 826004571, 733143
826270171, 827000685, 730514
827255657, 827987314, 731657
828242514, 828975085, 732571
829232342, 829963999, 731657
830225485, 832512114, 2286629
832645828, 835026171, 2380343
835301028, 836686742, 1385714
836805714, 838463771, 1658057
838589599, 839882628, 1293029
840002971, 841470399, 1467428
841595885, 842949371, 1353486
843227428, 845714285, 2486857
845848456, 847355542, 1507086
847481828, 848801942, 1320114
848921599, 850389371, 1467772
850515657, 851832571, 1316914
851960342, 853426285, 1465943
853552228, 854859999, 1307771
854980456, 857346399, 2365943
857473142, 858788114, 1314972
858909028, 860401371, 1492343
860532571, 861931885, 1399314
862213371, 863557599, 1344228
863685142, 865042399, 1357257
865315199, 866650057, 1334858
867720456, 869227885, 1507429
869354971, 870764114, 1409143
870885942, 872359542, 1473600
872485257, 873810742, 1325485
873932685, 875430171, 1497486
875557257, 876857256, 1299999
876979314, 879421257, 2441943
879548457, 880888914, 1340457
881173371, 882505942, 1332571
882630742, 883916114, 1285372
884186628, 885506399, 1319771
885632228, 886915428, 1283200
887189142, 888521942, 1332800
888647885, 891201714, 2553829
891329714, 892706514, 1376800
892828914, 894307314, 1478400
894431885, 895799428, 1367543
895920342, 897389371, 1469029
897515542, 898835314, 1319772
898956685, 900413599, 1456914
901513257, 902856456, 1343199
902977142, 904492228, 1515086
904617142, 905962742, 1345600
906236114, 907610171, 1374057
907730856, 909206628, 1475772
909332457, 910698742, 1366285
910820456, 913355314, 2534858
913484342, 914812799, 1328457
914933485, 916413942, 1480457
916541142, 917842742, 1301600
917964228, 919442971, 1478743
919569599, 920866285, 1296686
920987885, 922462285, 1474400
922588685, 924961942, 2373257
925246399, 926648914, 1402515
926771199, 928262285, 1491086
928388457, 929763314, 1374857
929885942, 931377599, 1491657
931505828, 932823428, 1317600
932946056, 935586171, 2640115
935722056, 937268457, 1546401
937395314, 938763771, 1368457
938886628, 940369142, 1482514
940496228, 941815199, 1318971
941937485, 943418628, 1481143
943545599, 944879656, 1334057
945002285, 947450057, 2447772
947578742, 948891771, 1313029
949013485, 950495771, 1482286
950622628, 952393371, 1770743
953222857, 954687885, 1465028
954807428, 956300914, 1493486
956425257, 958458399, 2033142
958584914, 959874742, 1289828
959996685, 961462514, 1465829
961588342, 962898056, 1309714
963020114, 964494171, 1474057
964619542, 965906171, 1286629
966028228, 967517714, 1489486
967643999, 969975542, 2331543
970260114, 971603428, 1343314
971725142, 973026285, 1301143
973294171, 974622971, 1328800
974745942, 976030856, 1284914
976298171, 977633028, 1334857
977753599, 979177599, 1424000
979303999, 981750856, 2446857
981872456, 983355885, 1483429
983480571, 984816914, 1336343
984937142, 986402057, 1464915
986527657, 987837028, 1309371
987958742, 989421942, 1463200
989547999, 990903085, 1355086
991964799, 993471199, 1506400
993603199, 994906628, 1303429
995177371, 996504114, 1326743
996628914, 997917371, 1288457
998202742, 999536685, 1333943
999661599, 955656, -998705943
1230971, 3492114, 2261143
3617828, 4919314, 1301486
5190628, 6521828, 1331200
6645714, 7965028, 1319314
8239657, 9573257, 1333600
9697371, 10987656, 1290285
11262057, 12642171, 1380114
12762628, 15340228, 2577600
15466628, 16799999, 1333371
16918628, 18369714, 1451086
18493485, 19809371, 1315886
19938056, 21413828, 1475772
21539199, 22849485, 1310286
22969828, 24471199, 1501371
24595542, 26980228, 2384686
27256342, 28647314, 1390972
28767428, 30205714, 1438286
30330399, 31661371, 1330972
31781028, 33263657, 1482629
33387885, 34762399, 1374514
34882514, 36359657, 1477143
36484914, 38915542, 2430628
39038399, 40510628, 1472229
40636457, 41944685, 1308228
42216914, 43534971, 1318057
43660799, 44944456, 1283657
45221257, 46540457, 1319200
46665485, 47945256, 1279771
48222285, 50679771, 2457486
50801142, 52288914, 1487772
52414285, 53775314, 1361029
53895771, 55375199, 1479428
55501028, 56819428, 1318400
56941256, 58402742, 1461486
58529142, 59838399, 1309257
59960228, 62517942, 2557714
62645028, 63961942, 1316914
64245028, 65629371, 1384343
65748914, 67035428, 1286514
67299199, 68624342, 1325143
68743542, 70188571, 1445029
70314399, 71653599, 1339200
71773256, 74386057, 2612801
74513485, 75846742, 1333257
75973485, 77444114, 1470629
77569828, 78875199, 1305371
78995771, 80460457, 1464686
80586742, 81899314, 1312572
82019199, 83492685, 1473486
83617142, 85998742, 2381600
86275542, 87624114, 1348572
87744114, 89179428, 1435314
89303999, 90645942, 1341943
90765828, 92208571, 1442743
92332457, 93657028, 1324571
93776571, 95263657, 1487086
95387771, 97864342, 2476571
97988228, 99479657, 1491429
99604342, 100889942, 1285600
101165485, 102504914, 1339429
102630285, 103920799, 1290514
104198514, 105529828, 1331314
105655885, 106959999, 1304114
108220228, 109630514, 1410286
109750742, 111250628, 1499886
111374857, 112794285, 1419428
112915771, 114391542, 1475771
114517714, 115847771, 1330057
115969828, 117433028, 1463200
117560114, 119872114, 2312000
119995999, 121463085, 1467086
121589714, 122872228, 1282514
122993828, 124449714, 1455886
124574971, 125857599, 1282628
125978856, 127433714, 1454858
127559428, 128862399, 1302971
128984685, 131531771, 2547086
131659085, 132947428, 1288343
133219542, 134546399, 1326857
134671885, 135957028, 1285143
136233599, 137563999, 1330400
137689942, 138976342, 1286400
139256342, 140635314, 1378972
140756914, 143322285, 2565371
143449599, 144848685, 1399086
144968914, 146439199, 1470285
146566628, 147900799, 1334171
148022628, 149503999, 1481371
149628799, 150488914, 860115
150611542, 152262171, 1650629
152387428, 154668228, 2280800
154789028, 156285028, 1496000
156409942, 157762628, 1352686
157883542, 159349828, 1466286
159475314, 160866171, 1390857
160987656, 162491542, 1503886
162617371, 163967999, 1350628
165186857, 166544228, 1357371
166671199, 167967656, 1296457
168241599, 169576571, 1334972
169702742, 171008571, 1305829
171284228, 172632799, 1348571
172754742, 174201142, 1446400
174327199, 176753714, 2426515
176875656, 178366399, 1490743
178493714, 179820456, 1326742
179950742, 181423771, 1473029
181551999, 182872228, 1320229
182995085, 183880342, 885257
184000456, 184878514, 878058
184997942, 187681256, 2683314
187817942, 189376571, 1558629
190197028, 191651656, 1454628
191771314, 193255314, 1484000
193379199, 194736114, 1356915
194857256, 196317714, 1460458
196442285, 198313942, 1871657
198445142, 199633256, 1188114
199753256, 201897256, 2144000
202171885, 203573371, 1401486
203698514, 205002171, 1303657
205277828, 206610057, 1332229
206733828, 208176457, 1442629
208303542, 209644799, 1341257
209765714, 212416799, 2651085
212551428, 213959656, 1408228
214242057, 215582628, 1340571
215707656, 217202971, 1495315
217328571, 218730856, 1402285
218850399, 220347542, 1497143
220472799, 221863999, 1391200
221985028, 224455085, 2470057
224582399, 225949256, 1366857
226229371, 227608685, 1379314
227730514, 229200114, 1469600
229327199, 230727542, 1400343
230848342, 232373828, 1525486
232500457, 235185485, 2685028
235323085, 236760685, 1437600
236881828, 238361828, 1480000
238488799, 239796114, 1307315
239928799, 241395999, 1467200
241521942, 242885828, 1363886
243006628, 244509942, 1503314
244636571, 246961714, 2325143
247239657, 248634971, 1395314
248756342, 250195999, 1439657
250321714, 251644685, 1322971
251764799, 253258514, 1493715
253382971, 254761942, 1378971
254883199, 256367314, 1484115
257484799, 258861599, 1376800
258983542, 260498171, 1514629
260624228, 261969714, 1345486
262246171, 263631428, 1385257
263752228, 265241142, 1488914
265366285, 266767885, 1401600
266888914, 269331199, 2442285
269458057, 270811542, 1353485
270932342, 272660342, 1728000
272782285, 274284114, 1501829
274410971, 275757942, 1346971
275888571, 277417599, 1529028
277544228, 280196342, 2652114
280334399, 281732114, 1397715
281854056, 283356914, 1502858
283481714, 284791771, 1310057
284912685, 286624571, 1711886
286747085, 288196457, 1449372
288321257, 289648799, 1327542
289770285, 292019542, 2249257
292297714, 293653485, 1355771
293773599, 295266514, 1492915
295391085, 296749942, 1358857
296870856, 298364114, 1493258
298490742, 299877942, 1387200
299998856, 302662514, 2663658
302797142, 304318057, 1520915
304443657, 305809828, 1366171
305930742, 307413599, 1482857
307539771, 308852799, 1313028
308974742, 310446171, 1471429
310572914, 311929714, 1356800
312206514, 314194514, 1988000
314325257, 315714742, 1389485
315836685, 317294285, 1457600
317418742, 318781256, 1362514
318902056, 320367085, 1465029
320491771, 321833371, 1341600
321954399, 323450628, 1496229
323576114, 325942628, 2366514
326230628, 327581028, 1350400
327707199, 328994399, 1287200
329265599, 330643542, 1377943
330764342, 332213142, 1448800
332337257, 333662285, 1325028
333782856, 335255314, 1472458
335381485, 337849142, 2467657
337973599, 339447314, 1473715
339572914, 340902285, 1329371
341022856, 342529257, 1506401
342656228, 343994056, 1337828
344271999, 345651885, 1379886
345773028, 348474285, 2701257
348609599, 349978628, 1369029
350252228, 351601142, 1348914
351725256, 353160571, 1435315
353286857, 354615999, 1329142
354741142, 356026971, 1285829
356291657, 357635199, 1343542
357755999, 360257599, 2501600
360394057, 361790856, 1396799
361912114, 363391542, 1479428
363521599, 364904114, 1382515
365025371, 366516799, 1491428
366642857, 367933714, 1290857
368213599, 369559199, 1345600
369683999, 371964685, 2280686
372250171, 373584571, 1334400
373711085, 375000456, 1289371
375274857, 376609714, 1334857
376737599, 378424571, 1686972
378553371, 379856114, 1302743
379978399, 381435999, 1457600
382511428, 383876799, 1365371
383997485, 385492457, 1494972
385621599, 386914514, 1292915
387036799, 388581257, 1544458
388714171, 390168685, 1454514
390293371, 391680342, 1386971
391801142, 394176228, 2375086
394314171, 395230514, 916343
395355085, 396224914, 869829
396349142, 398425714, 2076572
398552685, 399866628, 1313943
399989142, 401455085, 1465943
401581371, 402890056, 1308685
403012342, 405408342, 2396000
405538514, 407229257, 1690743
407356685, 408744228, 1387543
408866514, 410587999, 1721485
410715542, 412168457, 1452915
412295542, 413642056, 1346514
413765142, 416515999, 2750857
416652571, 418204342, 1551771
418332114, 419680571, 1348457
419800228, 421287657, 1487429
421413714, 422817142, 1403428
423650399, 425267885, 1617486
425393485, 426758971, 1365486
426880342, 429582971, 2702629
429717828, 431265599, 1547771
431391542, 432781485, 1389943
432901485, 434399657, 1498172
434527885, 435862856, 1334971
435985028, 437465257, 1480229
437593371, 438882285, 1288914
439003199, 441428114, 2424915
441556914, 442897142, 1340228
443017828, 444479428, 1461600
444606399, 445896799, 1290400
446018171, 447483199, 1465028
447607885, 448883771, 1275886
449004914, 450464342, 1459428
450589942, 452904571, 2314629
453181028, 454527771, 1346743
454653828, 455938285, 1284457
456220914, 457599542, 1378628
457719885, 459027314, 1307429
459293028, 460636685, 1343657
460756571, 463470399, 2713828
463606171, 465019428, 1413257
465298171, 466638742, 1340571
466759428, 468212457, 1453029
468338057, 469733256, 1395199
469853828, 471329714, 1475886
471454857, 472846628, 1391771
472967428, 474972799, 2005371
475244342, 476573828, 1329486
476700914, 477993256, 1292342
478268342, 479607542, 1339200
479733485, 481022056, 1288571
481289371, 482619314, 1329943
482741028, 484167314, 1426286
484294285, 486610971, 2316686
486733371, 488040456, 1307085
488309714, 489650399, 1340685
489770399, 491250628, 1480229
491375314, 492754171, 1378857
492874856, 494330742, 1455886
494455314, 495809942, 1354628
496871885, 498376914, 1505029
498503885, 499861028, 1357143
499980799, 501441828, 1461029
501568457, 502882285, 1313828
503002171, 504467314, 1465143
504593142, 505887771, 1294629
506007771, 508353371, 2345600
508479199, 509831656, 1352457
509952228, 511415771, 1463543
511541371, 512842742, 1301371
512972228, 514472799, 1500571
514598742, 515895314, 1296572
516170971, 517498514, 1327543
517623199, 520009714, 2386515
520286399, 521918171, 1631772
522040571, 523541599, 1501028
523668228, 524967542, 1299314
525245485, 526583428, 1337943
526708799, 528000914, 1292115
528273371, 530901942, 2628571
531037142, 532552571, 1515429
532677714, 533990056, 1312342
534267428, 535601714, 1334286
535727085, 537044228, 1317143
537294171, 538637714, 1343543
538758056, 540045714, 1287658
540312571, 542809142, 2496571
542931199, 544410171, 1478972
544536114, 545890056, 1353942
546010399, 547518742, 1508343
547643428, 548929714, 1286286
549207542, 550541257, 1333715
550666742, 552021942, 1355200
553230171, 554635085, 1404914
554755314, 555642971, 887657
555760456, 557398514, 1638058
557523771, 558849142, 1325371
558971428, 560691085, 1719657
560812228, 562313257, 1501029
562438857, 564712799, 2273942
564847542, 566369599, 1522057
566495657, 567863314, 1367657
567986056, 569459999, 1473943
569586285, 570904456, 1318171
571025714, 572498171, 1472457
572624114, 573907542, 1283428
574176685, 576472914, 2296229
576600799, 577904685, 1303886
578025256, 579499771, 1474515
579625714, 580910399, 1284685
581198057, 582545714, 1347657
582671428, 583955656, 1284228
584230399, 585570857, 1340458
585695542, 588755656, 3060114
588877714, 590380914, 1503200
590507428, 591839999, 1332571
591961485, 593430171, 1468686
593556228, 594871542, 1315314
594992685, 596462057, 1469372
596587428, 599207657, 2620229
599345485, 600729942, 1384457
600852342, 602310171, 1457829
602435771, 603805714, 1369943
603926628, 605412914, 1486286
605539771, 606854056, 1314285
606976571, 608440914, 1464343
608567085, 610836228, 2269143
610959199, 612444571, 1485372
612570057, 613876456, 1306399
613997256, 615463657, 1466401
615589942, 616888685, 1298743
617009828, 618469257, 1459429
618595085, 619948114, 1353029
621205942, 622556114, 1350172
622682399, 623976114, 1293715
624250857, 625635314, 1384457
625755885, 627241599, 1485714
627366171, 628761371, 1395200
628881485, 630346514, 1465029
630472457, 632777485, 2305028
632899542, 634376114, 1476572
634505257, 636226057, 1720800
636354514, 637680228, 1325714
637802056, 639290285, 1488229
639416342, 640781371, 1365029
640903885, 643586857, 2682972
643722285, 645268457, 1546172
645393942, 646756571, 1362629
646877714, 648344228, 1466514
648469942, 649868114, 1398172
649989028, 651465485, 1476457
651592456, 652881142, 1288686
653002056, 655006399, 2004343
655285485, 656903428, 1617943
657723428, 659336685, 1613257
659461714, 660855314, 1393600
660976228, 662466971, 1490743
662591885, 663915771, 1323886
664038628, 666509028, 2470400
666636228, 667993028, 1356800
668268114, 669599085, 1330971
669724342, 671032228, 1307886
671303199, 672639999, 1336800
672761028, 674202399, 1441371
674327314, 675660571, 1333257
675780799, 678350514, 2569715
678477028, 679839085, 1362057
679963199, 681439314, 1476115
681566742, 682887085, 1320343
683007085, 684479314, 1472229
684605142, 685908456, 1303314
686180342, 687512114, 1331772
687637714, 690025942, 2388228
690304914, 691643656, 1338742
691765256, 693251999, 1486743
693377714, 694752914, 1375200
694873371, 696329371, 1456000
696455771, 697796799, 1341028
697918056, 699396799, 1478743
699524228, 701962056, 2437828
702243085, 703593142, 1350057
703719428, 705003999, 1284571
705272799, 706595771, 1322972
706720914, 708009142, 1288228
708277028, 709608228, 1331200
709734399, 711164342, 1429943
711291314, 713687428, 2396114
713808914, 715296114, 1487200
715420342, 716784228, 1363886
716905485, 718389028, 1483543
718516342, 719835314, 1318972
719959656, 721428799, 1469143
721555657, 722878628, 1322971
723000114, 725571428, 2571314
725698399, 726988571, 1290172
727258742, 728580914, 1322172
728706628, 729988571, 1281943
730257714, 731586285, 1328571
731712914, 733013142, 1300228
733286171, 734617371, 1331200
734741599, 737173828, 2432229
737302171, 738654399, 1352228
738773942, 740223542, 1449600
740347999, 741745599, 1397600
741866171, 743321142, 1454971
743446171, 744832114, 1385943
744952799, 746418399, 1465600
747534399, 748894856, 1360457
749014742, 750517599, 1502857
750643885, 751991314, 1347429
752269257, 753603428, 1334171
753724114, 755164685, 1440571
755291657, 756622399, 1330742
756746285, 759213599, 2467314
759340342, 760690056, 1349714
760809256, 762290742, 1481486
762415657, 763782514, 1366857
763902856, 765373257, 1470401
765498742, 766824228, 1325486
766945942, 768430171, 1484229
768556799, 770926399, 2369600
771207657, 772549028, 1341371
772674971, 774381028, 1706057
774508685, 775857028, 1348343
775979656, 777460685, 1481029
777586628, 778875656, 1289028
778996228, 780459999, 1463771
781767656, 783314057, 1546401
783439428, 784802742, 1363314
784923428, 786409714, 1486286
786535771, 787846628, 1310857
787968914, 789435885, 1466971
789561599, 790868799, 1307200
790989028, 793543771, 2554743
793670514, 794954171, 1283657
795226628, 796565257, 1338629
796691314, 797997256, 1305942
798274857, 799605942, 1331085
799732456, 801034399, 1301943
801307657, 802634971, 1327314
802756685, 805575314, 2818629
805706514, 807247657, 1541143
807372114, 808741028, 1368914
808862171, 810325371, 1463200
810450857, 811787199, 1336342
811916914, 813392457, 1475543
813521028, 816187885, 2666857
816325599, 817738514, 1412915
817859542, 819296342, 1436800
819425828, 820773256, 1347428
820892342, 822015999, 1123657
822452799, 823820456, 1367657
823941256, 825417599, 1476343
825544228, 827929599, 2385371
828215542, 829610856, 1395314
829735428, 831221028, 1485600
831346399, 832674628, 1328229
832794399, 834275542, 1481143
834399657, 835759542, 1359885
835880114, 837345485, 1465371
838424571, 839802628, 1378057
839923771, 841415542, 1491771
841541371, 842850399, 1309028
842971542, 844433142, 1461600
844559314, 845879999, 1320685
846001028, 847470857, 1469829
847596799, 849868914, 2272115
849992571, 851470857, 1478286
851595771, 852944799, 1349028
853223885, 854548114, 1324229
854675314, 855972571, 1297257
856253828, 857579314, 1325486
857705942, 858998856, 1292914
859267428, 861770399, 2502971
861891885, 863371428, 1479543
863497371, 864855656, 1358285
864976685, 866476799, 1500114
866602057, 867961256, 1359199
868235199, 869580914, 1345715
869706399, 871005828, 1299429
872229257, 873585371, 1356114
873711656, 875169142, 1457486
875297371, 876635771, 1338400
876757371, 878192799, 1435428
878318971, 879737256, 1418285
879858399, 881362742, 1504343
881489142, 883522628, 2033486
883651199, 884932685, 1281486
885215542, 886571657, 1356115
886699656, 887996456, 1296800
888273142, 889898171, 1625029
890761028, 892364228, 1603200
892489028, 894512799, 2023771
894638171, 895932571, 1294400
896215085, 897601371, 1386286
897726628, 899018971, 1292343
899284571, 900623085, 1338514
900743885, 902236571, 1492686
902361485, 903715999, 1354514
903835885, 906445485, 2609600
906572914, 907880799, 1307885
908000914, 909473828, 1472914
909599885, 910886285, 1286400
911005828, 912495999, 1490171
912625485, 913945028, 1319543
914231085, 915582399, 1351314
915707314, 918273485, 2566171
918399885, 919760685, 1360800
919881028, 921320685, 1439657
921446057, 922787656, 1341599
922908914, 924380685, 1471771
924507657, 925817028, 1309371
925938514, 927407428, 1468914
927534514, 929929942, 2395428
930212228, 931555999, 1343771
931681599, 932974285, 1292686
933243657, 934574628, 1330971
934700456, 935975885, 1275429
936252571, 937579314, 1326743
937705485, 938999085, 1293600
940245942, 941599771, 1353829
941722628, 943010628, 1288000
943282514, 944600685, 1318171
944724914, 946022856, 1297942
946292799, 947609828, 1317029
947736456, 949215199, 1478743
949340799, 951813714, 2472915
951936228, 953861256, 1925028
953981256, 955496457, 1515201
955622171, 956921371, 1299200
957208114, 958541485, 1333371
958667085, 959947428, 1280343
960226399, 962490742, 2264343
962621942, 963908685, 1286743
964182628, 965517942, 1335314
965643656, 966934056, 1290400
967207657, 968539885, 1332228
968665028, 969951771, 1286743
970229714, 971561714, 1332000
971686628, 973948342, 2261714
974236457, 975580114, 1343657
975707314, 977001599, 1294285
977273028, 978599314, 1326286
978723656, 980187085, 1463429
980314171, 981693485, 1379314
981814171, 983297485, 1483314
983423428, 985818399, 2394971
985939656, 987449599, 1509943
987575657, 988907085, 1331428
989027428, 990503314, 1475886
990629599, 991926399, 1296800
992217371, 993553028, 1335657
993678399, 994968342, 1289943
996202628, 997566514, 1363886
997691542, 998990514, 1298972
999263314, 615085, -998648229
738742, 2225485, 1486743
2347999, 3746056, 1398057
3865371, 5334285, 1468914
5457485, 7729028, 2271543
7848342, 9322285, 1473943
9445942, 10803428, 1357486
10924228, 12390628, 1466400
12518057, 13822971, 1304914
13943656, 15417257, 1473601
15543085, 16863885, 1320800
16984342, 19535885, 2551543
19662056, 20950514, 1288458
21226742, 21962171, 735429
22223657, 22953714, 730057
23209028, 23939542, 730514
24201371, 24932571, 731200
26211999, 27594399, 1382400
27715999, 30379314, 2663315
30513485, 31909028, 1395543
32203199, 33605256, 1402057
33727085, 35036914, 1309829
35305371, 36634171, 1328800
36755085, 38236685, 1481600
38361714, 39757485, 1395771
39879771, 42438399, 2558628
42566742, 43865256, 1298514
43986285, 45439657, 1453372
45565257, 46866285, 1301028
46986628, 48442285, 1455657
48568799, 49860571, 1291772
49982514, 51436914, 1454400
51563085, 53939999, 2376914
54224342, 55566628, 1342286
55691542, 56982742, 1291200
57257485, 58619085, 1361600
58743885, 60033028, 1289143
60306514, 61642171, 1335657
61763314, 64346399, 2583085
64479885, 65895085, 1415200
66014971, 67503314, 1488343
67629371, 68976228, 1346857
69248571, 70621599, 1373028
70743199, 72229599, 1486400
72354057, 73720228, 1366171
73841256, 76264571, 2423315
76391657, 77754742, 1363085
77874742, 79339199, 1464457
79464799, 80820228, 1355429
80942285, 82425257, 1482972
82551428, 83870056, 1318628
83991999, 85458285, 1466286
85583771, 88005599, 2421828
88280799, 89628342, 1347543
89748456, 91237371, 1488915
91361942, 92703085, 1341143
92823199, 94281942, 1458743
94406742, 95754628, 1347886
95875656, 97333714, 1458058
97458514, 99887771, 2429257
100011085, 101495428, 1484343
101622628, 102904914, 1282286
103062742, 104564571, 1501829
104690056, 106032114, 1342058
106306285, 107730514, 1424229
107851542, 110573828, 2722286
110710285, 112212342, 1502057
112338857, 113686514, 1347657
113806971, 115294171, 1487200
115419657, 116794056, 1374399
116915885, 118391199, 1475314
118518171, 119846628, 1328457
119979656, 122420342, 2440686
122549485, 123863885, 1314400
123985028, 125451542, 1466514
125578399, 126916456, 1338057
127201142, 128545714, 1344572
129423657, 130833371, 1409714
130954971, 133581714, 2626743
133707999, 135166742, 1458743
135295314, 136623885, 1328571
136745714, 138199999, 1454285
138326971, 139724914, 1397943
139845942, 141311542, 1465600
141438171, 142789599, 1351428
142909942, 145468457, 2558515
145596456, 146892228, 1295772
147166857, 148494514, 1327657
148620571, 149922628, 1302057
150200228, 151528228, 1328000
151654056, 152985942, 1331886
153258971, 154648914, 1389943
154770056, 157364914, 2594858
157492799, 158829828, 1337029
158951085, 160420457, 1469372
160547885, 161850399, 1302514
161971314, 163428342, 1457028
163555999, 164888228, 1332229
165008799, 167607428, 2598629
167741371, 169279314, 1537943
169405257, 170794399, 1389142
170915314, 172401028, 1485714
172528799, 173833142, 1304343
173955656, 175417142, 1461486
175544114, 176866514, 1322400
176988685, 179411999, 2423314
179539428, 180867999, 1328571
180989485, 182455657, 1466172
182582171, 183876114, 1293943
183998056, 185466628, 1468572
185593256, 186878628, 1285372
186999542, 188517485, 1517943
188644228, 191005371, 2361143
191283885, 192632799, 1348914
192753485, 194248571, 1495086
194373028, 195737599, 1364571
195857599, 196740114, 882515
196858399, 198468685, 1610286
198594399, 199895428, 1301029
200015885, 202438057, 2422172
202566399, 203869256, 1302857
203989828, 205463885, 1474057
205590742, 206893028, 1302286
207173371, 208506971, 1333600
208634057, 209924456, 1290399
210045371, 211519314, 1473943
211646056, 214205028, 2558972
214334057, 215723085, 1389028
215843199, 217323428, 1480229
217448114, 218769599, 1321485
218899428, 220420457, 1521029
220548114, 221421028, 872914
221545257, 222411542, 866285
222535428, 223396342, 860914
224508342, 225443885, 935543
225569142, 226443199, 874057
226568342, 227443085, 874743
227566971, 228440457, 873486
228565142, 229436457, 871315
229562171, 230432799, 870628
230557828, 233409599, 2851771
233537599, 234861142, 1323543
234981599, 236490971, 1509372
236617485, 237908342, 1290857
238029371, 239506971, 1477600
239632799, 240943542, 1310743
242196571, 243595656, 1399085
243721371, 245215771, 1494400
245343542, 246744685, 1401143
246865142, 248362285, 1497143
248489599, 249842171, 1352572
249962628, 251453942, 1491314
251586285, 253882628, 2296343
254005828, 255490285, 1484457
255615085, 256897599, 1282514
257018514, 258500228, 1481714
258627085, 259911314, 1284229
260033142, 261499085, 1465943
261623199, 262960799, 1337600
264206399, 265563771, 1357372
265689599, 266979199, 1289600
267250628, 268580457, 1329829
268706628, 269987542, 1280914
270259314, 271583657, 1324343
271709028, 273041142, 1332114
273316228, 275731771, 2415543
275853371, 277316114, 1462743
277442057, 278806285, 1364228
278927885, 280408228, 1480343
280533828, 281858171, 1324343
281980571, 283450514, 1469943
283577142, 284891999, 1314857
285024571, 287595885, 2571314
287721371, 289162399, 1441028
289289599, 290620228, 1330629
290741028, 292174628, 1433600
292302514, 293637942, 1335428
293758971, 295199199, 1440228
295327314, 296657599, 1330285
296778399, 299375428, 2597029
299504685, 300833485, 1328800
300963771, 302440114, 1476343
302566514, 303881942, 1315428
304003428, 305469828, 1466400
305594514, 306872114, 1277600
306993714, 308499085, 1505371
308624114, 311010971, 2386857
311289257, 312657028, 1367771
312778628, 314262857, 1484229
314389257, 315746514, 1357257
315868799, 317334742, 1465943
317461257, 318798856, 1337599
318920571, 320389028, 1468457
321523771, 322886171, 1362400
323009828, 324685599, 1675771
324822171, 326303771, 1481600
326430628, 327800114, 1369486
327921142, 329410971, 1489829
329537942, 330852342, 1314400
330973485, 333392228, 2418743
333520457, 334887885, 1367428
335009371, 336505942, 1496571
336632685, 337924914, 1292229
338206971, 339548799, 1341828
339675314, 340969599, 1294285
341245257, 342597599, 1352342
342723999, 345265257, 2541258
345394742, 346795656, 1400914
346917371, 348399885, 1482514
348528457, 349883314, 1354857
350006628, 351515428, 1508800
351643885, 353003542, 1359657
353279542, 355846742, 2567200
355981371, 357510171, 1528800
358380571, 359870399, 1489828
359991885, 361474171, 1482286
361599542, 362889942, 1290400
363164914, 364497257, 1332343
364623428, 367269828, 2646400
367406399, 368765828, 1359429
368885828, 370017942, 1132114
370454857, 371819314, 1364457
371939428, 373417257, 1477829
373542285, 374851885, 1309600
374974056, 376441942, 1467886
376568571, 378850285, 2281714
378972799, 380452228, 1479429
380579314, 381870171, 1290857
381991999, 383465257, 1473258
383593028, 384893142, 1300114
385026056, 386575314, 1549258
386702056, 388002514, 1300458
389206514, 390568799, 1362285
390694856, 391986628, 1291772
392259999, 393644456, 1384457
393766285, 395212457, 1446172
395339542, 396681256, 1341714
396802742, 398279428, 1476686
398406285, 400423885, 2017600
400551314, 401857485, 1306171
401979885, 403451314, 1471429
403577257, 404911428, 1334171
405180914, 406564799, 1383885
406690856, 408009028, 1318172
408279199, 409617371, 1338172
409743199, 412297942, 2554743
412427199, 413791656, 1364457
413913028, 415409257, 1496229
415536228, 416863314, 1327086
416984914, 418459428, 1474514
418585257, 419878285, 1293028
420008571, 421512799, 1504228
422594742, 423891999, 1297257
424013828, 425498057, 1484229
425624114, 426973142, 1349028
427246514, 428628799, 1382285
428749599, 430237599, 1488000
430363999, 431765256, 1401257
431887428, 434293485, 2406057
434422171, 435798628, 1376457
435919314, 437416571, 1497257
437547428, 438911314, 1363886
439033142, 440533714, 1500572
440660342, 441952342, 1292000
442224342, 443563999, 1339657
443691085, 446252457, 2561372
446380799, 447772342, 1391543
447893028, 449370285, 1477257
449497485, 450819542, 1322057
450941371, 452423885, 1482514
452551542, 453877256, 1325714
453998399, 455492114, 1493715
456613828, 457966171, 1352343
458244685, 459568457, 1323772
459699428, 461250285, 1550857
461377714, 462746171, 1368457
462868342, 464328799, 1460457
464456342, 465770971, 1314629
465903314, 468359199, 2455885
468488685, 469819771, 1331086
469953028, 471466285, 1513257
471592685, 472894856, 1302171
473015771, 474483999, 1468228
474609942, 475902971, 1293029
476183771, 477516799, 1333028
477644114, 480196914, 2552800
480326857, 481946856, 1619999
482227999, 483583999, 1356000
483710628, 485013485, 1302857
485295771, 486634514, 1338743
486756685, 488245828, 1489143
488372685, 490925371, 2552686
491213257, 492586285, 1373028
492712342, 494171999, 1459657
494302857, 495652571, 1349714
495773714, 497270857, 1497143
497396685, 498761371, 1364686
498882742, 499758742, 876000
499877256, 500738628, 861372
500855314, 503015999, 2160685
503292914, 504023428, 730514
504280342, 505008685, 728343
505262628, 505987885, 725257
506250628, 506975656, 725028
507236799, 509914742, 2677943
510035885, 511521371, 1485486
511647771, 512992571, 1344800
513268228, 514649599, 1381371
514770628, 516261371, 1490743
516386742, 518968799, 2582057
519254171, 520631428, 1377257
520751314, 522192228, 1440914
522317257, 523663314, 1346057
523783428, 525261257, 1477829
525386399, 526736799, 1350400
526858628, 528321371, 1462743
528446971, 530748799, 2301828
530870285, 532347999, 1477714
532473714, 533782171, 1308457
533903885, 535376799, 1472914
535503199, 536888114, 1384915
537009714, 538527657, 1517943
538652571, 539999085, 1346514
541219428, 542636571, 1417143
542766628, 544258742, 1492114
544384342, 545766628, 1382286
545887999, 547362514, 1474515
547488342, 548843085, 1354743
548964114, 550452342, 1488228
550579085, 552548914, 1969829
552674057, 553979656, 1305599
554258171, 555582971, 1324800
555706056, 556993714, 1287658
557277714, 558610399, 1332685
558730971, 560016571, 1285600
560283542, 561630056, 1346514
561750285, 564206857, 2456572
564334399, 565728342, 1393943
565849942, 567335199, 1485257
567461599, 568788228, 1326629
568910285, 570399314, 1489029
570527542, 571838171, 1310629
571960799, 573428799, 1468000
574510285, 575912914, 1402629
576197142, 577545828, 1348686
577671999, 578980114, 1308115
579261257, 579999085, 737828
580259999, 580994056, 734057
581253599, 581989714, 736115
582250399, 584010971, 1760572
584288228, 586629599, 2341371
588191085, 589688456, 1497371
589808799, 591297599, 1488800
591422971, 592804456, 1381485
592924685, 594383999, 1459314
594509371, 595872114, 1362743
596920228, 598465028, 1544800
598590399, 599890856, 1300457
600170514, 601549371, 1378857
601674628, 602965028, 1290400
603235657, 604614399, 1378742
604735199, 606165485, 1430286
606291199, 608587542, 2296343
608713942, 610016799, 1302857
610287999, 611631999, 1344000
611753142, 613190171, 1437029
613317599, 614651085, 1333486
614771542, 616216571, 1445029
616341485, 617745371, 1403886
617865028, 620399199, 2534171
620526628, 621855314, 1328686
621974971, 623456114, 1481143
623581142, 624862514, 1281372
624983771, 626450399, 1466628
626575771, 627862171, 1286400
627982971, 629447885, 1464914
629574514, 631940456, 2365942
632222171, 633596571, 1374400
633722056, 635199885, 1477829
635325257, 636670514, 1345257
636791428, 638266628, 1475200
638391657, 639728685, 1337028
639861942, 641312457, 1450515
642431999, 643821828, 1389829
643944456, 645419542, 1475086
645545371, 646856685, 1311314
646978514, 648448228, 1469714
648573714, 649887428, 1313714
650017371, 651491657, 1474286
651616799, 653932228, 2315429
654218057, 655577028, 1358971
655702285, 657188685, 1486400
657315999, 658650171, 1334172
658771542, 660260571, 1489029
660384799, 661797485, 1412686
661917828, 663416799, 1498971
663542285, 665767314, 2225029
665888799, 667017828, 1129029
667464571, 668854514, 1389943
668974285, 670459199, 1484914
670584799, 671886056, 1301257
672006856, 673477599, 1470743
673604571, 675829828, 2225257
675961485, 677437257, 1475772
677564457, 678873714, 1309257
678996571, 680459657, 1463086
680585028, 681986399, 1401371
682276799, 683613142, 1336343
683734399, 685030514, 1296115
685302857, 687710856, 2407999
687832799, 689299885, 1467086
689425142, 690791999, 1366857
690912342, 692389599, 1477257
692514857, 693829371, 1314514
693950971, 695415314, 1464343
695541257, 696853714, 1312457
696975656, 699531999, 2556343
699659656, 700964228, 1304572
701233828, 702564799, 1330971
702689714, 704027885, 1338171
704298171, 705633828, 1335657
705754171, 707183885, 1429714
707309828, 708740456, 1430628
709827542, 711313828, 1486286
711438742, 712807999, 1369257
712927999, 714388457, 1460458
714513828, 715829256, 1315428
715950856, 717412914, 1462058
717539314, 718861485, 1322171
718982399, 721483885, 2501486
721611885, 722908914, 1297029
723029256, 724499771, 1470515
724625714, 725908342, 1282628
726195428, 727532914, 1337486
727658056, 728943771, 1285715
729223657, 730569828, 1346171
730694056, 733018628, 2324572
733294857, 734639542, 1344685
734760456, 736191085, 1430629
736316228, 737723542, 1407314
737843885, 739297371, 1453486
739422399, 740778514, 1356115
740899314, 742357142, 1457828
742482057, 744925599, 2443542
745219657, 746563771, 1344114
746688914, 747969142, 1280228
748245714, 749573828, 1328114
749698056, 751181028, 1482972
751307085, 752603999, 1296914
752732114, 755496342, 2764228
755631199, 756996799, 1365600
757274399, 758621371, 1346972
758744114, 760189714, 1445600
760316342, 761739085, 1422743
761859199, 763353828, 1494629
763483885, 764883542, 1399657
765003199, 767018856, 2015657
767286057, 768640457, 1354400
768760456, 770205828, 1445372
770331314, 771662628, 1331314
771782856, 773222399, 1439543
773347085, 774707085, 1360000
774827999, 776316342, 1488343
776441485, 778896571, 2455086
779171885, 780568342, 1396457
780693599, 782034514, 1340915
782301028, 783791199, 1490171
783911199, 785371085, 1459886
785497714, 786863771, 1366057
786984114, 788456342, 1472228
789549371, 790896114, 1346743
791016799, 792509142, 1492343
792634857, 793911771, 1276914
794031999, 795506057, 1474058
795631656, 796914742, 1283086
797193028, 798540228, 1347200
798666514, 801289599, 2623085
801425142, 802797028, 1371886
802918171, 804417942, 1499771
804545485, 805846742, 1301257
805968685, 807699885, 1731200
807831656, 809494057, 1662401
809624342, 810995771, 1371429
812210285, 813570171, 1359886
813695542, 815201828, 1506286
815327657, 816663085, 1335428
816783999, 818273257, 1489258
818904342, 820512457, 1608115
820638057, 821938285, 1300228
822215657, 824589942, 2374285
824714742, 826219428, 1504686
826344114, 827748685, 1404571
827870056, 829370171, 1500115
829495657, 830851771, 1356114
830972114, 832448342, 1476228
832575199, 833868914, 1293715
834950971, 836462628, 1511657
836587771, 837896799, 1309028
838016685, 839493828, 1477143
839618856, 840911428, 1292572
841180457, 842509485, 1329028
842634285, 843914171, 1279886
844190971, 846603771, 2412800
846728114, 848224342, 1496228
848349599, 849734628, 1385029
849855771, 851297714, 1441943
851422971, 852789142, 1366171
852909828, 854396114, 1486286
854522285, 855832342, 1310057
855953714, 858504914, 2551200
858632228, 859930056, 1297828
860208685, 861537828, 1329143
861662971, 862960799, 1297828
863235314, 864619999, 1384685
864740342, 866034399, 1294057
866301942, 867685256, 1383314
867805828, 870395542, 2589714
870523771, 871858285, 1334514
871979428, 873447771, 1468343
873573599, 874876114, 1302515
874997142, 876465714, 1468572
876590857, 877876456, 1285599
877996914, 879470285, 1473371
879597714, 881981599, 2383885
882257485, 883601142, 1343657
883725828, 885013142, 1287314
885280685, 886630971, 1350286
886752114, 888187771, 1435657
888313142, 889643085, 1329943
889764228, 891252914, 1488686
891377714, 893817828, 2440114
893938971, 895421714, 1482743
895546971, 896853256, 1306285
896974171, 898441942, 1467771
898569142, 899869028, 1299886
899990285, 901460342, 1470057
901586171, 902871314, 1285143
902991314, 905566399, 2575085
905692799, 906987542, 1294743
907275657, 908660228, 1384571
908780685, 910262742, 1482057
910387885, 911775085, 1387200
911895428, 913381485, 1486057
913507085, 914826971, 1319886
915879656, 917389371, 1509715
917514971, 918846399, 1331428
918967656, 920436799, 1469143
920562857, 921885828, 1322971
922009942, 923489257, 1479315
923614399, 924926285, 1311886
925200685, 927198742, 1998057
927323542, 928661828, 1338286
928782056, 930265371, 1483315
930390285, 931703656, 1313371
931832114, 933341257, 1509143
933466857, 934795314, 1328457
934915428, 937849142, 2933714
937985256, 939506514, 1521258
939633599, 940966628, 1333029
941246971, 942589485, 1342514
942714628, 944213485, 1498857
944338399, 945675085, 1336686
945795199, 947270399, 1475200
947394514, 949715999, 2321485
949837828, 951327542, 1489714
951452457, 952804228, 1351771
952924914, 954836342, 1911428
954957599, 956448342, 1490743
956574628, 957876228, 1301600
957996342, 960661714, 2665372
960797942, 962305714, 1507772
962430971, 963814514, 1383543
963935085, 965411657, 1476572
965538285, 966854171, 1315886
966975771, 968439428, 1463657
968565485, 969867085, 1301600
969988114, 971964799, 1976685
972238514, 973579999, 1341485
973705942, 975008342, 1302400
975276914, 976612571, 1335657
976733485, 978195999, 1462514
978324914, 979707085, 1382171
979828228, 981301714, 1473486
981425942, 983861714, 2435772
983983428, 985471657, 1488229
985596914, 986951771, 1354857
987221485, 988556228, 1334743
988681599, 989973371, 1291772
990250171, 991582628, 1332457
991708228, 994353485, 2645257
994488228, 995868114, 1379886
995988685, 997478057, 1489372
997604228, 998886056, 1281828
999006171, 483885, -998522286
610514, 1908456, 1297942
2027428, 3502514, 1475086
3626514, 5906628, 2280114
6026856, 7510057, 1483201
7633942, 8914628, 1280686
9181714, 10511314, 1329600
10635542, 11918171, 1282629
12195657, 13523771, 1328114
13649142, 14942971, 1293829
15219199, 17556799, 2337600
17682628, 18999542, 1316914
19270971, 20654285, 1383314
20772914, 22238971, 1466057
22363771, 23730856, 1367085
23849942, 25337599, 1487657
25461828, 26818856, 1357028
27870971, 29405142, 1534171
29529714, 30893371, 1363657
31013485, 32499999, 1486514
32625485, 33917828, 1292343
34037942, 35507771, 1469829
35633028, 36936685, 1303657
37219542, 39526857, 2307315
39654514, 40966628, 1312114
41242628, 42635885, 1393257
42757142, 44196342, 1439200
44320571, 45651199, 1330628
45771428, 47255657, 1484229
47379657, 48746056, 1366399
49798742, 51279999, 1481257
51406057, 52787428, 1381371
52908342, 54396799, 1488457
54522171, 55847314, 1325143
56693142, 58299999, 1606857
58423314, 59790514, 1367200
60837028, 62333599, 1496571
62458285, 63816685, 1358400
63936685, 65427314, 1490629
65552799, 66863656, 1310857
66984114, 68439542, 1455428
68564799, 69874514, 1309715
69994971, 72437485, 2442514
72563885, 73865256, 1301371
73984571, 75440342, 1455771
75565371, 76873828, 1308457
77003199, 78500799, 1497600
78625371, 79925142, 1299771
80211542, 81595771, 1384229
81720228, 84273828, 2553600
84399314, 85766056, 1366742
85884685, 87352799, 1468114
87476685, 88828914, 1352229
88949371, 90426285, 1476914
90552914, 91865714, 1312800
91986514, 93462285, 1475771
94546057, 95877371, 1331314
95997142, 97475999, 1478857
97600685, 98886285, 1285600
99006628, 99892228, 885600
100008228, 100887314, 879086
101153828, 101897028, 743200
102013714, 102895314, 881600
103012228, 103894628, 882400
104011771, 105837599, 1825828
105959885, 108401371, 2441486
108533714, 109976571, 1442857
110252114, 111653142, 1401028
111774399, 113267199, 1492800
113393028, 114750971, 1357943
114872914, 116340685, 1467771
116466628, 118864456, 2397828
118988228, 120485142, 1496914
120611314, 121904914, 1293600
122026856, 123495428, 1468572
123621828, 124912456, 1290628
125186057, 126515199, 1329142
126642057, 127938971, 1296914
129036228, 130530971, 1494743
130656571, 131976571, 1320000
132253714, 133596914, 1343200
133722056, 135026056, 1304000
135293142, 136675771, 1382629
136796685, 138276685, 1480000
138402171, 139765256, 1363085
139896456, 141355314, 1458858
141481257, 142847314, 1366057
142968342, 144430399, 1462057
144557028, 147225942, 2668914
147363199, 148771314, 1408115
148892456, 150360799, 1468343
150486514, 151841599, 1355085
151962856, 153431999, 1469143
153558628, 154856685, 1298057
154979428, 156432228, 1452800
156558514, 158794285, 2235771
158930856, 160458399, 1527543
160583428, 161875656, 1292228
161996228, 163471999, 1475771
163597485, 164889942, 1292457
165011542, 166474971, 1463429
166600114, 167883428, 1283314
168004914, 170202857, 2197943
170327885, 171659428, 1331543
171780228, 173260914, 1480686
173386285, 174734285, 1348000
174856342, 176311999, 1455657
176439085, 177798056, 1358971
177920228, 178809828, 889600
178928914, 181449028, 2520114
181582857, 182957142, 1374285
183238628, 184587885, 1349257
184712571, 186016342, 1303771
186292914, 187641371, 1348457
187762285, 189252457, 1490172
189378742, 190733828, 1355086
190856342, 193422628, 2566286
193550171, 194878628, 1328457
195000914, 196471085, 1470171
196597142, 197883428, 1286286
198004456, 199482742, 1478286
199609142, 200913028, 1303886
201035199, 202511885, 1476686
202637942, 204847885, 2209943
204978971, 206452114, 1473143
206580457, 207928799, 1348342
208049485, 209521828, 1472343
209647771, 210943428, 1295657
211215657, 212555771, 1340114
212682171, 213967314, 1285143
214237028, 216559314, 2322286
216687314, 217556799, 869485
217674856, 218534514, 859658
218655428, 220444228, 1788800
220572799, 221879314, 1306515
222002171, 222902056, 899885
223020228, 224954971, 1934743
225229028, 227691428, 2462400
227813942, 229306171, 1492229
229431657, 230783542, 1351885
230904456, 232381485, 1477029
232514057, 233879314, 1365257
233999885, 235480228, 1480343
235606171, 236909828, 1303657
237991314, 239518742, 1527428
239646399, 240991314, 1344915
241267999, 242597714, 1329715
242719314, 244157028, 1437714
244285599, 245624342, 1338743
245746056, 247172799, 1426743
247299657, 248033942, 734285
248291771, 250886971, 2595200
251010399, 252497142, 1486743
252623085, 253979656, 1356571
254255314, 255588799, 1333485
255715314, 257208571, 1493257
257333142, 258663999, 1330857
258784914, 261481028, 2696114
261616571, 263172571, 1556000
263301371, 264726056, 1424685
264847428, 266339885, 1492457
266466628, 267790856, 1324228
267912914, 269389942, 1477028
269516914, 270851314, 1334400
270975085, 273005028, 2029943
273277714, 274630057, 1352343
274759314, 276285599, 1526285
276411999, 277793714, 1381715
277916342, 279397371, 1481029
279525028, 280888914, 1363886
281010514, 283697371, 2686857
283831885, 285361599, 1529714
286205828, 287619656, 1413828
287741599, 289186742, 1445143
289312571, 290726628, 1414057
290848114, 292296914, 1448800
292423657, 294975771, 2552114
295259542, 296639999, 1380457
296761256, 298213028, 1451772
298340228, 299684685, 1344457
299806399, 301285142, 1478743
301410285, 302768799, 1358514
302889828, 304344228, 1454400
304469942, 305855999, 1386057
305977371, 308425599, 2448228
308553028, 309857028, 1304000
309977942, 311442971, 1465029
311568571, 312866399, 1297828
312987085, 314446628, 1459543
314571885, 315871314, 1299429
315993714, 317755771, 1762057
317878628, 319892114, 2013486
320014399, 321505485, 1491086
321631885, 322943428, 1311543
323215542, 324560114, 1344572
324687656, 325969256, 1281600
326239428, 327568571, 1329143
327694056, 328991885, 1297829
330187199, 331523428, 1336229
331651428, 332946628, 1295200
333221485, 334558171, 1336686
334683428, 335972685, 1289257
336248342, 337587999, 1339657
337714056, 339431542, 1717486
339559999, 341875999, 2316000
341998628, 343477142, 1478514
343602399, 344469942, 867543
344593371, 346177599, 1584228
346311199, 347656456, 1345257
347777142, 349270857, 1493715
349396114, 350769942, 1373828
350890856, 353415771, 2524915
353544342, 354855085, 1310743
354976456, 356430857, 1454401
356558057, 357872685, 1314628
357994742, 359488571, 1493829
359618285, 360916342, 1298057
361204342, 362546057, 1341715
362673599, 365246514, 2572915
365373942, 366793599, 1419657
366913942, 368373371, 1459429
368499885, 369823885, 1324000
369945828, 371412457, 1466629
371538971, 372845028, 1306057
372967199, 374431428, 1464229
375523199, 376849256, 1326057
376972228, 378436342, 1464114
378563199, 379874171, 1310972
379996342, 380884571, 888229
381002971, 381875085, 872114
381992914, 382875542, 882628
382993256, 383870628, 877372
383989142, 384867885, 878743
384986971, 386855542, 1868571
388455771, 389890171, 1434400
390011428, 391541257, 1529829
391666742, 392955199, 1288457
393226742, 394569942, 1343200
394695771, 395972914, 1277143
396250628, 398507428, 2256800
398638857, 399931999, 1293142
400218857, 401570742, 1351885
401697828, 402995085, 1297257
403267999, 404647771, 1379772
404767885, 406248342, 1480457
406372228, 407699428, 1327200
407819428, 410393028, 2573600
410520228, 411836914, 1316686
411966628, 412886056, 919428
413004342, 413888571, 884229
414006856, 414886742, 879886
415004914, 417323314, 2318400
417450285, 418811999, 1361714
418933714, 421445714, 2512000
421573371, 422879428, 1306057
423001485, 424469828, 1468343
424595199, 425870514, 1275315
426000914, 427503199, 1502285
427628114, 428913142, 1285028
429181714, 430516571, 1334857
430641942, 433228685, 2586743
433355885, 434785256, 1429371
434905942, 436412571, 1506629
436540228, 437854742, 1314514
437976571, 439444571, 1468000
439569599, 440875771, 1306172
440997942, 442478285, 1480343
443561942, 444964228, 1402286
445243085, 446590857, 1347772
446717028, 448017714, 1300686
448290285, 449615199, 1324914
449738856, 451186285, 1447429
451310514, 452632342, 1321828
452753485, 454813714, 2060229
454936228, 456424114, 1487886
456551428, 457862171, 1310743
457983314, 459447771, 1464457
459573142, 460860571, 1287429
460982971, 462450971, 1468000
462577257, 463932799, 1355542
465034742, 466549828, 1515086
466680571, 467977371, 1296800
468252799, 469643542, 1390743
469764228, 471254971, 1490743
471380571, 472794056, 1413485
472915771, 474369599, 1453828
474496571, 476993028, 2496457
477276342, 478688571, 1412229
478811999, 480310742, 1498743
480437371, 481796685, 1359314
481917714, 483395999, 1478285
483523085, 484831085, 1308000
484952914, 486442514, 1489600
486571999, 488873599, 2301600
488996799, 490528571, 1531772
490654285, 492342971, 1688686
492471428, 493829028, 1357600
493950285, 495454399, 1504114
495581257, 496875314, 1294057
496996342, 499671999, 2675657
499807085, 501357028, 1549943
501484457, 502877828, 1393371
503000228, 504516571, 1516343
504643199, 505995656, 1352457
506274171, 507612571, 1338400
507734056, 509165714, 1431658
509293714, 511272799, 1979085
511398857, 512748228, 1349371
512869942, 514368114, 1498172
515001942, 516571542, 1569600
516697028, 517988114, 1291086
518261599, 519590285, 1328686
519715085, 521941142, 2226057
522231428, 523579771, 1348343
523704571, 525193371, 1488800
525320342, 526652571, 1332229
526772571, 528197028, 1424457
528322057, 529655999, 1333942
529776685, 531250857, 1474172
531374971, 533681599, 2306628
533802628, 535291885, 1489257
535418857, 536777142, 1358285
536900342, 538378742, 1478400
538506057, 539839999, 1333942
539961828, 541434742, 1472914
541560114, 542855428, 1295314
542986971, 543899428, 912457
544017485, 544906171, 888686
545023999, 547268914, 2244915
547394971, 548765828, 1370857
548886971, 550349371, 1462400
550474514, 552901371, 2426857
553023542, 554509714, 1486172
554635085, 555972685, 1337600
556248114, 557610971, 1362857
557741028, 559031428, 1290400
559305485, 560652114, 1346629
560772799, 563365714, 2592915
563501942, 564885485, 1383543
565005942, 566490285, 1484343
566615199, 568307428, 1692229
568434628, 569782514, 1347886
569903428, 571394628, 1491200
571519999, 572839428, 1319429
572959999, 575505028, 2545029
575632914, 576926171, 1293257
577218171, 578543314, 1325143
578669142, 579527199, 858057
579649028, 580507999, 858971
580628914, 582752456, 2123542
582873599, 584366399, 1492800
584493028, 586291771, 1798743
586418857, 588637371, 2218514
588768685, 590277828, 1509143
590402742, 591807885, 1405143
591930399, 593419085, 1488686
593544799, 595274171, 1729372
595401257, 596782856, 1381599
596903999, 599494628, 2590629
599622742, 600924914, 1302172
601204914, 602546285, 1341371
602672457, 603952114, 1279657
604223542, 605553828, 1330286
605679199, 606960685, 1281486
607238057, 608579657, 1341600
608705142, 611245599, 2540457
611371999, 612740342, 1368343
612860114, 614316228, 1456114
614441942, 615798971, 1357029
615921028, 617395428, 1474400
617521028, 618845371, 1324343
618970285, 620443199, 1472914
620568571, 623010514, 2441943
623316228, 624599657, 1283429
624729142, 626272457, 1543315
626397142, 627750285, 1353143
627881371, 629431085, 1549714
629557599, 630895542, 1337943
631018399, 632481371, 1462972
633499999, 634875885, 1375886
634997256, 636472342, 1475086
636597599, 637883428, 1285829
638004456, 639466628, 1462172
639592685, 640883885, 1291200
641006056, 642479999, 1473943
642604914, 644859885, 2254971
644982514, 646460342, 1477828
646586057, 647873599, 1287542
647994514, 649460342, 1465828
649585142, 650867085, 1281943
650987542, 652455314, 1467772
652581828, 653874856, 1293028
653995656, 656537257, 2541601
656664228, 657983199, 1318971
658256914, 659602285, 1345371
659727428, 661199657, 1472229
661326971, 662734971, 1408000
662855999, 664302171, 1446172
664427428, 665788571, 1361143
666854514, 668358971, 1504457
668483999, 669809942, 1325943
669930742, 671415314, 1484572
671542285, 672861028, 1318743
672983885, 674460457, 1476572
674585485, 675876571, 1291086
675997942, 678497828, 2499886
678626171, 679968228, 1342057
680259314, 681607999, 1348685
681729714, 683188457, 1458743
683313828, 684645485, 1331657
684767199, 686249371, 1482172
686373942, 687769714, 1395772
687891428, 690459428, 2568000
690587199, 691937942, 1350743
692220342, 693617028, 1396686
693749828, 695199885, 1450057
695325828, 696668914, 1343086
696789256, 698269257, 1480001
698394057, 699261142, 867085
699383885, 701191542, 1807657
701322285, 702212457, 890172
702336799, 704260685, 1923886
704392914, 705767314, 1374400
705889142, 706786285, 897143
706905142, 707776456, 871314
708653942, 710018399, 1364457
710288571, 711632799, 1344228
711753371, 714427542, 2674171
714562171, 715930285, 1368114
716205828, 717544457, 1338629
717669828, 718954856, 1285028
719232685, 720562742, 1330057
720687428, 721977942, 1290514
722256799, 723597828, 1341029
723721714, 725771542, 2049828
725894285, 727382399, 1488114
727509485, 728838171, 1328686
728962285, 730466171, 1503886
730594628, 731911085, 1316457
732033942, 733524228, 1490286
733649828, 734948114, 1298286
736210057, 737570171, 1360114
737696799, 739013142, 1316343
739287999, 740738971, 1450972
740860799, 742359199, 1498400
742486285, 744224228, 1737943
744859656, 747328799, 2469143
747463885, 748872685, 1408800
748994171, 750515999, 1521828
750641485, 751942056, 1300571
752220457, 753564685, 1344228
753690285, 755006856, 1316571
755286057, 756640228, 1354171
756761942, 759347657, 2585715
759475542, 760851428, 1375886
760973028, 762449714, 1476686
762576799, 763888799, 1312000
764010171, 765486514, 1476343
765614056, 766912799, 1298743
767034742, 768519199, 1484457
768644914, 771385028, 2740114
771513257, 772883428, 1370171
773005028, 774482857, 1477829
774608342, 775905371, 1297029
776189028, 777523885, 1334857
777649828, 778944228, 1294400
779223542, 780616342, 1392800
781727314, 783260228, 1532914
783390057, 784806285, 1416228
784928342, 786757028, 1828686
786879085, 788344457, 1465372
788470399, 789832914, 1362515
789955771, 791428571, 1472800
791555999, 793943999, 2388000
794231999, 795579542, 1347543
795705371, 797190057, 1484686
797317485, 798654628, 1337143
798776228, 800263314, 1487086
800388457, 801746628, 1358171
801868114, 803319085, 1450971
804411657, 805797714, 1386057
805918742, 807429257, 1510515
807559771, 808875885, 1316114
808995885, 810773485, 1777600
810894399, 812367314, 1472915
812493599, 813814856, 1321257
813935199, 816367771, 2432572
816495771, 817835314, 1339543
817957599, 819452457, 1494858
819578399, 820907314, 1328915
821028456, 822536799, 1508343
822662057, 823955199, 1293142
824232799, 825617485, 1384686
826722628, 828239885, 1517257
828372228, 829779428, 1407200
829899999, 831636228, 1736229
831760114, 833211542, 1451428
833338057, 834758056, 1419999
834878628, 836602285, 1723657
837647085, 838999885, 1352800
839272571, 840619542, 1346971
840740914, 842037142, 1296228
842305142, 843641142, 1336000
843762742, 845245714, 1482972
845371314, 846988228, 1616914
847261828, 849271885, 2010057
849397257, 850779085, 1381828
850900228, 852369714, 1469486
852495885, 853809485, 1313600
853941371, 855424457, 1483086
855551199, 856865485, 1314286
856986628, 858453257, 1466629
858581028, 860965028, 2384000
861245942, 862612799, 1366857
862735885, 864182514, 1446629
864314285, 865750628, 1436343
865871199, 867591085, 1719886
867717485, 869213714, 1496229
869342057, 871940456, 2598399
872227542, 873651542, 1424000
873773028, 875272571, 1499543
875397714, 876757142, 1359428
876879428, 878359085, 1479657
878485485, 879845142, 1359657
879966285, 881439085, 1472800
881565828, 883845714, 2279886
883969485, 885465599, 1496114
885590856, 886895656, 1304800
887016342, 888490285, 1473943
888615085, 889895656, 1280571
890016228, 891491428, 1475200
891617028, 892906628, 1289600
893187885, 895625485, 2437600
895751542, 897204914, 1453372
897331542, 898731199, 1399657
898851999, 900570514, 1718515
900696228, 902006171, 1309943
902279428, 903628456, 1349028
903750514, 904617599, 867085
904735314, 906876571, 2141257
906999771, 907885256, 885485
908002399, 908873828, 871429
908991085, 909860685, 869600
909978171, 912234742, 2256571
912367199, 913764685, 1397486
913886399, 915368571, 1482172
915495085, 916808114, 1313029
916930856, 918413942, 1483086
918540914, 919855885, 1314971
919977714, 922646857, 2669143
922781828, 924317257, 1535429
924442628, 925808685, 1366057
925929256, 927648914, 1719658
927771085, 929271314, 1500229
929395999, 931022399, 1626400
931294971, 933534971, 2240000
933674285, 935017714, 1343429
935287999, 936642285, 1354286
936763085, 938193828, 1430743
938319542, 939653599, 1334057
939773599, 941251999, 1478400
941376799, 942701142, 1324343
942820571, 945043885, 2223314
945311542, 946643999, 1332457
946763885, 948202971, 1439086
948327771, 949658285, 1330514
949778285, 951258742, 1480457
951383428, 952245599, 862171
952366971, 954624685, 2257714
955746171, 957281828, 1535657
957407657, 958762514, 1354857
958882971, 960342285, 1459314
960468342, 961832228, 1363886
961953371, 963431542, 1478171
963557714, 964865828, 1308114
964986742, 967414514, 2427772
967543999, 968854514, 1310515
968976571, 970463771, 1487200
970591542, 971896114, 1304572
972018171, 973502742, 1484571
973630628, 974926056, 1295428
975206628, 976543428, 1336800
976670514, 979253714, 2583200
979907085, 981468114, 1561029
981594514, 982882056, 1287542
983002856, 984493028, 1490172
984620114, 985964571, 1344457
986246628, 987585599, 1338971
987711885, 990394628, 2682743
990522399, 991894285, 1371886
992014742, 993483657, 1468915
993610056, 994927771, 1317715
995216685, 996561714, 1345029
996689028, 997996571, 1307543
998272228, 999614285, 1342057
681942, 2045142, 1363200
2312571, 3646056, 1333485
3767314, 5210057, 1442743
5335314, 6661257, 1325943
6780914, 8262057, 1481143
8385828, 9795428, 1409600
9915199, 12430971, 2515772
12558514, 13876114, 1317600
13996342, 15457828, 1461486
15583199, 16933714, 1350515
17211771, 18553714, 1341943
18678399, 20024685, 1346286
20297142, 21626742, 1329600
21746856, 24295199, 2548343
24422057, 25831542, 1409485
25951314, 27414742, 1463428
27540685, 28883314, 1342629
29004114, 30470742, 1466628
30596685, 31885599, 1288914
32006056, 33493028, 1486972
34560914, 35882285, 1321371
36003999, 37512457, 1508458
37640914, 38947314, 1306400
39222857, 40563085, 1340228
40687656, 42194742, 1507086
42321485, 43641256, 1319771
43761371, 46355885, 2594514
46483199, 47819085, 1335886
47940114, 49398514, 1458400
49524571, 50843885, 1319314
50965371, 52434285, 1468914
52561714, 53882856, 1321142
54003542, 55472228, 1468686
55597942, 57967885, 2369943
58241942, 59583428, 1341486
59712571, 61195542, 1482971
61322514, 62196799, 874285
62772685, 64300228, 1527543
64424228, 65791656, 1367428
65911542, 67371542, 1460000
68476799, 69848342, 1371543
69968456, 71443314, 1474858
71568114, 72896571, 1328457
73017485, 74479085, 1461600
74604228, 75908571, 1304343
76040914, 77519199, 1478285
77644114, 80003885, 2359771
80278171, 81610856, 1332685
81730514, 83177257, 1446743
83302285, 84628914, 1326629
84748914, 86177371, 1428457
86305371, 87680228, 1374857
87799771, 89272571, 1472800
89396685, 91829942, 2433257
91950742, 93429257, 1478515
93555657, 94850056, 1294399
94970628, 96431085, 1460457
96557028, 97859771, 1302743
97980456, 99475085, 1494629
99599428, 100947428, 1348000
102210742, 103601485, 1390743
103722628, 105205371, 1482743
105330285, 106741485, 1411200
106861485, 108301828, 1440343
108426171, 109785028, 1358857
109905599, 111364799, 1459200
111490628, 113764799, 2274171
113887314, 115364342, 1477028
115491085, 116876342, 1385257
116997714, 118529257, 1531543
118654857, 119937828, 1282971
120214171, 121596571, 1382400
121721142, 123904685, 2183543
124047542, 125546514, 1498972
125672685, 126981828, 1309143
127257371, 128587428, 1330057
128714399, 130006056, 1291657
130280228, 131649714, 1369486
131770742, 133224342, 1453600
133349599, 135754971, 2405372
135875771, 137342285, 1466514
137467771, 138804799, 1337028
138924571, 140399542, 1474971
140524685, 141835199, 1310514
141956571, 143423771, 1467200
143549371, 144896914, 1347543
145017256, 147613028, 2595772
147737371, 149195771, 1458400
149321257, 150651428, 1330171
150771314, 152247314, 1476000
152371771, 153745142, 1373371
153865714, 155313714, 1448000
155438857, 156795771, 1356914
157869371, 159348685, 1479314
159474742, 160805714, 1330972
160925371, 162373142, 1447771
162498171, 163802971, 1304800
163923085, 165383542, 1460457
165509257, 166817028, 1307771
166937142, 169594171, 2657029
169728914, 171264457, 1535543
171390057, 172774285, 1384228
172895428, 174353714, 1458286
174479885, 175801828, 1321943
175924456, 177393942, 1469486
177520457, 178835314, 1314857
178957942, 180456571, 1498629
180582399, 182910742, 2328343
183191999, 184522742, 1330743
184648457, 185953485, 1305028
186234285, 187559542, 1325257
187684571, 188984228, 1299657
189254971, 190599657, 1344686
190720456, 192017485, 1297029
193221828, 194630399, 1408571
194751999, 196195657, 1443658
196322742, 197652342, 1329600
197774171, 199217714, 1443543
199343885, 200675999, 1332114
200797028, 202275885, 1478857
202400914, 204423199, 2022285
204550742, 205871885, 1321143
205993599, 207483199, 1489600
207611199, 208920228, 1309029
209201599, 210540914, 1339315
210667999, 211973828, 1305829
212248342, 213599771, 1351429
213726971, 216271999, 2545028
216400114, 217782171, 1382057
218601028, 219580342, 979314
219702056, 220571314, 869258
220691999, 221571657, 879658
221691199, 222557599, 866400
222682056, 223553828, 871772
223674171, 224539771, 865600
224664228, 225538628, 874400
227853828, 229401028, 1547200
229526399, 230852114, 1325715
230972799, 232432799, 1460000
232559085, 233862856, 1303771
233984571, 235444685, 1460114
235570628, 236865942, 1295314
236986742, 239413142, 2426400
239542514, 240891199, 1348685
241011085, 242480799, 1469714
242608114, 243967656, 1359542
244237942, 245623885, 1385943
245745256, 247193714, 1448458
247320799, 248649371, 1328572
248770742, 251384342, 2613600
251512571, 252837714, 1325143
252959656, 254428114, 1468458
254556228, 255866971, 1310743
255989485, 257451085, 1461600
257578742, 258877371, 1298629
258998628, 260528457, 1529829
260655885, 263253257, 2597372
263381714, 264774399, 1392685
264895428, 266401714, 1506286
266528914, 267884799, 1355885
268005485, 269472457, 1466972
269598742, 270887542, 1288800
271009371, 272474057, 1464686
273543428, 274861942, 1318514
274983428, 276450285, 1466857
276577485, 277877485, 1300000
277998514, 279459999, 1461485
279587999, 280880342, 1292343
281001371, 282482628, 1481257
282609257, 284800228, 2190971
284934971, 286404342, 1469371
286531771, 287874514, 1342743
288004114, 289473942, 1469828
289600571, 290892114, 1291543
291012342, 292479314, 1466972
292607199, 293904114, 1296915
294187542, 296484685, 2297143
296613257, 297934514, 1321257
298228799, 299587771, 1358972
299718742, 301257371, 1538629
301382857, 302805828, 1422971
302925942, 304401371, 1475429
304529371, 307212799, 2683428
307350971, 308785485, 1434514
308905828, 310430171, 1524343
310557714, 311898628, 1340914
312019771, 313526285, 1506514
313652456, 315006056, 1353600
315280457, 316615999, 1335542
316737485, 319018971, 2281486
319294857, 320742514, 1447657
320862171, 322323428, 1461257
322449257, 323809028, 1359771
323928914, 325391771, 1462857
325517485, 327188571, 1671086
327316571, 329938514, 2621943
330226628, 331600571, 1373943
331724456, 333176114, 1451658
333303314, 334716571, 1413257
334839428, 336286628, 1447200
336413828, 337781828, 1368000
337902514, 339383771, 1481257
339510857, 341818628, 2307771
341941371, 343428457, 1487086
343554399, 344848456, 1294057
344969828, 346484685, 1514857
346609142, 347898971, 1289829
348019314, 349546971, 1527657
349671771, 351021256, 1349485
352234742, 353615428, 1380686
353741485, 355190285, 1448800
355316114, 356656342, 1340228
356776342, 358230171, 1453829
358354285, 359695542, 1341257
359815199, 361296571, 1481372
361421142, 363431771, 2010629
363559314, 364902399, 1343085
365023428, 366487885, 1464457
366613942, 367917485, 1303543
368202857, 369548228, 1345371
369675656, 370980114, 1304458
371253485, 372589142, 1335657
372715085, 375280228, 2565143
375409142, 376786056, 1376914
376906514, 378369714, 1463200
378496685, 379821028, 1324343
379942742, 381425714, 1482972
381554857, 382850971, 1296114
382971656, 385885828, 2914172
386020456, 387576457, 1556001
387706514, 389005142, 1298628
389285942, 390634399, 1348457
390755885, 392043314, 1287429
392312457, 393730856, 1418399
393851999, 395324914, 1472915
395451885, 397724914, 2273029
397846742, 399326857, 1480115
399451657, 400806856, 1355199
400930514, 402427314, 1496800
402552914, 403889256, 1336342
404009485, 405494628, 1485143
405620799, 406910171, 1289372
407219542, 409793028, 2573486
409915656, 411408342, 1492686
411534514, 412817599, 1283085
412946171, 414445028, 1498857
414571085, 415875885, 1304800
415995656, 417454514, 1458858
417580114, 418933142, 1353028
420035199, 421552914, 1517715
421679656, 422978514, 1298858
423250742, 424595428, 1344686
424720228, 426015199, 1294971
426284342, 427636114, 1351772
427759656, 429265714, 1506058
429390742, 431653714, 2262972
431776114, 433279885, 1503771
433407085, 434799999, 1392914
434921256, 436410742, 1489486
436538285, 437906056, 1367771
438027656, 439507542, 1479886
439635085, 440935771, 1300686
442018628, 443524228, 1505600
443651542, 445021028, 1369486
445295999, 446653485, 1357486
446775542, 448266514, 1490972
448903428, 450456799, 1553371
450584571, 452783885, 2199314
452927428, 454440114, 1512686
454568342, 455881485, 1313143
456002285, 457479314, 1477029
457605942, 458897028, 1291086
459171542, 460505485, 1333943
460632228, 461913371, 1281143
462034171, 464239657, 2205486
464365257, 465731771, 1366514
465851999, 467305828, 1453829
467430742, 468795542, 1364800
468916571, 470383085, 1466514
470509371, 471836456, 1327085
471957942, 472845371, 887429
472962056, 475554057, 2592001
475687314, 476625942, 938628
476743771, 477641599, 897828
477759885, 478641714, 881829
479690856, 480640914, 950058
480758628, 481634171, 875543
481753485, 482622057, 868572
482740685, 485013828, 2273143
485289028, 487736456, 2447428
487857256, 489345142, 1487886
489473942, 490849142, 1375200
490971885, 492447199, 1475314
492573599, 493888342, 1314743
494010399, 495520457, 1510058
495647999, 496960456, 1312457
498034742, 499540799, 1506057
499670971, 501024914, 1353943
501295999, 502640799, 1344800
502762056, 504194057, 1432001
504319085, 505658171, 1339086
505778285, 507253028, 1474743
507377485, 509388914, 2011429
509516457, 510830285, 1313828
510951771, 511835656, 883885
511955199, 512830056, 874857
513712914, 515261371, 1548457
515385942, 516769942, 1384000
516889485, 518344342, 1454857
518468914, 520739428, 2270514
520862628, 522345714, 1483086
522472228, 523798399, 1326171
523920685, 525398171, 1477486
525524914, 526841142, 1316228
526963542, 528442514, 1478972
528569485, 529873828, 1304343
529995428, 532563771, 2568343
532690971, 533990399, 1299428
534261257, 535603199, 1341942
535727771, 537164342, 1436571
537292114, 538635885, 1343771
538757714, 540191542, 1433828
540318742, 541650399, 1331657
541771999, 544320571, 2548572
544449257, 545325599, 876342
545449142, 546313028, 863886
546436914, 547303771, 866857
547427314, 548285599, 858285
548409028, 549264685, 855657
549388114, 550247199, 859085
550370514, 552484457, 2113943
552615085, 553498857, 883772
553622171, 554493599, 871428
554617028, 556844571, 2227543
556965485, 558446971, 1481486
558572799, 559901142, 1328343
560189371, 562471542, 2282171
562602285, 563905828, 1303543
564181485, 565507542, 1326057
565633142, 566907428, 1274286
567190285, 568519085, 1328800
568644114, 569936914, 1292800
570215885, 571556114, 1340229
571681599, 574011428, 2329829
574292571, 575648228, 1355657
575769714, 577267199, 1497485
577392685, 578751885, 1359200
578873942, 580339085, 1465143
580465828, 581792114, 1326286
581914056, 583392799, 1478743
584513371, 585877714, 1364343
585999314, 587978971, 1979657
588272571, 589777028, 1504457
589899314, 591419657, 1520343
591547428, 592878628, 1331200
593001256, 595689828, 2688572
595822856, 597341599, 1518743
597469485, 598805714, 1336229
598926856, 600651428, 1724572
600775314, 602281142, 1505828
602406628, 603775771, 1369143
603897942, 605372914, 1474972
605498857, 607913142, 2414285
608194285, 609545371, 1351086
609672456, 610984342, 1311886
611259657, 612659542, 1399885
612793485, 614299542, 1506057
614426285, 615805371, 1379086
615926514, 618621714, 2695200
618758171, 620291771, 1533600
620417257, 621794056, 1376799
621914971, 623381714, 1466743
623507199, 624866399, 1359200
624987314, 626500457, 1513143
626627428, 627956914, 1329486
628238057, 630241714, 2003657
630367314, 631743885, 1376571
631867542, 633325599, 1458057
633451542, 634841942, 1390400
634963314, 636437142, 1473828
636564914, 637865371, 1300457
637986856, 639452457, 1465601
639579542, 641948114, 2368572
642235771, 643594628, 1358857
643719999, 645033942, 1313943
645303085, 646646742, 1343657
646768799, 648216799, 1448000
648342857, 649682628, 1339771
649803656, 651285142, 1481486
652377142, 653758742, 1381600
653881599, 655371199, 1489600
655498514, 656845942, 1347428
656970171, 658463542, 1493371
658589828, 659883656, 1293828
660006056, 661487085, 1481029
661614171, 663926856, 2312685
664049828, 665594056, 1544228
665719542, 667226628, 1507086
667354742, 668730514, 1375772
668852914, 670351771, 1498857
670482057, 671809828, 1327771
671932342, 674300685, 2368343
674443657, 675816571, 1372914
675938171, 677422628, 1484457
678238742, 679639314, 1400572
679760456, 681227542, 1467086
681352114, 682685028, 1332914
682805714, 685475085, 2669371
685611542, 687013142, 1401600
687286399, 688628114, 1341715
688750056, 690198285, 1448229
690323314, 691734971, 1411657
691856342, 693319542, 1463200
693445599, 694782285, 1336686
694903885, 696889599, 1985714
697011999, 698506971, 1494972
698633142, 699966628, 1333486
700253257, 701617256, 1363999
701741714, 703186857, 1445143
703314399, 704730171, 1415772
704851542, 706307199, 1455657
707383657, 708733599, 1349942
708856342, 710318171, 1461829
710444685, 711791428, 1346743
711912571, 713395085, 1482514
713521485, 714881485, 1360000
715003199, 716478057, 1474858
716603885, 718649599, 2045714
718771999, 720219428, 1447429
720345714, 721732571, 1386857
721854399, 723318857, 1464458
723444914, 724804914, 1360000
724926628, 726415885, 1489257
726543657, 727854628, 1310971
727976571, 730570057, 2593486
730696685, 732017028, 1320343
732289485, 733633256, 1343771
733756342, 735212457, 1456115
735338514, 736714285, 1375771
736837142, 738370514, 1533372
738497485, 739842742, 1345257
740915885, 742428114, 1512229
742555428, 743442399, 886971
743565485, 744973485, 1408000
745267657, 746618628, 1350971
746739885, 748234514, 1494629
748359085, 749690971, 1331886
749811885, 752186857, 2374972
752320914, 753661256, 1340342
753782285, 755274399, 1492114
755399199, 756753371, 1354172
756874514, 758330399, 1455885
758456114, 759803771, 1347657
759925142, 761648342, 1723200
762755314, 764278628, 1523314
764405028, 765283885, 878857
765407657, 766267657, 860000
766390857, 767252114, 861257
767375885, 768234514, 858629
768357371, 769216685, 859314
769339657, 771542399, 2202742
771668571, 774311771, 2643200
774446399, 775832228, 1385829
775953485, 777427314, 1473829
777553485, 778880456, 1326971
779001142, 780472228, 1471086
780597028, 781883885, 1286857
782003885, 783491428, 1487543
783617256, 785921942, 2304686
786201942, 787660914, 1458972
787792571, 789281028, 1488457
789406971, 790756571, 1349600
790877942, 792375199, 1497257
792501714, 793859885, 1358171
793981828, 796655542, 2673714
796789714, 798331314, 1541600
798457485, 799798285, 1340800
799918171, 801400114, 1481943
801526057, 802848456, 1322399
802968799, 804436685, 1467886
804562971, 805903885, 1340914
806024228, 808025256, 2001028
808295314, 809628114, 1332800
809749714, 811038628, 1288914
811561485, 812909371, 1347886
813029942, 814490399, 1460457
814615771, 815890285, 1274514
816011656, 817482399, 1470743
817607885, 820216457, 2608572
820343199, 821209942, 866743
821332457, 822190171, 857714
822313714, 823038285, 724571
823293485, 824020685, 727200
824278857, 826354857, 2076000
826486628, 827856914, 1370286
827978056, 829460342, 1482286
830540457, 831942628, 1402171
832225371, 833613714, 1388343
833735656, 835214742, 1479086
835339314, 836668571, 1329257
836789256, 838267657, 1478401
838392571, 839995656, 1603085
840271085, 842673485, 2402400
842794856, 844283885, 1489029
844409257, 845785371, 1376114
845906628, 847380114, 1473486
847505942, 848828228, 1322286
848949714, 850419085, 1469371
850545142, 851856799, 1311657
851977599, 854524342, 2546743
854652571, 855946171, 1293600
856227085, 857574742, 1347657
857700114, 858992799, 1292685
859264342, 860643199, 1378857
860764228, 862237028, 1472800
862361714, 863717828, 1356114
863838399, 866437828, 2599429
866566057, 867871885, 1305828
867993256, 869462857, 1469601
869589714, 870891656, 1301942
871013142, 872482514, 1469372
872608571, 873903314, 1294743
874175999, 875519314, 1343315
875645371, 877897256, 2251885
878020228, 879504914, 1484686
879630628, 880924799, 1294171
881199885, 882529942, 1330057
882656114, 883962742, 1306628
884248457, 885600342, 1351885
885725714, 887167199, 1441485
887293828, 889707199, 2413371
889829942, 891311428, 1481486
891440571, 892779314, 1338743
892901942, 894618514, 1716572
894745942, 896044685, 1298743
896321028, 897663771, 1342743
897785371, 899271428, 1486057
899396799, 900266857, 870058
900391657, 901265599, 873942
901390857, 902254857, 864000
902379657, 903243199, 863542
903879771, 904851656, 971885
904971656, 905851999, 880343
905970971, 909405828, 3434857
909542399, 910935542, 1393143
911224457, 912610971, 1386514
912734171, 914032914, 1298743
914306628, 915725485, 1418857
915845828, 917324799, 1478971
917451657, 918785942, 1334285
918907428, 921448457, 2541029
921577142, 922942856, 1365714
923225257, 924578857, 1353600
924705142, 926004342, 1299200
926282857, 927629028, 1346171
927750285, 929247999, 1497714
929374285, 930748914, 1374629
931807542, 933567885, 1760343
933694971, 935000799, 1305828
935274285, 936625028, 1350743
936750285, 938219657, 1469372
938346057, 939210971, 864914
939334857, 940195999, 861142
940322742, 941047656, 724914
941304571, 943832914, 2528343
943966856, 945439085, 1472229
945565371, 946874285, 1308914
946994971, 948468457, 1473486
948594171, 949882171, 1288000
950002285, 951488342, 1486057
951613599, 952903771, 1290172
953174285, 955957599, 2783314
956253142, 957615885, 1362743
957736914, 959183085, 1446171
959309714, 960744114, 1434400
960863771, 962328914, 1465143
962454171, 963814971, 1360800
963935656, 966644799, 2709143
966779771, 968316457, 1536686
968441485, 970210628, 1769143
970338399, 971749485, 1411086
971872114, 973342971, 1470857
973467542, 974794856, 1327314
974915428, 976408799, 1493371
976534971, 978967999, 2433028
979253028, 980600571, 1347543
980723314, 982177142, 1453828
982304342, 983674399, 1370057
983809485, 985313828, 1504343
985438628, 986809942, 1371314
986929942, 988415771, 1485829
989484799, 990899314, 1414515
991167999, 992509371, 1341372
992635314, 993947885, 1312571
994225371, 995568114, 1342743
995693256, 996991199, 1297943
997259657, 998608914, 1349257
998730171, 1001371, -997728800
1278857, 2626399, 1347542
2746742, 4029028, 1282286
4294399, 5614971, 1320572
5735199, 7017599, 1282400
7283657, 8615085, 1331428
8735085, 10182514, 1447429
10308228, 12786285, 2478057
12906971, 14408685, 1501714
14533942, 15851314, 1317372
15971542, 17449371, 1477829
17573828, 18863999, 1290171
18984342, 20452799, 1468457
20578628, 21876685, 1298057
21996914, 24550171, 2553257
24678057, 25985142, 1307085
26259428, 27589599, 1330171
27716114, 29033828, 1317714
29305599, 30034171, 728572
30288114, 31828914, 1540800
31962399, 33445485, 1483086
33570057, 35861256, 2291199
35982971, 37451542, 1468571
37575999, 38878628, 1302629
38999428, 40462171, 1462743
40586628, 41868685, 1282057
41988914, 43460342, 1471428
43585028, 44890628, 1305600
45011771, 47603085, 2591314
47729942, 49024456, 1294514
49290285, 50621714, 1331429
50741714, 52165942, 1424228
52292228, 53616342, 1324114
53737256, 55022399, 1285143
55290285, 56622057, 1331772
56742628, 59173828, 2431200
59299771, 60695542, 1395771
60814971, 61691771, 876800
62429485, 63822285, 1392800
63942056, 65417714, 1475658
65542514, 66866971, 1324457
66986399, 68463657, 1477258
69554057, 70904685, 1350628
71025142, 72516799, 1491657
72642057, 73928342, 1286285
74204571, 75557599, 1353028
75681828, 76983885, 1302057
77259999, 78600114, 1340115
78729485, 81344685, 2615200
81470971, 82821142, 1350171
82943999, 84407199, 1463200
84532914, 85852114, 1319200
85972914, 87443999, 1471085
87569714, 88865942, 1296228
88986399, 90446399, 1460000
90572571, 92952342, 2379771
93235428, 94583771, 1348343
94708456, 96200457, 1492001
96325142, 97668228, 1343086
97787428, 99270742, 1483314
99393828, 100774971, 1381143
100894856, 103557485, 2662629
103692685, 105235885, 1543200
105360228, 106762628, 1402400
106882285, 108607428, 1725143
108733371, 110182285, 1448914
110308457, 111660571, 1352114
111780799, 113273942, 1493143
113398171, 115849142, 2450971
115971085, 117460228, 1489143
117584799, 118880571, 1295772
119001714, 120486514, 1484800
120613257, 121912456, 1299199
122184457, 123539314, 1354857
123666056, 124966628, 1300572
126036571, 127593828, 1557257
127717485, 129448914, 1731429
129577371, 130892571, 1315200
131014399, 132512342, 1497943
132637714, 133929828, 1292114
134209599, 135555085, 1345486
135680914, 137962514, 2281600
138248457, 139609942, 1361485
139731771, 141247542, 1515771
141373714, 142752342, 1378628
143633485, 145252571, 1619086
145377485, 146679314, 1301829
146809599, 149303657, 2494058
149431085, 150805142, 1374057
150925942, 152412914, 1486972
152538971, 153847199, 1308228
153968456, 155443999, 1475543
155570285, 156866399, 1296114
156986285, 158457028, 1470743
158582742, 160947999, 2365257
161228571, 162575085, 1346514
162699999, 163998399, 1298400
164265142, 165597371, 1332229
165718742, 167160342, 1441600
167287199, 168631771, 1344572
168752342, 170197828, 1445486
170322171, 172766285, 2444114
172887199, 174371314, 1484115
174497599, 175813256, 1315657
175933599, 177435199, 1501600
177567085, 178874856, 1307771
178995085, 180483428, 1488343
180608457, 181891656, 1283199
182011771, 184605828, 2594057
184733142, 186235314, 1502172
186360685, 187724571, 1363886
187844914, 189349714, 1504800
189473828, 190810628, 1336800
190933485, 192390514, 1457029
192516342, 193824571, 1308229
194899885, 196414399, 1514514
196540228, 197878971, 1338743
197998856, 199470285, 1471429
199595085, 200884228, 1289143
201004228, 202484685, 1480457
202610285, 203895428, 1285143
204015656, 206221828, 2206172
206346971, 207731542, 1384571
207856114, 209306857, 1450743
209432114, 210783314, 1351200
210904342, 212368114, 1463772
212493828, 213807314, 1313486
213927885, 215399657, 1471772
215527199, 217947085, 2419886
218232914, 219596228, 1363314
219721371, 220588114, 866743
220705942, 221571085, 865143
221688799, 223445371, 1756572
223574628, 224876228, 1301600
224998285, 226474628, 1476343
226600685, 228890742, 2290057
229013028, 230495314, 1482286
230620914, 231897828, 1276914
232174399, 233493599, 1319200
233618514, 234893371, 1274857
235014742, 236480799, 1466057
236607314, 237900914, 1293600
238031542, 240645371, 2613829
240766856, 242227657, 1460801
242353142, 243962056, 1608914
244235657, 245590171, 1354514
245716456, 247009028, 1292572
247278514, 248608114, 1329600
248729599, 251430742, 2701143
251565257, 252924228, 1358971
253196571, 254525828, 1329257
254651428, 255933028, 1281600
256211771, 257543428, 1331657
257669942, 258952456, 1282514
259223199, 260543885, 1320686
260669942, 263237828, 2567886
263365142, 264737942, 1372800
264859314, 266338171, 1478857
266468685, 267825828, 1357143
267947885, 269425371, 1477486
269552457, 270869028, 1316571
270991314, 272453371, 1462057
272580914, 274962171, 2381257
275244457, 276593257, 1348800
276720342, 278002971, 1282629
278272342, 279607885, 1335543
279729828, 281017828, 1288000
281288685, 282607999, 1319314
282735428, 284029942, 1294514
284296457, 286695085, 2398628
286817714, 288285028, 1467314
288409257, 289763085, 1353828
289884685, 291356799, 1472114
291482285, 292791542, 1309257
292913714, 294370857, 1457143
294496685, 295803885, 1307200
295925714, 298467657, 2541943
298595314, 299471085, 875771
299593142, 300451314, 858172
300575314, 301433371, 858057
301557714, 302419085, 861371
302543085, 304495542, 1952457
304626171, 305577942, 951771
305700799, 306564457, 863658
306686856, 309646285, 2959429
309767314, 311265371, 1498057
311389028, 312769028, 1380000
312888685, 314350742, 1462057
314476114, 315731542, 1255428
315871199, 317378742, 1507543
317503999, 318850856, 1346857
318973371, 321370857, 2397486
321496457, 322823656, 1327199
322944571, 324416685, 1472114
324542171, 325855771, 1313600
325977828, 327440914, 1463086
327566971, 328894628, 1327657
329014399, 331436457, 2422058
331563885, 332905942, 1342057
333038971, 334525599, 1486628
334651314, 335962856, 1311542
336242399, 337589142, 1346743
337713714, 339010514, 1296800
339277485, 340617942, 1340457
340739314, 343300799, 2561485
343428114, 344843656, 1415542
344963314, 346458628, 1495314
346585142, 347948228, 1363086
348227999, 349575542, 1347543
349702971, 351003085, 1300114
351273828, 352616114, 1342286
353676342, 355226057, 1549715
355351314, 356730399, 1379085
356852685, 358323885, 1471200
358449257, 359821256, 1371999
359946399, 361430628, 1484229
361557257, 362874628, 1317371
362996114, 365011542, 2015428
365285257, 366623085, 1337828
366743999, 368203657, 1459658
368331999, 369672228, 1340229
369793028, 371270285, 1477257
371924685, 373529257, 1604572
373654514, 376329371, 2674857
376464228, 377693714, 1229486
377813256, 379325028, 1511772
379449714, 380847771, 1398057
380967771, 382473714, 1505943
382599657, 383959656, 1359999
384238399, 385623199, 1384800
385744228, 388168685, 2424457
388297142, 389634056, 1336914
389753599, 391179657, 1426058
391307542, 392646857, 1339315
392768228, 394202057, 1433829
394328571, 395712114, 1383543
395841485, 397327771, 1486286
397454742, 399902285, 2447543
400023885, 401511542, 1487657
401636228, 402937028, 1300800
403217257, 404842285, 1625028
404963428, 406461371, 1497943
406587314, 407891199, 1303885
408047885, 410727314, 2679429
410860914, 412384457, 1523543
412510285, 413829256, 1318971
413949142, 415415999, 1466857
415541599, 416850399, 1308800
416971656, 418438514, 1466858
418563542, 419870514, 1306972
419992456, 421468457, 1476001
421598399, 424398514, 2800115
424532685, 425467885, 935200
425591885, 427209257, 1617372
427341257, 428755314, 1414057
428875199, 429766971, 891772
429884571, 430759656, 875085
430877599, 431747999, 870400
431866514, 433808685, 1942171
433931428, 436360342, 2428914
436489142, 437838514, 1349372
437960456, 439425828, 1465372
439551657, 440881599, 1329942
441002399, 442465942, 1463543
442591085, 443877256, 1286171
443998285, 445480114, 1481829
445605371, 447976799, 2371428
448252457, 449655771, 1403314
449790285, 451317714, 1527429
451443999, 452801828, 1357829
452922399, 454401942, 1479543
454527885, 455851314, 1323429
455972799, 457436114, 1463315
458526514, 459897828, 1371314
460027314, 461590628, 1563314
461716914, 463021599, 1304685
463289371, 464662171, 1372800
464794742, 466301142, 1506400
466426399, 467791999, 1365600
467913599, 470326285, 2412686
470455199, 471786514, 1331315
471907199, 473392457, 1485258
473519314, 474843085, 1323771
474965599, 476425828, 1460229
476553371, 477859314, 1305943
477990171, 479494057, 1503886
479620114, 482189485, 2569371
482318399, 483706399, 1388000
483835428, 485340114, 1504686
485466057, 486815199, 1349142
486936685, 488412914, 1476229
488539542, 489856228, 1316686
489977942, 491440914, 1462972
492508114, 493891999, 1383885
494013828, 495506285, 1492457
495634171, 496942171, 1308000
497229028, 498562971, 1333943
498688799, 499988456, 1299657
500269257, 501637942, 1368685
501759085, 503727314, 1968229
503848685, 505353485, 1504800
505479885, 506803656, 1323771
506924456, 508383428, 1458972
508509942, 509868799, 1358857
509989828, 511465257, 1475429
511591771, 512883199, 1291428
513003999, 515009714, 2005715
515277485, 516632457, 1354972
516763428, 518263428, 1500000
518388571, 519757142, 1368571
519878628, 521378971, 1500343
521505485, 522825485, 1320000
522946171, 524419428, 1473257
524546628, 527006742, 2460114
527282171, 528640457, 1358286
528762056, 530250971, 1488915
530376114, 531762971, 1386857
531893028, 533406971, 1513943
533535999, 534867428, 1331429
534995999, 536476571, 1480572
537531314, 538896799, 1365485
539017371, 539904799, 887428
540021485, 540903542, 882057
541020456, 541893599, 873143
542010971, 543919314, 1908343
544218514, 545737256, 1518742
545865599, 546750285, 884686
546868571, 548969714, 2101143
549253485, 550018056, 764571
550281714, 551014971, 733257
551272914, 552007199, 734285
552273942, 553006514, 732572
553265485, 553997485, 732000
554256685, 554990285, 733600
555249485, 555985828, 736343
556252571, 559533828, 3281257
559659885, 561012914, 1353029
561290857, 562675771, 1384914
562796571, 564280685, 1484114
564405599, 565750742, 1345143
565872228, 568280914, 2408686
568408342, 569775085, 1366743
569896342, 571416571, 1520229
571544342, 572870742, 1326400
572992342, 574460457, 1468115
574591771, 575996685, 1404914
576277142, 577622171, 1345029
578695885, 580040114, 1344229
580314628, 581646856, 1332228
581769028, 583257371, 1488343
583383314, 584773714, 1390400
584896342, 586355085, 1458743
586481828, 588508342, 2026514
589617371, 591009256, 1391885
591286971, 592679542, 1392571
592802514, 594293714, 1491200
594420571, 595754056, 1333485
595884571, 597413599, 1529028
597541371, 598862514, 1321143
600727885, 602223199, 1495314
602350971, 603721485, 1370514
603844228, 605334285, 1490057
605459771, 606820914, 1361143
606942399, 608414514, 1472115
608540914, 609850285, 1309371
609971542, 612487199, 2515657
612614742, 613898285, 1283543
614018971, 615496685, 1477714
615621942, 616902514, 1280572
617025256, 618496114, 1470858
618620685, 619493257, 872572
619615428, 620478971, 863543
620602285, 621462285, 860000
621585257, 623663314, 2078057
623785256, 625908799, 2123543
626031085, 627504685, 1473600
627629485, 628923428, 1293943
629194285, 630525257, 1330972
630650171, 631925371, 1275200
632202628, 633533599, 1330971
633659656, 636230285, 2570629
636356799, 637723085, 1366286
637842399, 639314857, 1472458
639439542, 640790514, 1350972
640910742, 642378971, 1468229
642504457, 643824799, 1320342
643944914, 645417485, 1472571
645543085, 647949256, 2406171
648232571, 649579199, 1346628
649703885, 651003656, 1299771
651278171, 652607885, 1329714
652731656, 654182971, 1451315
654309485, 655729256, 1419771
655849942, 657293485, 1443543
657417714, 659855885, 2438171
659978514, 661471199, 1492685
661597371, 662901828, 1304457
663023314, 664501714, 1478400
664627885, 665919542, 1291657
666041028, 667502971, 1461943
667628342, 668919199, 1290857
669039999, 671729142, 2689143
671863999, 673412914, 1548915
673539199, 674852228, 1313029
674972571, 676430857, 1458286
676557142, 677863542, 1306400
677984228, 679434285, 1450057
679560228, 680867771, 1307543
680999314, 683171657, 2172343
683298857, 684646514, 1347657
684766399, 686251085, 1484686
686375999, 687746514, 1370515
687866742, 689322057, 1455315
689447657, 690789828, 1342171
690911085, 692388571, 1477486
692514971, 694933485, 2418514
695214399, 696554057, 1339658
696679771, 697965142, 1285371
698237028, 699616342, 1379314
699737485, 701169828, 1432343
701296685, 702630171, 1333486
702751199, 704177142, 1425943
705281142, 706724456, 1443314
706844685, 708321828, 1477143
708446628, 709777599, 1330971
709897942, 711390971, 1493029
711516571, 712841485, 1324914
712963314, 714423542, 1460228
714550057, 716536571, 1986514
716662399, 717948228, 1285829
718223085, 719557028, 1333943
719683085, 720965942, 1282857
721235885, 722570971, 1335086
722697714, 723976914, 1279200
724247542, 725587085, 1339543
725713256, 728017828, 2304572
728295657, 729639314, 1343657
729760799, 731184114, 1423315
731309942, 732632685, 1322743
732752571, 734035656, 1283085
734302285, 735684799, 1382514
735804114, 737278057, 1473943
737403085, 739812914, 2409829
739934285, 741419771, 1485486
741548914, 742914056, 1365142
743196342, 744532571, 1336229
744659199, 745968571, 1309372
746250628, 747577599, 1326971
747703771, 749206399, 1502628
750264799, 751608799, 1344000
751730171, 753021142, 1290971
753300685, 754644228, 1343543
754764914, 756183771, 1418857
756308571, 757618971, 1310400
757743199, 759027771, 1284572
759294057, 761822971, 2528914
761946628, 763430971, 1484343
763558171, 764867428, 1309257
764988914, 766487314, 1498400
766612914, 767892799, 1279885
768170285, 769543771, 1373486
769669828, 770970056, 1300228
772196914, 773549599, 1352685
773677485, 774971885, 1294400
775244342, 776621028, 1376686
776742742, 778222857, 1480115
778348342, 779685142, 1336800
779815885, 781378057, 1562172
781503314, 783858628, 2355314
783982056, 785471771, 1489715
785597256, 786944456, 1347200
787218857, 788538399, 1319542
788665142, 790327542, 1662400
790454171, 791783999, 1329828
791914742, 794642742, 2728000
794777028, 796315771, 1538743
796441028, 797792114, 1351086
797914514, 799628571, 1714057
799751314, 801203999, 1452685
801329371, 802658285, 1328914
802779199, 804262514, 1483315
804387657, 806675085, 2287428
806796456, 808282742, 1486286
808409485, 809785028, 1375543
809905942, 811392685, 1486743
811519428, 812850514, 1331086
812972456, 814739656, 1767200
814861485, 817574971, 2713486
817711542, 819217599, 1506057
819343199, 820217714, 874515
820341599, 821203199, 861600
821329142, 822199542, 870400
822324685, 823186399, 861714
823311657, 824191657, 880000
824315771, 825033485, 717714
825293599, 827498628, 2205029
829492571, 830891885, 1399314
831014742, 832504799, 1490057
832629257, 833930742, 1301485
834208799, 835543314, 1334515
835668914, 836956228, 1287314
837421714, 838821028, 1399314
839860799, 841404799, 1544000
841536457, 842888685, 1352228
843010056, 844486171, 1476115
844612457, 845914056, 1301599
846191999, 847527542, 1335543
847654399, 848950285, 1295886
849228799, 851238514, 2009715
851364228, 852728228, 1364000
852849828, 854309828, 1460000
854435885, 855785485, 1349600
855906514, 857379999, 1473485
857507199, 858817942, 1310743
858938171, 859834856, 896685
859953371, 862199657, 2246286
862338742, 863247542, 908800
863372114, 864246628, 874514
864370514, 865247199, 876685
865371199, 866245371, 874172
866369142, 868781142, 2412000
868904228, 870385371, 1481143
870510742, 871813256, 1302514
871933828, 873413828, 1480000
873539428, 874895085, 1355657
875016456, 876481828, 1465372
876607428, 878928228, 2320800
879214171, 880562742, 1348571
880687999, 881972571, 1284572
882241942, 883621371, 1379429
883755314, 885254514, 1499200
885378857, 886733714, 1354857
886854056, 889576114, 2722058
889711656, 891207885, 1496229
891334971, 892720228, 1385257
892841371, 894315314, 1473943
894440685, 895776228, 1335543
895898628, 897355085, 1456457
897480914, 898823999, 1343085
898945828, 901375314, 2429486
901501714, 902827542, 1325828
902948342, 904402285, 1453943
904528799, 905840456, 1311657
905961942, 907430857, 1468915
907557257, 908878399, 1321142
909008914, 910524457, 1515543
910649485, 912652114, 2002629
912784799, 914273371, 1488572
914398514, 915785256, 1386742
915908342, 917392685, 1484343
917520799, 918830628, 1309829
918953371, 920409942, 1456571
920537371, 921843771, 1306400
921965714, 924508799, 2543085
924635999, 925952342, 1316343
926227999, 927557714, 1329715
927683428, 928963885, 1280457
929233028, 930568685, 1335657
930694856, 931973599, 1278743
932251199, 933578399, 1327200
933704114, 936242971, 2538857
936369371, 937741828, 1372457
937862399, 939324228, 1461829
939449599, 940793828, 1344229
940915314, 942367999, 1452685
942494285, 943805942, 1311657
943926514, 945386742, 1460228
945513257, 947954399, 2441142
948234628, 949623314, 1388686
949744799, 951227542, 1482743
951352228, 952725599, 1373371
952856228, 954303657, 1447429
954430285, 956512799, 2082514
956643771, 959319657, 2675886
959446742, 960805142, 1358400
960925371, 962396114, 1470743
962521942, 963827314, 1305372
963947314, 965410742, 1463428
965536457, 966890742, 1354285
967010742, 968477257, 1466515
968603771, 970971771, 2368000
971253485, 972603885, 1350400
972729371, 974031314, 1301943
974300114, 975643999, 1343885
975766971, 977213142, 1446171
977337714, 978666285, 1328571
978797599, 980326171, 1528572
981412799, 982757028, 1344229
982878171, 984334285, 1456114
984459428, 985808914, 1349486
985929714, 987389028, 1459314
987516799, 988820571, 1303772
988941942, 990410399, 1468457
990538057, 993029485, 2491428
993307999, 994709256, 1401257
994831314, 996314628, 1483314
996438857, 997809485, 1370628
997930056, 999408914, 1478858
999534514, 857256, -998677258
980342, 2441142, 1460800
2564914, 4834399, 2269485
4956571, 6438857, 1482286
6565142, 7857714, 1292572
7977942, 9434171, 1456229
9558628, 10863999, 1305371
10985142, 12436342, 1451200
12562285, 13863771, 1301486
13985942, 16546971, 2561029
16672914, 17972456, 1299542
18249828, 19628114, 1378286
19748456, 21175085, 1426629
21301142, 22621942, 1320800
22742628, 24166857, 1424229
24293599, 25611999, 1318400
25736456, 28282971, 2546515
28409942, 29786971, 1377029
29907428, 31409142, 1501714
31534514, 32855885, 1321371
32977828, 34429028, 1451200
34555657, 35864571, 1308914
35986514, 37444914, 1458400
38562171, 39888799, 1326628
40010514, 41483885, 1473371
41609142, 42915428, 1306286
43185714, 44511657, 1325943
44638057, 45913485, 1275428
46187314, 47506285, 1318971
47633371, 49846742, 2213371
49977714, 51443999, 1466285
51570857, 52864342, 1293485
52986171, 54460228, 1474057
54586514, 55864456, 1277942
55985599, 57448114, 1462515
57573942, 58865142, 1291200
58986399, 61437828, 2451429
61565828, 62914171, 1348343
63745485, 65336342, 1590857
65460571, 66842285, 1381714
66962285, 68416342, 1454057
68541828, 69852685, 1310857
69973828, 72040342, 2066514
72309714, 73647428, 1337714
73766971, 75238857, 1471886
75362514, 76771542, 1409028
76891314, 78350514, 1459200
78474285, 79816685, 1342400
79936228, 81434971, 1498743
82533942, 83865942, 1332000
83985256, 85460342, 1475086
85585142, 86941485, 1356343
87218628, 88565142, 1346514
88688914, 89972685, 1283771
90240228, 91620228, 1380000
91740571, 93800571, 2060000
93921942, 95419657, 1497715
95549257, 96861142, 1311885
96982171, 98463314, 1481143
98588571, 99873028, 1284457
99992685, 101509942, 1517257
101635199, 102934971, 1299772
104191085, 105594056, 1402971
105718742, 107205599, 1486857
107332342, 108671428, 1339086
108791542, 110265142, 1473600
110390171, 111745256, 1355085
111865828, 113319542, 1453714
113444685, 115461828, 2017143
115588456, 116870514, 1282058
116991885, 118458628, 1466743
118584914, 119913828, 1328914
120034856, 121489371, 1454515
121615085, 122906285, 1291200
123175771, 124545942, 1370171
124672571, 126997256, 2324685
127274514, 128631999, 1357485
128753485, 130184914, 1431429
130312342, 131666171, 1353829
131788914, 133268114, 1479200
133393485, 134773714, 1380229
134894056, 136378514, 1484458
137488914, 138854856, 1365942
138976914, 140450857, 1473943
140577599, 141451885, 874286
141574171, 142432914, 858743
142555085, 143409371, 854286
143534171, 144398171, 864000
144521371, 145385142, 863771
145508228, 146377257, 869029
146501028, 149887428, 3386400
150009714, 151557257, 1547543
151681371, 152979428, 1298057
153258971, 154604571, 1345600
154725485, 156205942, 1480457
156331199, 157669371, 1338172
157789485, 160481942, 2692457
160618171, 161975085, 1356914
162253942, 163614056, 1360114
163734971, 165446399, 1711428
165574399, 166880914, 1306515
167001828, 168519657, 1517829
168644914, 169954742, 1309828
170242971, 172565714, 2322743
172693714, 173996914, 1303200
174272914, 175610856, 1337942
175735771, 177178742, 1442971
177308685, 178711199, 1402514
178833714, 180318171, 1484457
180450628, 181817142, 1366514
182907428, 184458742, 1551314
184591428, 185931885, 1340457
186214399, 187564114, 1349715
187690742, 189005714, 1314972
189280228, 190632457, 1352229
190754056, 192196571, 1442515
192323999, 194611428, 2287429
194733714, 196201942, 1468228
196327428, 197660342, 1332914
197780799, 199262057, 1481258
199386971, 200760685, 1373714
200880571, 202344799, 1464228
202469257, 205404799, 2935542
205539085, 206917599, 1378514
207193714, 208560571, 1366857
208686856, 209975085, 1288229
210245257, 211582171, 1336914
211706628, 212993028, 1286400
213270285, 214611657, 1341372
214735771, 217003542, 2267771
217286514, 218658171, 1371657
218789142, 219714171, 925029
219832571, 221460685, 1628114
221588228, 222893485, 1305257
223014628, 224499314, 1484686
224625942, 225918628, 1292686
226204571, 228511771, 2307200
228638742, 229940228, 1301486
230224457, 230955314, 730857
231212228, 231939428, 727200
232202399, 232932114, 729715
233190742, 235384571, 2193829
235512571, 236842514, 1329943
236974285, 239491085, 2516800
239620342, 240913599, 1293257
241182285, 242507428, 1325143
242634628, 243935542, 1300914
244214399, 245540571, 1326172
245667199, 246956914, 1289715
247235199, 248565028, 1329829
248692114, 251249714, 2557600
251377371, 252746514, 1369143
252868342, 254325485, 1457143
254451199, 255806856, 1355657
255929256, 257411657, 1482401
257539428, 258854514, 1315086
258976914, 260490399, 1513485
261554057, 262487542, 933485
262614171, 263485714, 871543
263612228, 265359314, 1747086
265492914, 266883999, 1391085
267004114, 268490171, 1486057
268615885, 269906742, 1290857
270178857, 271515885, 1337028
271641371, 272954856, 1313485
273236685, 275502628, 2265943
275634971, 276918171, 1283200
277209942, 278555771, 1345829
278681828, 279974742, 1292914
280257599, 281593256, 1335657
281719199, 283166742, 1447543
283294514, 284633485, 1338971
284754285, 287022171, 2267886
287300571, 288652914, 1352343
288775314, 290284114, 1508800
290411999, 291796571, 1384572
292614742, 294234742, 1620000
294360571, 295774971, 1414400
295895885, 297916799, 2020914
298206742, 298934971, 728229
299189257, 299919656, 730399
300185828, 300914971, 729143
301167428, 301900914, 733486
302018399, 304261257, 2242858
304395771, 305771885, 1376114
305891885, 307013942, 1122057
308425028, 309732456, 1307428
309854971, 310959199, 1104228
311427771, 312871885, 1444114
312993142, 314473828, 1480686
314599885, 315949714, 1349829
316231314, 317619542, 1388228
317741142, 320186057, 2444915
320314857, 321741599, 1426742
321862399, 323324685, 1462286
323450285, 324772685, 1322400
324894514, 326373828, 1479314
326500114, 327812799, 1312685
327934171, 330882628, 2948457
331017142, 332542857, 1525715
332669371, 333964456, 1295085
334245371, 335642285, 1396914
335770514, 337270171, 1499657
337395999, 338761142, 1365143
338882171, 340351199, 1469028
340476914, 342752342, 2275428
342874399, 344350742, 1476343
344475542, 345838742, 1363200
345960228, 347431999, 1471771
347557942, 348895314, 1337372
349016342, 350478742, 1462400
350602742, 351890742, 1288000
352011428, 354591428, 2580000
354717828, 356165714, 1447886
356291999, 357720228, 1428229
357841942, 359290514, 1448572
359415428, 360787999, 1372571
360910856, 362366628, 1455772
362492342, 363807428, 1315086
364898971, 366400914, 1501943
366528114, 367856114, 1328000
367977256, 369453142, 1475886
369578857, 370863199, 1284342
370984114, 372456114, 1472000
372581371, 373871085, 1289714
373991771, 376497485, 2505714
376624914, 377944914, 1320000
378226742, 379564228, 1337486
379690399, 381034971, 1344572
381301485, 382721599, 1420114
382842742, 384289828, 1447086
384415314, 385763771, 1348457
386838628, 388366399, 1527771
388494742, 389884685, 1389943
390006171, 391496571, 1490400
391623542, 392924228, 1300686
393218399, 394555999, 1337600
394681714, 396002628, 1320914
396276571, 398566399, 2289828
398692799, 400193257, 1500458
400317599, 401648114, 1330515
401768799, 403247542, 1478743
403372342, 404736914, 1364572
404858285, 406350628, 1492343
406475771, 407822056, 1346285
407942971, 410485942, 2542971
410613599, 411931085, 1317486
412217599, 413576228, 1358629
413702399, 415005599, 1303200
415280685, 416632571, 1351886
416754171, 418177942, 1423771
418304685, 419727542, 1422857
420824914, 422366399, 1541485
422491885, 423859428, 1367543
423980571, 425492914, 1512343
425618285, 426960228, 1341943
427236571, 428864799, 1628228
428988914, 430484914, 1496000
430610857, 432963314, 2352457
433245599, 433991885, 746286
434249257, 434986285, 737028
435242171, 437021828, 1779657
437293828, 438646628, 1352800
438769142, 440248799, 1479657
440374057, 441736914, 1362857
441857714, 443307542, 1449828
443432799, 444803085, 1370286
444924799, 446933599, 2008800
447205828, 448590971, 1385143
448724228, 450165142, 1440914
450291657, 451630285, 1338628
451749599, 453185371, 1435772
453311085, 454645942, 1334857
454766171, 456210971, 1444800
456335885, 458780685, 2444800
458902056, 460391428, 1489372
460517828, 461829942, 1312114
461951999, 463423999, 1472000
463550399, 464874171, 1323772
464995085, 466498971, 1503886
466623771, 467911656, 1287885
469010399, 470502057, 1491658
470627542, 471909028, 1281486
472194399, 473576685, 1382286
473699885, 474987999, 1288114
475273028, 476650285, 1377257
476770285, 478253142, 1482857
478378285, 480831199, 2452914
480954285, 482443542, 1489257
482570514, 483863085, 1292571
483983656, 485453599, 1469943
485580114, 486887999, 1307885
487010742, 488490171, 1479429
488616342, 489895656, 1279314
490167771, 492588228, 2420457
492715885, 494162971, 1447086
494290514, 495723428, 1432914
495848456, 497318857, 1470401
497444228, 498808571, 1364343
498930056, 499812571, 882515
499931199, 500816685, 885486
500937599, 501823428, 885829
502925256, 503862285, 937029
503984228, 506234285, 2250057
506359314, 507758628, 1399314
507890628, 509375771, 1485143
509502857, 510834742, 1331885
510958171, 512451999, 1493828
512579999, 513874971, 1294972
513997714, 516455199, 2457485
516584799, 517942285, 1357486
518227999, 519580685, 1352686
519707999, 521006399, 1298400
521783085, 523390514, 1607429
523516685, 524852914, 1336229
524976685, 527187085, 2210400
527315085, 528654514, 1339429
528775885, 530262057, 1486172
530387314, 531743542, 1356228
531865142, 533326514, 1461372
533452228, 534808571, 1356343
534930056, 536401142, 1471086
536527771, 538975999, 2448228
539262971, 540658399, 1395428
540778856, 542263542, 1484686
542389028, 543769942, 1380914
543890285, 545389828, 1499543
545516228, 546873028, 1356800
546994399, 549604114, 2609715
549739999, 551275885, 1535886
551402399, 552782171, 1379772
552903771, 554376685, 1472914
554503657, 555832456, 1328799
555954856, 557427314, 1472458
557554057, 558871428, 1317371
558993599, 561576457, 2582858
561710285, 563266285, 1556000
563393028, 564771656, 1378628
564892228, 566393599, 1501371
566520685, 567839885, 1319200
567962056, 569431657, 1469601
569558971, 570872228, 1313257
570994171, 573430971, 2436800
573558285, 574911999, 1353714
575033828, 576515542, 1481714
576641257, 577924685, 1283428
578203428, 579545257, 1341829
579671999, 580965142, 1293143
581237714, 582627542, 1389828
582750971, 585376457, 2625486
585504342, 586830056, 1325714
586952571, 588974171, 2021600
589262628, 590620457, 1357829
590743199, 592185371, 1442172
592312228, 593742171, 1429943
593863999, 596181599, 2317600
596309371, 597646971, 1337600
597768342, 599215314, 1446972
599341257, 600688799, 1347542
600808685, 602286285, 1477600
602411542, 603764685, 1353143
603885256, 605368457, 1483201
605495085, 607928685, 2433600
608213942, 609563885, 1349943
609689828, 611042971, 1353143
611316457, 612648799, 1332342
612769942, 614263771, 1493829
614388571, 615748914, 1360343
615870056, 617331085, 1461029
618427885, 619817142, 1389257
619947314, 621488685, 1541371
621614514, 622979885, 1365371
623258514, 624602399, 1343885
624728799, 626022056, 1293257
626290057, 627633256, 1343199
627754171, 630183314, 2429143
630311314, 631707771, 1396457
631831314, 633325714, 1494400
633450514, 634802971, 1352457
634923999, 636407657, 1483658
636534171, 637842742, 1308571
637965028, 639435085, 1470057
639560799, 642013942, 2453143
642291771, 643639199, 1347428
643760114, 645258628, 1498514
645384228, 646255999, 871771
646378971, 647239542, 860571
647362057, 648921714, 1559657
649215428, 650592114, 1376686
650718056, 653296114, 2578058
653424228, 654767771, 1343543
654888799, 656359657, 1470858
656484342, 657838514, 1354172
657959885, 659463657, 1503772
659589371, 660884685, 1295314
661006285, 662479999, 1473714
662605142, 664973371, 2368229
665248457, 666633942, 1385485
666754742, 668237371, 1482629
668362171, 669717142, 1354971
669838285, 671311542, 1473257
671436799, 672806971, 1370172
672929028, 674408228, 1479200
675487771, 676857142, 1369371
676978856, 678454971, 1476115
678583999, 679955428, 1371429
680240114, 681587314, 1347200
681712114, 683163085, 1450971
683289371, 684621485, 1332114
684742628, 686988228, 2245600
687279885, 688689371, 1409486
688813599, 690320457, 1506858
690446742, 691811428, 1364686
691932914, 693404685, 1471771
693532457, 694854399, 1321942
694976799, 696439542, 1462743
697545142, 698947771, 1402629
699231999, 699979771, 747772
700237714, 700969714, 732000
701233828, 702831999, 1598171
702963428, 704528114, 1564686
704654285, 705528228, 873943
705649828, 706514971, 865143
706636914, 709259657, 2622743
709397599, 710815085, 1417486
710936799, 712437942, 1501143
712565257, 713904685, 1339428
714025714, 715510857, 1485143
715636456, 716971771, 1335315
717247771, 718640114, 1392343
718761828, 721010056, 2248228
721282514, 722673028, 1390514
722791999, 724273028, 1481029
724397714, 725782856, 1385142
725903771, 727377828, 1474057
727503999, 728823999, 1320000
728946742, 730423999, 1477257
730550971, 733007771, 2456800
733285142, 734638285, 1353143
734758856, 736265485, 1506629
736391771, 737779885, 1388114
737901942, 739376571, 1474629
739503657, 740818742, 1315085
740940342, 742419771, 1479429
743517028, 744933028, 1416000
745211771, 746546514, 1334743
746672457, 747963314, 1290857
748244571, 749631085, 1386514
749752914, 751251085, 1498171
751378399, 752743771, 1365372
754738856, 756348571, 1609715
756474399, 757816914, 1342515
757937371, 759413599, 1476228
759539771, 760860228, 1320457
760982856, 762492228, 1509372
762618171, 764319885, 1701714
764448342, 766902628, 2454286
767180457, 768528914, 1348457
768654742, 769935085, 1280343
770218742, 771612799, 1394057
771737942, 773179314, 1441372
773307657, 774651885, 1344228
774772685, 777492342, 2719657
777627085, 778984228, 1357143
779261257, 780007885, 746628
780267199, 781001142, 733943
781255428, 781990971, 735543
782245942, 784203771, 1957829
784339199, 785739199, 1400000
785859771, 787323657, 1463886
787449257, 789909828, 2460571
790182628, 791654399, 1471771
791784571, 793278742, 1494171
793403542, 794762742, 1359200
794884571, 796352114, 1467543
796478171, 797788456, 1310285
797909256, 800583314, 2674058
800718742, 802265828, 1547086
802392342, 803778285, 1385943
803899199, 805359314, 1460115
805484685, 806807656, 1322971
806929828, 808398628, 1468800
808525714, 809846742, 1321028
809969714, 812394514, 2424800
812523085, 813860685, 1337600
813981828, 815717828, 1736000
815849256, 817332457, 1483201
817458857, 818800685, 1341828
818921942, 820637371, 1715429
820760456, 823521371, 2760915
823655999, 825013828, 1357829
825309028, 826736799, 1427771
826857256, 828315771, 1458515
828440799, 829780685, 1339886
829911314, 831432114, 1520800
831557599, 832897714, 1340115
833018971, 835491314, 2472343
835620228, 836928571, 1308343
837210285, 838560114, 1349829
838686171, 839981028, 1294857
840260342, 841646171, 1385829
841767656, 843255314, 1487658
843381257, 844738971, 1357714
844860571, 847437942, 2577371
847566628, 848894399, 1327771
849015656, 850495657, 1480001
850622628, 851913599, 1290971
852035314, 853515885, 1480571
853643314, 854932799, 1289485
855211885, 856545371, 1333486
856672457, 859208457, 2536000
859337371, 860215771, 878400
860338399, 861201599, 863200
861323314, 862186285, 862971
862309371, 863166742, 857371
863289942, 864014171, 724229
864269485, 864995656, 726171
865261599, 865986971, 725372
866244457, 868840342, 2595885
868977599, 870516914, 1539315
870643885, 872003314, 1359429
872279657, 873623656, 1343999
873745371, 875035999, 1290628
875303885, 876635085, 1331200
877732914, 879267199, 1534285
879393942, 880760342, 1366400
880881828, 882348228, 1466400
882474742, 883794056, 1319314
883923885, 885420799, 1496914
885547885, 886864228, 1316343
886985942, 889519657, 2533715
889647999, 890955314, 1307315
891234628, 892568685, 1334057
892694742, 893979771, 1285029
894250857, 895596571, 1345714
895723542, 897169714, 1446172
897296685, 898628342, 1331657
898750514, 900191428, 1440914
900316114, 901641028, 1324914
901762056, 903252571, 1490515
903377828, 904759885, 1382057
904882514, 906334171, 1451657
906458971, 907808571, 1349600
907929599, 909409714, 1480115
909536571, 912183199, 2646628
912320114, 913778056, 1457942
913898742, 915378171, 1479429
915505942, 916861828, 1355886
916982399, 918468114, 1485715
918597599, 919901828, 1304229
920021828, 921503542, 1481714
921629714, 923808456, 2178742
923930742, 925403771, 1473029
925530857, 926842628, 1311771
926964685, 928429714, 1465029
928558399, 929865142, 1306743
929987656, 931455542, 1467886
931583085, 932880342, 1297257
933001028, 935560799, 2559771
935688799, 936989142, 1300343
937260571, 938604342, 1343771
938727999, 939586285, 858286
939703656, 940561942, 858286
940680457, 941534857, 854400
941658399, 943615999, 1957600
943741828, 946439428, 2697600
946573257, 947986171, 1412914
948264228, 949613256, 1349028
949737942, 951024228, 1286286
951293942, 952681828, 1387886
952802514, 954282857, 1480343
954408228, 955793371, 1385143
955914399, 958689142, 2774743
958812456, 960323085, 1510629
960448114, 961812228, 1364114
961933256, 963419314, 1486058
963545828, 964902971, 1357143
965023656, 966500114, 1476458
966627542, 969251999, 2624457
969389828, 970823314, 1433486
970945485, 972439542, 1494057
972566742, 973863771, 1297029
973986171, 975465485, 1479314
975590971, 976892914, 1301943
977014628, 978486971, 1472343
978613028, 979916114, 1303086
980195542, 982655085, 2459543
983529942, 984944685, 1414743
985231199, 986591657, 1360458
986716914, 988006856, 1289942
988277371, 989659085, 1381714
989780685, 991262514, 1481829
991388685, 993834856, 2446171
993958171, 995447771, 1489600
995574857, 996939771, 1364914
997218742, 998601028, 1382286
998724228, 169828, -998554400
296914, 1636914, 1340000
1755542, 4443542, 2688000
4577371, 5937714, 1360343
6221142, 7575085, 1353943
7699428, 8990285, 1290857
9258399, 10593599, 1335200
10718628, 12160228, 1441600
12286514, 13619428, 1332914
13739656, 16196228, 2456572
16322628, 17671656, 1349028
17791771, 19280228, 1488457
19410285, 20761942, 1351657
20881028, 22001828, 1120800
22442857, 23816685, 1373828
23936799, 25427657, 1490858
25553371, 28018856, 2465485
28294971, 29640914, 1345943
29762171, 31198399, 1436228
31324342, 32736114, 1411772
32856571, 34308457, 1451886
34433028, 35796799, 1363771
35916456, 37400342, 1483886
38499314, 39845828, 1346514
39965371, 41434971, 1469600
41560685, 42856456, 1295771
42978399, 44446514, 1468115
44571999, 45911085, 1339086
46032914, 47535085, 1502171
47661256, 50163085, 2501829
50291542, 51644685, 1353143
51765485, 53247771, 1482286
53372685, 54736342, 1363657
54856456, 56310857, 1454401
56435657, 57796685, 1361028
57916571, 59397257, 1480686
59523314, 60881028, 1357714
61001485, 62507428, 1505943
62632457, 63985599, 1353142
64257714, 65636799, 1379085
65757942, 67239542, 1481600
67363542, 69761714, 2398172
69883085, 71362057, 1478972
71487771, 72835885, 1348114
72956114, 74434057, 1477943
74561371, 75851314, 1289943
75972342, 77435999, 1463657
77561142, 78915428, 1354286
79993256, 81481599, 1488343
81606628, 82928228, 1321600
83212457, 84558628, 1346171
84682628, 85990399, 1307771
86265828, 87635085, 1369257
87759085, 89207314, 1448229
89332571, 91714056, 2381485
91835542, 93301828, 1466286
93427085, 94788799, 1361714
94908914, 96391199, 1482285
96516685, 97835085, 1318400
97956114, 99438514, 1482400
99568228, 100892685, 1324457
101012342, 103583199, 2570857
103708228, 105006628, 1298400
105275542, 106611085, 1335543
106731771, 108217485, 1485714
108342285, 109744799, 1402514
109864799, 111310171, 1445372
111434514, 112807199, 1372685
113899199, 115399428, 1500229
115525142, 116852342, 1327200
116981599, 118441371, 1459772
118567314, 119882285, 1314971
120002399, 121482628, 1480229
121609256, 122911885, 1302629
123182628, 125560685, 2378057
125686856, 126996342, 1309486
127266857, 128602514, 1335657
128726056, 130165942, 1439886
130293485, 131636228, 1342743
131757942, 133246285, 1488343
133372228, 134709599, 1337371
134830971, 137387085, 2556114
137514857, 138827199, 1312342
138958628, 140470057, 1511429
140595314, 141886285, 1290971
142005942, 143477714, 1471772
143603199, 144477142, 873943
144599428, 145469599, 870171
145592456, 146458399, 865943
146581371, 148687999, 2106628
148809714, 149689714, 880000
149807314, 151937599, 2130285
152227657, 153665942, 1438285
153785942, 155280914, 1494972
155406285, 156786399, 1380114
156906971, 158394857, 1487886
158521485, 159851999, 1330514
159974514, 162679314, 2704800
162813028, 164320228, 1507200
164445485, 165805371, 1359886
165925942, 167412685, 1486743
167538742, 168858742, 1320000
168987656, 170469142, 1481486
170595199, 171910856, 1315657
172198514, 174502628, 2304114
174630171, 175932571, 1302400
176212914, 177557714, 1344800
177683428, 178964114, 1280686
179234399, 180565714, 1331315
180691314, 181987999, 1296685
182259999, 183610971, 1350972
183736799, 186278057, 2541258
186405028, 187804228, 1399200
187925028, 189398514, 1473486
189524457, 190830285, 1305828
190960228, 192497028, 1536800
192623428, 193941256, 1317828
194223771, 195573714, 1349943
196652114, 197992914, 1340800
198266742, 199618514, 1351772
199742628, 201217599, 1474971
201344114, 202748685, 1404571
202870285, 204337028, 1466743
204462742, 205789942, 1327200
205911314, 208332571, 2421257
208461028, 209824685, 1363657
209946514, 211459199, 1512685
211585942, 212885599, 1299657
213006856, 214491428, 1484572
214617599, 215915085, 1297486
216195999, 217580685, 1384686
217706628, 220319771, 2613143
220955885, 222510285, 1554400
222636799, 224000342, 1363543
224275771, 225016914, 741143
225273942, 226925142, 1651200
227200114, 228582628, 1382514
228708228, 230959771, 2251543
231230514, 232567085, 1336571
232691999, 233998171, 1306172
234269714, 235606628, 1336914
235732914, 237162742, 1429828
237289485, 238632571, 1343086
238753142, 240182628, 1429486
240309828, 242636571, 2326743
242758171, 244249257, 1491086
244373828, 245738056, 1364228
245858171, 247325142, 1466971
247450171, 248789142, 1338971
248909828, 250386057, 1476229
250512342, 251830514, 1318172
252925371, 254441371, 1516000
254566857, 255867999, 1301142
255987999, 257479428, 1491429
257612228, 258913256, 1301028
259194628, 260534171, 1339543
260659999, 261966628, 1306629
262240228, 264636114, 2395886
264757028, 266257028, 1500000
266382742, 267715085, 1332343
267844799, 268768456, 923657
269458171, 270862971, 1404800
270983428, 272465485, 1482057
272591199, 273888228, 1297029
274981714, 276480342, 1498628
276606742, 277898742, 1292000
278018742, 279483999, 1465257
279609142, 280932456, 1323314
281215657, 282549714, 1334057
282675428, 283966171, 1290743
284246857, 286339657, 2092800
286465257, 288186514, 1721257
288314971, 289653485, 1338514
289773714, 291231885, 1458171
291357142, 292731771, 1374629
292853142, 294306742, 1453600
294432228, 296433599, 2001371
296566742, 298679999, 2113257
298800342, 299676228, 875886
299794285, 300881371, 1087086
301002399, 301884114, 881715
302001142, 302872799, 871657
302989599, 303866628, 877029
303983999, 304854285, 870286
304971314, 308639885, 3668571
308774399, 310315999, 1541600
310441942, 311821714, 1379772
311941485, 313418399, 1476914
313545371, 314855085, 1309714
314985485, 316495428, 1509943
316621828, 317977485, 1355657
318252228, 320580228, 2328000
320706628, 322018742, 1312114
322291314, 323651885, 1360571
323773256, 325258285, 1485029
325386857, 327004114, 1617257
327281371, 328639199, 1357828
328762399, 331475885, 2713486
331610171, 332971771, 1361600
333255542, 334617714, 1362172
334738628, 336036228, 1297600
336301942, 337631542, 1329600
337752456, 339242057, 1489601
339366857, 340738285, 1371428
340858628, 342848342, 1989714
342985371, 344460228, 1474857
344587085, 345882856, 1295771
346004342, 347465714, 1461372
347591771, 348882171, 1290400
349003656, 350477942, 1474286
350605257, 351889714, 1284457
352010742, 354439771, 2429029
354567999, 355880114, 1312115
356000456, 357471999, 1471543
357597028, 358898171, 1301143
359019199, 360499085, 1479886
360623657, 361912342, 1288685
362197257, 363526285, 1329028
363651771, 366203885, 2552114
366331314, 367673942, 1342628
367793942, 369272114, 1478172
369397257, 370777028, 1379771
370898285, 372381942, 1483657
372507885, 373826856, 1318971
373949828, 375429485, 1479657
376511428, 377831999, 1320571
377954971, 379435657, 1480686
379565714, 380966171, 1400457
381238171, 382590171, 1352000
382716685, 384212799, 1496114
384338742, 385747885, 1409143
385869485, 387861371, 1991886
387982856, 389469714, 1486858
389596685, 390887771, 1291086
391009599, 392479199, 1469600
392605257, 393886399, 1281142
394007999, 395480342, 1472343
395606742, 396956799, 1350057
397238057, 399571999, 2333942
399698514, 401163428, 1464914
401291199, 402615314, 1324115
402735999, 404181485, 1445486
404307657, 405648914, 1341257
405769256, 407211428, 1442172
407336228, 408677599, 1341371
408798171, 411373714, 2575543
411501485, 412821714, 1320229
412951542, 414443657, 1492115
414571428, 415883199, 1311771
416004914, 417471657, 1466743
417597371, 418895428, 1298057
419165714, 420487771, 1322057
420618171, 423207885, 2589714
423335542, 424630171, 1294629
424759085, 426292457, 1533372
426418399, 427803885, 1385486
427924914, 429402628, 1477714
429530057, 430866171, 1336114
430989028, 433389371, 2400343
433532685, 434896342, 1363657
435018056, 436493371, 1475315
436621028, 437496457, 875429
437621485, 438501371, 879886
438626628, 440386971, 1760343
440521942, 441854171, 1332229
441975885, 444675428, 2699543
444810742, 446311314, 1500572
446438057, 447816799, 1378742
447937828, 449443542, 1505714
450302171, 451732114, 1429943
451853028, 453324457, 1471429
453450285, 455976685, 2526400
456265714, 457034399, 768685
457721371, 459274628, 1553257
459400799, 460287999, 887200
460410857, 461275771, 864914
461398742, 462256342, 857600
462379314, 463240342, 861028
463363314, 464224571, 861257
464347657, 466594285, 2246628
466722514, 469182742, 2460228
469311314, 470737714, 1426400
470858171, 472364457, 1506286
472490057, 473828114, 1338057
473950171, 475425714, 1475543
475552228, 476856228, 1304000
476977599, 478436914, 1459315
478563428, 480891542, 2328114
481015428, 482511428, 1496000
482637828, 483922285, 1284457
484205942, 485536799, 1330857
485662285, 486952571, 1290286
487231885, 488619657, 1387772
488740456, 491393257, 2652801
491528457, 492899314, 1370857
493170971, 494527428, 1356457
494653599, 495938856, 1285257
496220685, 497614971, 1394286
497749028, 499251999, 1502971
499376228, 500738856, 1362628
500858628, 503304799, 2446171
503432342, 504808114, 1375772
504929371, 506424457, 1495086
506554399, 507865028, 1310629
507995542, 509503199, 1507657
509629256, 510985142, 1355886
511262628, 513756456, 2493828
513891999, 515418628, 1526629
515545257, 516868685, 1323428
516990628, 518460228, 1469600
518586742, 519902285, 1315543
520024799, 521507428, 1482629
521633599, 522926628, 1293029
523048456, 525481714, 2433258
525608685, 526921714, 1313029
527201714, 528579542, 1377828
528705371, 529993828, 1288457
530266399, 531601942, 1335543
531727542, 533017485, 1289943
533283428, 534620685, 1337257
534741028, 536716228, 1975200
536837942, 538306742, 1468800
538431657, 539820799, 1389142
539941942, 541433371, 1491429
541560342, 542860342, 1300000
542982399, 544447542, 1465143
544573485, 545865485, 1292000
545987314, 548491085, 2503771
548618057, 549915428, 1297371
550037142, 551509828, 1472686
551635085, 552980228, 1345143
553254857, 554601714, 1346857
554727314, 556020799, 1293485
556287771, 557625028, 1337257
557746399, 560304571, 2558172
560432114, 561802056, 1369942
561923314, 563407199, 1483885
563534628, 564844114, 1309486
564966628, 566429028, 1462400
566556114, 567867314, 1311200
567988799, 568863542, 874743
568979999, 571037256, 2057257
571315657, 572225142, 909485
572349257, 573227885, 878628
573351428, 574232799, 881371
574355199, 576578514, 2223315
576703885, 578171999, 1468114
578299885, 579681599, 1381714
579802628, 581286171, 1483543
581412571, 582814285, 1401714
582935542, 584442285, 1506743
584568457, 586904228, 2335771
587187999, 589316571, 2128572
589443885, 590825485, 1381600
590947771, 592456342, 1508571
592584457, 593901028, 1316571
594023999, 595495885, 1471886
595622399, 597888456, 2266057
598010514, 599511657, 1501143
599639428, 600941714, 1302286
601216914, 602547314, 1330400
602671657, 603958514, 1286857
604235085, 605573942, 1338857
605699314, 606992456, 1293142
607261371, 609687999, 2426628
609809599, 611303314, 1493715
611428228, 612771542, 1343314
612891885, 614357599, 1465714
614483199, 615806971, 1323772
615927542, 617387199, 1459657
617511999, 618887428, 1375429
619991428, 621496342, 1504914
621622171, 622912914, 1290743
623186742, 624562285, 1375543
624687771, 626039085, 1351314
626305142, 627714056, 1408914
627833599, 629306628, 1473029
629431542, 631840914, 2409372
631965142, 633490399, 1525257
633617371, 634934628, 1317257
635227199, 636570742, 1343543
636697028, 638000571, 1303543
638277714, 639603999, 1326285
639728799, 641215542, 1486743
642252342, 643620456, 1368114
643743314, 645242742, 1499428
645368685, 646736228, 1367543
646858971, 648296571, 1437600
648422514, 649824914, 1402400
649946171, 651405371, 1459200
651532457, 653898514, 2366057
654021714, 655568799, 1547085
655701371, 657020228, 1318857
657293371, 658643199, 1349828
658764456, 660254514, 1490058
660379771, 661767085, 1387314
661887885, 664571999, 2684114
664708456, 666249028, 1540572
666375771, 667779314, 1403543
667900685, 669626628, 1725943
669755885, 671265028, 1509143
671391771, 672749256, 1357485
672871428, 674350628, 1479200
674477142, 676929599, 2452457
677213828, 678556457, 1342629
678683999, 679973599, 1289600
680756799, 682351542, 1594743
682477257, 683800571, 1323314
683922399, 685396342, 1473943
685523314, 687880342, 2357028
688003314, 689503771, 1500457
689628799, 690911542, 1282743
691186742, 692521142, 1334400
692647428, 693946856, 1299428
694225028, 695582628, 1357600
695707771, 697209028, 1501257
698303999, 699666399, 1362400
699786514, 701279428, 1492914
701403885, 702771314, 1367429
702891199, 704364457, 1473258
704489142, 705816342, 1327200
705936342, 707407428, 1471086
707533599, 709945599, 2412000
710226171, 711620342, 1394171
711742056, 713175771, 1433715
713302285, 714625828, 1323543
714748114, 716193257, 1445143
716318857, 717649942, 1331085
717771199, 719212114, 1440915
719339542, 721776114, 2436572
721898628, 723384571, 1485943
723511771, 724827428, 1315657
724949256, 726661028, 1711772
726784799, 728289028, 1504229
728414742, 729798285, 1383543
729919428, 732612914, 2693486
732748114, 734290971, 1542857
734416571, 735790056, 1373485
735910628, 737407657, 1497029
737533599, 738849256, 1315657
738969828, 740430399, 1460571
740555657, 741853371, 1297714
741974171, 744394399, 2420228
744522628, 745856114, 1333486
745976571, 747458514, 1481943
747585485, 748912456, 1326971
749204457, 750553371, 1348914
750680342, 751984114, 1303772
752258628, 753591999, 1333371
753718171, 756297714, 2579543
756425142, 757820685, 1395543
757941599, 759413485, 1471886
759540571, 760874399, 1333828
760998514, 762471428, 1472914
762597714, 763894856, 1297142
764173257, 765491314, 1318057
766598971, 767989828, 1390857
768266057, 769606285, 1340228
769732685, 771176114, 1443429
771303771, 772638285, 1334514
772759885, 774240799, 1480914
774367199, 775774171, 1406972
775895428, 777883199, 1987771
778004571, 778892571, 888000
779009028, 780878628, 1869600
780998856, 782477714, 1478858
782603085, 783896342, 1293257
784017256, 785487428, 1470172
785613256, 786970514, 1357258
787239885, 789665485, 2425600
789786856, 791281257, 1494401
791405714, 792779999, 1374285
792900914, 794650971, 1750057
794771314, 796257828, 1486514
796386057, 797740456, 1354399
797861942, 800596457, 2734515
800732799, 802278285, 1545486
802403771, 803793942, 1390171
803914514, 805417142, 1502628
805546285, 806876342, 1330057
806997256, 808462628, 1465372
808590057, 809886514, 1296457
810008228, 812001485, 1993257
812278057, 813616571, 1338514
813737142, 815194514, 1457372
815320228, 816651885, 1331657
816771656, 818466171, 1694515
818592228, 819888685, 1296457
820009256, 821489028, 1479772
821614514, 824235885, 2621371
824362971, 825751771, 1388800
825871771, 827338971, 1467200
827464228, 828847656, 1383428
828967771, 830469371, 1501600
830594742, 831894514, 1299772
832015199, 833491428, 1476229
834603657, 835957828, 1354171
836233828, 837580571, 1346743
837706056, 838999542, 1293486
839266971, 840610971, 1344000
840735885, 842165828, 1429943
842292914, 843621714, 1328800
843744571, 846263314, 2518743
846391657, 847752571, 1360914
847873371, 849348228, 1474857
849474857, 850797256, 1322399
850927542, 852415314, 1487772
852542171, 853850742, 1308571
853973256, 855440114, 1466858
855566628, 858164114, 2597486
858293142, 859675542, 1382400
859795885, 861277599, 1481714
861403885, 862778856, 1374971
862900114, 864371771, 1471657
864498742, 865860456, 1361714
865981942, 867480571, 1498629
867606285, 869963314, 2357029
870248228, 871599199, 1350971
871723428, 873034514, 1311086
873302285, 874643771, 1341486
874764228, 876251428, 1487200
876376228, 877746971, 1370743
877867428, 879327542, 1460114
880437142, 881806171, 1369029
881927314, 883417599, 1490285
883544114, 884870056, 1325942
884990171, 886454742, 1464571
886581028, 887883199, 1302171
888004114, 889490399, 1486285
889616799, 891877028, 2260229
892001828, 893506171, 1504343
893633028, 894988685, 1355657
895267999, 896605942, 1337943
896728228, 898021142, 1292914
898295085, 899633599, 1338514
899756571, 901188571, 1432000
901316114, 903717256, 2401142
903841028, 905292914, 1451886
905420342, 906809485, 1389143
906930628, 908408685, 1478057
908536114, 909868114, 1332000
909989714, 911466514, 1476800
911593828, 912930056, 1336228
914742628, 916355428, 1612800
916481257, 917820685, 1339428
917942742, 919411999, 1469257
919538514, 920860914, 1322400
920983428, 922443085, 1459657
922569599, 923866399, 1296800
924922399, 926396228, 1473829
926524799, 927845371, 1320572
927968114, 929439771, 1471657
929566971, 930865371, 1298400
930986399, 932450399, 1464000
932577257, 933870971, 1293714
933992914, 936585142, 2592228
936720685, 938213485, 1492800
938338628, 939227771, 889143
939349142, 940213371, 864229
940335199, 942261599, 1926400
942387428, 943249142, 861714
943371999, 944231999, 860000
944354971, 945974171, 1619200
946263314, 948299657, 2036343
948424114, 949799314, 1375200
949919885, 951397485, 1477600
951523199, 952835199, 1312000
952956456, 954418857, 1462401
954545142, 955873371, 1328229
955993028, 957484685, 1491657
958886285, 960475771, 1589486
960601942, 961898285, 1296343
962176685, 963506857, 1330172
963631656, 964922514, 1290858
965197257, 966525828, 1328571
966652342, 967940914, 1288572
968217028, 970524685, 2307657
970653828, 971957714, 1303886
972232228, 973574857, 1342629
973700685, 974998628, 1297943
975275657, 976610057, 1334400
976733828, 978230057, 1496229
978354742, 979740228, 1385486
979861256, 982441485, 2580229
982569028, 983874742, 1305714
983994742, 985503428, 1508686
985629599, 986976799, 1347200
987251999, 988639771, 1387772
988760685, 990205371, 1444686
990331314, 991698856, 1367542
992790628, 994320114, 1529486
994446285, 995815199, 1368914
995936228, 997405942, 1469714
997532571, 998850171, 1317600
998972914, 445828, -998527086
573485, 1883542, 1310057
2003542, 3998285, 1994743
4265257, 5609142, 1343885
5728228, 7221599, 1493371
7344914, 8733371, 1388457
8853942, 10294171, 1440229
10418285, 11798971, 1380686
11918171, 13398399, 1480228
13524228, 15793485, 2269257
15914628, 17402742, 1488114
17529599, 18840799, 1311200
18960685, 20425142, 1464457
20549371, 21881371, 1332000
22000114, 23476342, 1476228
23600914, 25867428, 2266514
25997828, 27481828, 1484000
27606971, 28911999, 1305028
29031428, 30501942, 1470514
30627314, 31913714, 1286400
32196457, 33576457, 1380000
33701142, 34993256, 1292114
35260914, 37578742, 2317828
37704571, 39218628, 1514057
39342971, 40746056, 1403085
40866171, 42323085, 1456914
42447314, 43804685, 1357371
43925371, 45414057, 1488686
45539314, 46850742, 1311428
47898514, 49415771, 1517257
49541142, 50855199, 1314057
50975428, 52430399, 1454971
52556685, 53866971, 1310286
53988114, 55488228, 1500114
55615771, 56916685, 1300914
57036799, 59461142, 2424343
59596799, 60948342, 1351543
61230399, 62618742, 1388343
62749142, 64205142, 1456000
64329257, 65209714, 880457
65761599, 67291199, 1529600
67415428, 68789942, 1374514
68909371, 71329028, 2419657
71455542, 72787999, 1332457
72916571, 74418857, 1502286
74545028, 75875428, 1330400
75996799, 77471085, 1474286
77596342, 78879771, 1283429
78999542, 80488799, 1489257
80614628, 82987428, 2372800
83264799, 84609257, 1344458
84732914, 86171657, 1438743
86298057, 87646056, 1347999
87765256, 89256228, 1490972
89379771, 90738399, 1358628
90858285, 92319314, 1461029
92443771, 94902742, 2458971
95026056, 96518057, 1492001
96643999, 97989828, 1345829
98260114, 99644571, 1384457
99764799, 101253371, 1488572
101377599, 102684685, 1307086
102813371, 105570399, 2757028
105705485, 107252914, 1547429
107377371, 108794399, 1417028
108914514, 110401942, 1487428
110527771, 111842285, 1314514
111963999, 113431314, 1467315
113557714, 114862742, 1305028
114993028, 117440228, 2447200
117569028, 118873028, 1304000
118993599, 120468342, 1474743
120594514, 121895428, 1300914
122173942, 123792685, 1618743
123914856, 125418171, 1503315
125545028, 128228799, 2683771
128366857, 129752342, 1385485
129874399, 131351999, 1477600
131477257, 132802514, 1325257
132923199, 134425257, 1502058
134552571, 135866742, 1314171
135989256, 137471657, 1482401
137598171, 139902742, 2304571
140026171, 141513828, 1487657
141640342, 142942856, 1302514
143223657, 143961371, 737714
144227999, 144964685, 736686
145222742, 145963771, 741029
146224914, 146966285, 741371
147226057, 147966171, 740114
148734399, 151958742, 3224343
152255657, 153681714, 1426057
153802171, 155282285, 1480114
155407314, 156779999, 1372685
156901828, 158375542, 1473714
158501371, 159820342, 1318971
159941942, 162626857, 2684915
162760228, 164292914, 1532686
164418285, 165788914, 1370629
165910171, 167379314, 1469143
167505828, 168829599, 1323771
168950742, 170411428, 1460686
170537142, 171836456, 1299314
171958742, 174471314, 2512572
174598171, 175898628, 1300457
176019199, 177484228, 1465029
177609028, 178904799, 1295771
179026971, 180530628, 1503657
180657142, 182010628, 1353486
182281599, 183615542, 1333943
183737142, 185724685, 1987543
185847885, 187340228, 1492343
187465714, 188858742, 1393028
188979428, 190483885, 1504457
190609828, 191901371, 1291543
192023199, 193495657, 1472458
193621942, 194908685, 1286743
196020114, 197526399, 1506285
197652571, 199015771, 1363200
199286171, 200672228, 1386057
200793828, 202267885, 1474057
202392914, 203739885, 1346971
203872799, 205341828, 1469029
205467428, 207492342, 2024914
207618171, 208892914, 1274743
209168342, 210486514, 1318172
210613371, 211958056, 1344685
212234399, 213571542, 1337143
213697599, 214981256, 1283657
215251085, 216573599, 1322514
216699885, 219016342, 2316457
219294057, 220644228, 1350171
220765256, 222259199, 1493943
222384914, 223766285, 1381371
223887428, 225346628, 1459200
225471999, 226867999, 1396000
226988685, 229691885, 2703200
229825256, 231330514, 1505258
231456571, 232801028, 1344457
232921942, 234395657, 1473715
234521599, 235842971, 1321372
235971999, 237439657, 1467658
237566399, 238870399, 1304000
238990856, 241547657, 2556801
241673942, 242990056, 1316114
243273828, 244613257, 1339429
244734399, 246177142, 1442743
246304571, 247637599, 1333028
247758742, 249250857, 1492115
249375428, 250735428, 1360000
250857256, 253446171, 2588915
253573828, 254899999, 1326171
255021828, 256500571, 1478743
256625828, 257912685, 1286857
258183542, 259562742, 1379200
259688914, 260981028, 1292114
261259999, 262643657, 1383658
262765028, 264247314, 1482286
264372342, 265769942, 1397600
265890514, 267355885, 1465371
267482057, 268871428, 1389371
268992228, 271369257, 2377029
271502857, 272879199, 1376342
273001028, 274476114, 1475086
274602285, 275878971, 1276686
276000342, 277467999, 1467657
277592914, 278874856, 1281942
278995885, 280453485, 1457600
280579085, 282552228, 1973143
282679085, 284378742, 1699657
284508228, 285850856, 1342628
285973828, 287465371, 1491543
287592228, 288891428, 1299200
289013142, 290485142, 1472000
290611199, 291898171, 1286972
292964914, 294462857, 1497943
294589599, 295885028, 1295429
296006742, 297475999, 1469257
297602514, 298944114, 1341600
299223085, 300608342, 1385257
300731085, 302208342, 1477257
302335199, 303746628, 1411429
303867771, 305353257, 1485486
305478057, 307792456, 2314399
307914171, 309405371, 1491200
309533599, 310841256, 1307657
310962628, 312410285, 1447657
312535657, 313886399, 1350742
314007656, 315470285, 1462629
315594856, 316943085, 1348229
318043885, 319592914, 1549029
319719771, 321162057, 1442286
321288914, 322614399, 1325485
322739085, 324172571, 1433486
324299771, 325633714, 1333943
325755771, 327200799, 1445028
327331885, 329729485, 2397600
329851085, 331583885, 1732800
331710971, 333204228, 1493257
333329028, 334652799, 1323771
334774056, 336248799, 1474743
336373828, 337790971, 1417143
337913142, 340483999, 2570857
340620342, 342187657, 1567315
342315885, 343745485, 1429600
343866514, 345314057, 1447543
345438742, 346792456, 1353714
346913714, 348377942, 1464228
348505828, 349817256, 1311428
349940114, 352336342, 2396228
352464914, 353348114, 883200
353471199, 355241028, 1769829
355365599, 356731428, 1365829
356853142, 358324571, 1471429
358452228, 360227428, 1775200
360355085, 361728228, 1373143
362775428, 364306971, 1531543
364432571, 365779199, 1346628
365900914, 367374171, 1473257
367500799, 368820914, 1320115
368942628, 370415885, 1473257
370542514, 371858056, 1315542
371980114, 373984685, 2004571
374256571, 375587999, 1331428
375715771, 377003999, 1288228
377277828, 378623085, 1345257
378745256, 380180114, 1434858
380858171, 382475199, 1617028
382599542, 384830285, 2230743
384967085, 386441942, 1474857
386568228, 387443542, 875314
387970285, 389472342, 1502057
389598742, 390967999, 1369257
391247085, 392624799, 1377714
392746056, 394179428, 1433372
394304114, 396627999, 2323885
396751314, 398248228, 1496914
398373828, 399774056, 1400228
399895428, 401382171, 1486743
401511885, 402911314, 1399429
403032685, 404527542, 1494857
404653714, 406821828, 2168114
406960571, 408712799, 1752228
408834971, 410296914, 1461943
410421828, 411786285, 1364457
411907428, 413382857, 1475429
413509485, 414831999, 1322514
414953828, 416664342, 1710514
416787314, 419390057, 2602743
419519428, 420890399, 1370971
421012228, 422551999, 1539771
422678171, 423970285, 1292114
424242057, 425591199, 1349142
425716914, 427011314, 1294400
427279428, 428625599, 1346171
429713942, 431212685, 1498743
431339657, 432683314, 1343657
432804228, 434291885, 1487657
434417371, 435793599, 1376228
435915314, 437394742, 1479428
437522057, 438851542, 1329485
438975199, 440963656, 1988457
441235542, 442569028, 1333486
442692456, 444002056, 1309600
444273828, 445655542, 1381714
445775656, 447256457, 1480801
447380799, 448731314, 1350515
448852228, 450298514, 1446286
450423542, 452866742, 2443200
452988799, 454486857, 1498058
454611542, 455887656, 1276114
456007656, 457474514, 1466858
457600114, 458882514, 1282400
459002971, 460480799, 1477828
460605371, 461887771, 1282400
462008571, 464601142, 2592571
464727199, 466035771, 1308572
466308114, 467634285, 1326171
467754628, 469239314, 1484686
469363999, 470780914, 1416915
470901256, 472352914, 1451658
472478285, 473830628, 1352343
474873256, 476421942, 1548686
476548571, 477868114, 1319543
477990056, 479458399, 1468343
479584114, 480867656, 1283542
480987999, 482449371, 1461372
482575085, 483863199, 1288114
483983656, 486673714, 2690058
486807199, 487741142, 933943
487861028, 488736571, 875543
488855885, 490629714, 1773829
490751885, 492203771, 1451886
492329257, 493653485, 1324228
493774742, 495255885, 1481143
495380571, 496794856, 1414285
496916342, 498387542, 1471200
498514742, 500768799, 2254057
500900114, 502380685, 1480571
502508571, 503837142, 1328571
503957828, 505422971, 1465143
505548571, 506851199, 1302628
506973142, 508430171, 1457029
508556571, 509857599, 1301028
509979885, 512533142, 2553257
512660114, 514015199, 1355085
514288457, 515613714, 1325257
515734971, 517164799, 1429828
517291771, 518618057, 1326286
518740114, 520023999, 1283885
520290514, 521629485, 1338971
521750171, 524315085, 2564914
524443314, 525812342, 1369028
525933485, 527402285, 1468800
527528914, 528845828, 1316914
528968456, 530440457, 1472001
530568571, 531860685, 1292114
531981828, 533442285, 1460457
533567771, 535933256, 2365485
536220571, 537559542, 1338971
537684799, 539038514, 1353715
539310171, 540642399, 1332228
540763771, 542207199, 1443428
542332342, 543665714, 1333372
543786399, 546482742, 2696343
546618514, 548178628, 1560114
548306399, 549729714, 1423315
549850742, 551348685, 1497943
551474628, 552790856, 1316228
552911656, 554377257, 1465601
554504571, 555843771, 1339200
555965028, 557959085, 1994057
558232457, 559585028, 1352571
559710742, 561053828, 1343086
561329371, 562680799, 1351428
562802285, 564286971, 1484686
564413257, 565779656, 1366399
565901371, 567418514, 1517143
568563657, 569968799, 1405142
570243657, 571642399, 1398742
571763771, 573211428, 1447657
573336914, 574673371, 1336457
574794171, 576280799, 1486628
576406514, 577784571, 1378057
577906171, 578794399, 888228
578913028, 579789142, 876114
579908114, 582599542, 2691428
582726742, 584188914, 1462172
584316228, 585643199, 1326971
585765028, 587219199, 1454171
587344914, 589381485, 2036571
589509142, 590882971, 1373829
591005256, 593636456, 2631200
593759428, 595229599, 1470171
595356228, 596729142, 1372914
596851199, 598348799, 1497600
598475314, 599815428, 1340114
599938971, 601407771, 1468800
601535657, 602857028, 1321371
603924685, 605392114, 1467429
605520685, 606846399, 1325714
606969485, 608464342, 1494857
608592228, 609950856, 1358628
610231885, 611585714, 1353829
612455314, 613857256, 1401942
614955314, 616447657, 1492343
616574628, 617868571, 1293943
617989714, 619454628, 1464914
619581942, 620914399, 1332457
621035885, 622548342, 1512457
622674285, 623958971, 1284686
624237599, 626636685, 2399086
626758628, 628267199, 1508571
628393257, 629772456, 1379199
629893828, 631367771, 1473943
631494628, 632884456, 1389828
633006056, 634480114, 1474058
634606628, 637227085, 2620457
637366399, 638745942, 1379543
638868228, 640348342, 1480114
640474514, 641817599, 1343085
641938971, 643422742, 1483771
643549485, 644853828, 1304343
644975999, 646445714, 1469715
646574171, 648851199, 2277028
648973714, 650457599, 1483885
650583199, 651916456, 1333257
652210057, 653592685, 1382628
653717714, 655025028, 1307314
655299314, 656636342, 1337028
656757256, 659403314, 2646058
659538057, 660948342, 1410285
661234628, 661975199, 740571
662234742, 663749028, 1514286
663879428, 665343199, 1463771
665468914, 666866171, 1397257
666986856, 668497485, 1510629
668623999, 670600342, 1976343
670722285, 672012685, 1290400
672286857, 673621371, 1334514
673745256, 675031314, 1286058
675299542, 676635657, 1336115
676756685, 678195085, 1438400
678320571, 679663314, 1342743
679783428, 682232457, 2449029
682359085, 683728228, 1369143
683848685, 685297714, 1449029
685421714, 686780114, 1358400
686901599, 688361028, 1459429
688486057, 689810171, 1324114
689932342, 691401599, 1469257
691527428, 693980914, 2453486
694261828, 695597142, 1335314
695719314, 697163199, 1443885
697289599, 698610857, 1321258
698735542, 700183999, 1448457
700314399, 701735428, 1421029
701857028, 703365828, 1508800
704458742, 705869371, 1410629
705990285, 707461142, 1470857
707587542, 708950171, 1362629
709227999, 710560799, 1332800
710690971, 712041256, 1350285
712312799, 713651199, 1338400
713772456, 716048685, 2276229
716321485, 717656228, 1334743
717776799, 719257714, 1480915
719382742, 720769256, 1386514
720890171, 722387314, 1497143
722518171, 723835542, 1317371
723957028, 725424571, 1467543
726517142, 727844342, 1327200
727966171, 729426514, 1460343
729552342, 730846628, 1294286
730967885, 732423885, 1456000
732552228, 733848228, 1296000
733969942, 735425714, 1455772
735552228, 738199999, 2647771
738337028, 739774971, 1437943
739896114, 741388457, 1492343
741513942, 742838056, 1324114
742958171, 744423542, 1465371
744553485, 745900571, 1347086
746022056, 747505942, 1483886
747631542, 749897485, 2265943
750174628, 751500457, 1325829
751626285, 752969714, 1343429
753245257, 754639199, 1393942
754769714, 756260228, 1490514
756387085, 757813028, 1425943
757933256, 759411428, 1478172
760527885, 761885371, 1357486
762007428, 763470514, 1463086
763596228, 764930514, 1334286
765209142, 766538285, 1329143
766664914, 767939656, 1274742
768216228, 769547999, 1331771
769674056, 771711656, 2037600
771832685, 773286399, 1453714
773410971, 774751885, 1340914
774873371, 776324228, 1450857
776449714, 777802285, 1352571
777923999, 779383542, 1459543
779509714, 780862171, 1352457
780983428, 783550514, 2567086
783678514, 784547428, 868914
784669828, 785519542, 849714
785642056, 787348799, 1706743
787479199, 788850628, 1371429
788970971, 790467085, 1496114
790593714, 791875771, 1282057
791995885, 794338742, 2342857
794463999, 795911314, 1447315
796034514, 797514514, 1480000
797640114, 798935542, 1295428
799216342, 800547199, 1330857
800673828, 801957599, 1283771
802229142, 803575314, 1346172
803702285, 806261942, 2559657
806389142, 807751885, 1362743
807871199, 809321714, 1450515
809446057, 810798856, 1352799
810919542, 812385599, 1466057
812511199, 813818742, 1307543
813938971, 815405942, 1466971
815531428, 817991085, 2459657
818274514, 819865942, 1591428
819993371, 820881142, 887771
821001256, 821890971, 889715
822011085, 823816914, 1805829
823949256, 825459885, 1510629
825586857, 826950856, 1363999
827232571, 829634742, 2402171
829757714, 831259542, 1501828
831385828, 832770171, 1384343
832891771, 834371199, 1479428
834499199, 835815771, 1316572
835937599, 837424228, 1486629
837550514, 838861142, 1310628
839991885, 841492342, 1500457
841618971, 842941485, 1322514
843748571, 845359657, 1611086
845484457, 846803085, 1318628
846923885, 848399199, 1475314
848527085, 849843314, 1316229
850952342, 852452685, 1500343
852579314, 853885142, 1305828
854006285, 855466971, 1460686
855592114, 856870742, 1278628
856992456, 858457257, 1464801
858582399, 859881714, 1299315
860012685, 862631542, 2618857
862755085, 864197485, 1442400
864324685, 865652571, 1327886
865773942, 867260685, 1486743
867386399, 868736799, 1350400
868858285, 870315085, 1456800
870440685, 871800685, 1360000
871922171, 874485371, 2563200
874614171, 875913142, 1298971
876185371, 877525028, 1339657
877651085, 878955542, 1304457
879235314, 880576228, 1340914
880702285, 881992342, 1290057
882263542, 883646742, 1383200
883767771, 886324799, 2557028
886451999, 887787314, 1335315
887907999, 889376799, 1468800
889502971, 890807314, 1304343
890928571, 892386971, 1458400
892512571, 893826171, 1313600
893948456, 895410171, 1461715
895536457, 897965714, 2429257
898242399, 899588456, 1346057
899716228, 901008228, 1292000
901274514, 902617028, 1342514
902738856, 904028685, 1289829
904297257, 905617485, 1320228
905738171, 907019885, 1281714
907286628, 909693485, 2406857
909815885, 911287314, 1471429
911411771, 912777828, 1366057
912899656, 914369257, 1469601
914494628, 915797142, 1302514
915917714, 917379771, 1462057
917505257, 918813714, 1308457
918934971, 921487199, 2552228
921614971, 923307542, 1692571
923435771, 924813028, 1377257
924934742, 926421257, 1486515
926548799, 927846856, 1298057
927968571, 929432571, 1464000
929560342, 932204342, 2644000
932342057, 933738056, 1395999
933859428, 935330399, 1470971
935456114, 936809828, 1353714
936931656, 938418399, 1486743
938545371, 939409942, 864571
939958856, 941449028, 1490172
941574057, 943883999, 2309942
944007199, 945500114, 1492915
945626856, 946906971, 1280115
947194285, 948574742, 1380457
948701142, 950000571, 1299429
950274285, 951658056, 1383771
951779314, 954470742, 2691428
954607085, 955960114, 1353029
956245599, 957587428, 1341829
957713485, 959508228, 1794743
959640114, 961247085, 1606971
961372685, 962757942, 1385257
962880342, 964352571, 1472229
965470971, 966829028, 1358057
966950285, 968432457, 1482172
968559542, 969870399, 1310857
969991771, 971715771, 1724000
971838285, 973296571, 1458286
973422514, 974793942, 1371428
974915314, 977533257, 2617943
977661599, 978956342, 1294743
979230514, 980590399, 1359885
980718514, 982199657, 1481143
982325828, 983747999, 1422171
983868228, 985317599, 1449371
985442857, 988002971, 2560114
988282971, 989648456, 1365485
989769714, 991258285, 1488571
991383885, 992758056, 1374171
992880114, 994342628, 1462514
994469257, 995817714, 1348457
995939428, 997445257, 1505829
997570628, 999837714, 2267086
999961714, 1451542, -998510172
1579428, 2934628, 1355200
3210857, 4553599, 1342742
4679314, 5973714, 1294400
6244342, 7572457, 1328115
7697028, 8984571, 1287543
10038285, 11550514, 1512229
11676685, 12988228, 1311543
13265142, 14641485, 1376343
14762285, 16186742, 1424457
16313942, 17649485, 1335543
17769714, 19254628, 1484914
19379199, 21835542, 2456343
21957485, 23429257, 1471772
23553828, 24880799, 1326971
25001256, 26490171, 1488915
26614971, 27898399, 1283428
28018742, 29480571, 1461829
29605485, 30885599, 1280114
31006171, 33550514, 2544343
33677142, 34978171, 1301029
35248114, 36631085, 1382971
36751771, 38197371, 1445600
38324114, 39651885, 1327771
39772342, 41217371, 1445029
41342399, 42673714, 1331315
42794514, 45343199, 2548685
45470171, 46828114, 1357943
46948114, 48415428, 1467314
48541257, 49845371, 1304114
49966742, 51436114, 1469372
51562514, 52874742, 1312228
52996342, 54467199, 1470857
54592457, 56946856, 2354399
57227542, 58580114, 1352572
58706856, 60174628, 1467772
60302857, 61690742, 1387885
61811999, 63291428, 1479429
63417142, 64774742, 1357600
64896228, 66371199, 1474971
67445942, 68795656, 1349714
68915771, 70348685, 1432914
70475199, 71883085, 1407886
72003885, 73498742, 1494857
73623542, 74904114, 1280572
75024799, 76504114, 1479315
76630514, 78888914, 2258400
79012114, 80497142, 1485028
80624685, 81918628, 1293943
82708228, 84315199, 1606971
84440457, 85795999, 1355542
85916571, 87384228, 1467657
87510857, 89773371, 2262514
89905028, 91377028, 1472000
91502857, 92826856, 1323999
92949142, 94418057, 1468915
94544342, 95851656, 1307314
95972228, 97434514, 1462286
97560914, 98868228, 1307314
98989599, 101520114, 2530515
101647428, 102997942, 1350514
103272114, 104655199, 1383085
104776571, 106254171, 1477600
106380228, 107729485, 1349257
107860228, 109370171, 1509943
109495885, 111717142, 2221257
111859542, 113360914, 1501372
113488114, 114799656, 1311542
114920685, 116382857, 1462172
116509028, 117813142, 1304114
117934285, 119402285, 1468000
119529485, 120840914, 1311429
120965028, 123012228, 2047200
123279771, 124614742, 1334971
124736456, 126173371, 1436915
126299999, 127643542, 1343543
127765371, 129248114, 1482743
129373371, 130770742, 1397371
130891885, 132367314, 1475429
132493599, 134948914, 2455315
135232914, 136583885, 1350971
136710285, 138006742, 1296457
138278971, 139011656, 732685
139266742, 139997256, 730514
140253942, 140985942, 732000
141242514, 141976799, 734285
142242171, 144351999, 2109828
145442399, 146854628, 1412229
146974399, 148497942, 1523543
148622742, 149978971, 1356229
150248228, 151631085, 1382857
151751656, 153191428, 1439772
153316571, 154643428, 1326857
154763999, 157023542, 2259543
157300342, 158671885, 1371543
158793485, 160280228, 1486743
160405485, 161766171, 1360686
161888685, 163366514, 1477829
163493028, 165199085, 1706057
165327771, 167913942, 2586171
168196799, 169565257, 1368458
169690514, 171160457, 1469943
171287314, 172682971, 1395657
172802399, 174287657, 1485258
174411657, 175783771, 1372114
175904456, 177373714, 1469258
177498514, 179798514, 2300000
179922514, 181442399, 1519885
181570171, 182927428, 1357257
183208228, 184599314, 1391086
184723656, 186218171, 1494515
186344457, 187751771, 1407314
187873485, 190582514, 2709029
190717485, 192254514, 1537029
192379428, 193759999, 1380571
193880228, 195354057, 1473829
195479085, 196837599, 1358514
196957942, 198676914, 1718972
198797714, 200295199, 1497485
200419657, 202868571, 2448914
202991542, 204483999, 1492457
