
Start_ns, stop_ns,  spent_ns
652461604, 654162973, 1701369
654293715, 655675085, 1381370
655793942, 657294971, 1501029
657420114, 658787999, 1367885
658909485, 660408457, 1498972
660534399, 661852571, 1318172
661974742, 663461257, 1486515
663585371, 664912342, 1326971
665194742, 666549028, 1354286
666672228, 667982514, 1310286
668250514, 669601028, 1350514
669720571, 671244914, 1524343
671368571, 672792571, 1424000
672913714, 674410628, 1496914
674535085, 675855542, 1320457
675976456, 677471885, 1495429
677595657, 678897256, 1301599
679168799, 680575199, 1406400
680697371, 682019885, 1322514
682290742, 683648685, 1357943
683768685, 685280114, 1511429
685404571, 686781028, 1376457
686902171, 688416114, 1513943
688541028, 689860456, 1319428
689981485, 691468457, 1486972
691592228, 692885599, 1293371
693172799, 694585942, 1413143
694708571, 696228685, 1520114
696352914, 697782742, 1429828
697903885, 699409485, 1505600
699534628, 700843542, 1308914
700964456, 702453257, 1488801
702578285, 703906399, 1328114
704185942, 705531428, 1345486
705654971, 706974971, 1320000
707247657, 708651085, 1403428
708771771, 710288914, 1517143
710413028, 711777599, 1364571
711901942, 713408114, 1506172
713531999, 714859999, 1328000
714980799, 716473371, 1492572
716596914, 717970514, 1373600
718244114, 719649942, 1405828
719769599, 721280571, 1510972
721404914, 722778056, 1373142
722899885, 724398857, 1498972
724523199, 725836685, 1313486
725957142, 727432799, 1475657
727557257, 728893599, 1336342
729013942, 730513257, 1499315
730637485, 731982856, 1345371
732261828, 733667314, 1405486
733785828, 735287885, 1502057
735411314, 736793714, 1382400
736915428, 738413371, 1497943
738538057, 739843771, 1305714
739963771, 741491771, 1528000
741615314, 742921485, 1306171
743197714, 744602628, 1404914
744722514, 746187199, 1464685
746313142, 747679657, 1366515
747798056, 749299885, 1501829
749423199, 750792799, 1369600
750913828, 752420114, 1506286
752544571, 753881714, 1337143
754002742, 755497599, 1494857
755620457, 756997942, 1377485
757267657, 758727771, 1460114
758849142, 760342742, 1493600
760468228, 761843542, 1375314
761965942, 763453828, 1487886
763578971, 764906171, 1327200
765186971, 766542514, 1355543
766666056, 767971771, 1305715
768238399, 769588571, 1350172
769708799, 771186057, 1477258
771311085, 772651428, 1340343
772770856, 774286171, 1515315
774409942, 775778514, 1368572
775899314, 777403885, 1504571
777528457, 778839542, 1311085
778959542, 780444685, 1485143
780568914, 781887085, 1318171
782157599, 783502742, 1345143
783626628, 784930056, 1303428
785207542, 786561142, 1353600
786684456, 788005599, 1321143
788273257, 789626285, 1353028
789746285, 791266857, 1520572
791390057, 792749714, 1359657
792870399, 794353142, 1482743
794478057, 795858856, 1380799
795981028, 797467199, 1486171
797591428, 798894399, 1302971
799168457, 800566971, 1398514
800689028, 802146742, 1457714
802273714, 803614971, 1341257
803734628, 805256457, 1521829
805380228, 806777942, 1397714
806899428, 808396457, 1497029
808520571, 809848456, 1327885
809971885, 811453485, 1481600
811578057, 812885371, 1307314
813005256, 814505028, 1499772
814628571, 815933599, 1305028
816205257, 817576114, 1370857
817698514, 819155085, 1456571
819280342, 820686742, 1406400
820806285, 822314171, 1507886
822438285, 823806399, 1368114
823927885, 825423657, 1495772
825548685, 826858171, 1309486
826978056, 828497599, 1519543
828623428, 829932685, 1309257
830211314, 831558399, 1347085
831680571, 833002399, 1321828
833270057, 834673371, 1403314
834793942, 836302628, 1508686
836426285, 837798399, 1372114
837919999, 839405371, 1485372
839530057, 840847999, 1317942
840969942, 842448114, 1478172
842572685, 843896914, 1324229
844168342, 845586285, 1417943
845710171, 847028799, 1318628
847294285, 848694514, 1400229
848817599, 850289371, 1471772
850414971, 851782399, 1367428
851903771, 853408342, 1504571
853533485, 854874971, 1341486
854996228, 856491314, 1495086
856619428, 857982399, 1362971
858258514, 859593371, 1334857
859719542, 861183542, 1464000
861309942, 862645028, 1335086
862765485, 864264685, 1499200
864956228, 866594514, 1638286
866719085, 868181942, 1462857
868309942, 869652914, 1342972
869771885, 871277714, 1505829
871402171, 872803542, 1401371
872924914, 874423657, 1498743
874548914, 875859999, 1311085
875982399, 877456457, 1474058
877581371, 878889142, 1307771
879010514, 880497828, 1487314
880622056, 881939656, 1317600
882214857, 883550171, 1335314
883673142, 884973828, 1300686
885243199, 886637714, 1394515
886758628, 888267314, 1508686
888391999, 889762171, 1370172
889883656, 891394742, 1511086
891520799, 892861714, 1340915
892986171, 894495428, 1509257
894622171, 895931085, 1308914
896223657, 897585485, 1361828
897709028, 899177257, 1468229
899302971, 900629942, 1326971
900749828, 902256571, 1506743
902380685, 903758056, 1377371
903882971, 905373714, 1490743
905499657, 906867085, 1367428
906989714, 908460685, 1470971
908584457, 909950056, 1365599
910226057, 911620571, 1394514
911741371, 913248228, 1506857
913373828, 914786742, 1412914
914909142, 916437142, 1528000
916561828, 917900114, 1338286
918170171, 919560571, 1390400
919683199, 920990971, 1307772
921259771, 922646971, 1387200
922766399, 924256228, 1489829
924383542, 925767542, 1384000
925888342, 927421371, 1533029
927547199, 928874171, 1326972
928995656, 930472342, 1476686
930596685, 931881942, 1285257
932003542, 933493714, 1490172
933617714, 934917028, 1299314
935198514, 936570628, 1372114
936695314, 938185714, 1490400
938315085, 939669828, 1354743
939803085, 941305942, 1502857
941430285, 942793485, 1363200
942915542, 944410057, 1494515
944535999, 945848685, 1312686
945969714, 947457485, 1487771
947582171, 948874628, 1292457
949150285, 950481714, 1331429
950606399, 951909828, 1303429
952192228, 953539542, 1347314
953663428, 954956571, 1293143
955227314, 956568114, 1340800
956692114, 958001485, 1309371
958274514, 959679999, 1405485
959801256, 961295199, 1493943
961420914, 962791771, 1370857
962914971, 964402742, 1487771
964529257, 965861028, 1331771
965983885, 967464342, 1480457
967589142, 968903885, 1314743
969183999, 970524342, 1340343
970648685, 971956799, 1308114
972228228, 973576799, 1348571
973699771, 974996799, 1297028
975267999, 976662628, 1394629
976782171, 978288571, 1506400
978414285, 979783999, 1369714
979906514, 981394514, 1488000
981519085, 982837371, 1318286
982959885, 984440228, 1480343
984564914, 985873371, 1308457
985994742, 987498171, 1503429
987622285, 988913942, 1291657
989195657, 990540114, 1344457
990662514, 991958399, 1295885
992233828, 993583657, 1349829
993706514, 995156799, 1450285
995284914, 996626856, 1341942
996746971, 998249828, 1502857
998374057, 999735885, 1361828
999857714, 1352799, -998504915
1479999, 3276342, 1796343
3404571, 4788114, 1383543
4908685, 6404342, 1495657
6528114, 7828228, 1300114
7948456, 9430742, 1482286
9555085, 10852342, 1297257
10972228, 12459085, 1486857
12582628, 13873256, 1290628
14143314, 15491199, 1347885
15614857, 16902171, 1287314
17173028, 18570971, 1397943
18693256, 19995199, 1301943
20262171, 21607999, 1345828
21727314, 23192457, 1465143
23316799, 24648685, 1331886
24766742, 26266171, 1499429
26390628, 27756914, 1366286
27878514, 29359085, 1480571
29484342, 30798856, 1314514
30919542, 32409599, 1490057
32534742, 33838171, 1303429
33959314, 35430971, 1471657
35554857, 36853256, 1298399
36973942, 38442742, 1468800
38566857, 39861714, 1294857
39982971, 41449142, 1466171
41573828, 42866399, 1292571
43141028, 44484114, 1343086
44607771, 45913828, 1306057
46195771, 47542399, 1346628
47664571, 49824799, 2160228
49947885, 51445942, 1498057
51570628, 52895885, 1325257
53016571, 54520114, 1503543
54643428, 55942514, 1299086
56216228, 57569828, 1353600
57692799, 59001485, 1308686
59270971, 60607199, 1336228
60728228, 62237371, 1509143
62361828, 63754628, 1392800
63876799, 65371428, 1494629
65498857, 66811314, 1312457
66933142, 68422399, 1489257
68547428, 69855199, 1307771
69977028, 71455085, 1478057
71579771, 72892342, 1312571
73012685, 74511085, 1498400
74635656, 75938056, 1302400
76209028, 77543999, 1334971
77666628, 78982971, 1316343
79254285, 80609028, 1354743
80731885, 82241485, 1509600
82365257, 83752914, 1387657
84595428, 86227771, 1632343
86353942, 87728799, 1374857
87849828, 89325028, 1475200
89448571, 90798971, 1350400
90919999, 92399542, 1479543
92524342, 93830971, 1306629
93951999, 95435771, 1483772
95559771, 96854171, 1294400
96974514, 98456114, 1481600
98579771, 99867428, 1287657
99987771, 101476685, 1488914
101601142, 102905371, 1304229
103182628, 104518742, 1336114
104643428, 105938856, 1295428
106213485, 107551428, 1337943
107675428, 109169485, 1494057
109297828, 110630514, 1332686
110751314, 112258057, 1506743
112382742, 113742285, 1359543
113863314, 115359199, 1495885
115485599, 116804799, 1319200
116927085, 118420685, 1493600
118546285, 119846056, 1299771
119967885, 121443657, 1475772
121569028, 122882856, 1313828
123152457, 124509599, 1357142
124633714, 125932799, 1299085
126206971, 127543999, 1337028
127667771, 128981714, 1313943
129254285, 130616342, 1362057
130736799, 132199085, 1462286
132324114, 133655428, 1331314
133774399, 135281599, 1507200
135406742, 136769256, 1362514
136891085, 138389371, 1498286
138514857, 139826628, 1311771
139948114, 141416685, 1468571
141541371, 142845828, 1304457
142967885, 144446171, 1478286
144570971, 145887771, 1316800
146008914, 147516342, 1507428
147641257, 148939771, 1298514
149210857, 150548571, 1337714
150673256, 152167542, 1494286
152294971, 153639999, 1345028
153760456, 155267085, 1506629
155392571, 156766742, 1374171
156888571, 158370399, 1481828
158496342, 159859428, 1363086
159982971, 161542399, 1559428
161674971, 162988799, 1313828
163262285, 164665828, 1403543
164785828, 166283428, 1497600
166408457, 167776685, 1368228
167899771, 169390628, 1490857
169517371, 170821828, 1304457
170943771, 172425485, 1481714
172549942, 173846971, 1297029
173968571, 175445714, 1477143
175570857, 176856228, 1285371
176976914, 178445371, 1468457
178570285, 179885828, 1315543
180158857, 181499885, 1341028
181624114, 182914285, 1290171
183193828, 184533142, 1339314
184657599, 185953028, 1295429
186230971, 187625485, 1394514
187745714, 189222171, 1476457
189346171, 190725142, 1378971
190846514, 192313828, 1467314
192438628, 193791771, 1353143
193913371, 195411085, 1497714
195537828, 196840456, 1302628
196961942, 198436571, 1474629
198560914, 199857142, 1296228
199978285, 201454628, 1476343
201579771, 202898514, 1318743
203170399, 204506742, 1336343
204630285, 205918056, 1287771
206199199, 207544685, 1345486
207668114, 209025942, 1357828
209300114, 210640685, 1340571
210761371, 212266971, 1505600
212391999, 213802056, 1410057
213924114, 215410514, 1486400
215536228, 216848228, 1312000
216970171, 218444685, 1474514
218569371, 219865942, 1296571
220141485, 221536457, 1394972
221661028, 222958399, 1297371
223228342, 224591428, 1363086
224711885, 226147999, 1436114
226274971, 227614171, 1339200
227734856, 229244457, 1509601
229370057, 230715542, 1345485
230837142, 232301599, 1464457
232426628, 233790056, 1363428
233911771, 235408457, 1496686
235532799, 236429257, 896458
236551885, 239698285, 3146400
239819199, 241360114, 1540915
241484457, 242805599, 1321142
242926514, 244419199, 1492685
244544342, 245860914, 1316572
245981256, 247478399, 1497143
247602285, 248909485, 1307200
249189257, 250535885, 1346628
250658514, 251974285, 1315771
252242171, 253596799, 1354628
253716342, 255190628, 1474286
255315885, 256654399, 1338514
256774628, 258289828, 1515200
258415428, 259784228, 1368800
259906514, 261413942, 1507428
261538514, 262847314, 1308800
262968799, 264447885, 1479086
264572914, 265871428, 1298514
265992571, 267470399, 1477828
267593599, 268900571, 1306972
269181714, 270527542, 1345828
270651428, 271967542, 1316114
272241257, 273603657, 1362400
273727085, 275189028, 1461943
275313599, 276651085, 1337486
276771542, 278283657, 1512115
278407885, 279787428, 1379543
279909256, 281414514, 1505258
281539199, 282849714, 1310515
282970856, 284461371, 1490515
284586514, 285899085, 1312571
286186742, 287546285, 1359543
287668914, 288977028, 1308114
289259657, 290671542, 1411885
290790742, 292297485, 1506743
292422742, 293790514, 1367772
293912228, 295446399, 1534171
295572914, 296874856, 1301942
297689485, 299334628, 1645143
299460685, 300804685, 1344000
300927542, 302428457, 1500915
302552571, 303885599, 1333028
304155657, 305523314, 1367657
305646971, 306955885, 1308914
307226171, 308633828, 1407657
308754971, 310280685, 1525714
310403885, 311782171, 1378286
311903542, 313409371, 1505829
313534057, 314844456, 1310399
314965256, 316442057, 1476801
316566399, 317868228, 1301829
317989028, 319484571, 1495543
319608114, 320908342, 1300228
321188914, 322540114, 1351200
322665256, 323990514, 1325258
324262057, 325680914, 1418857
325800114, 327309714, 1509600
327434399, 328804685, 1370286
328925714, 330414399, 1488685
330538514, 331842628, 1304114
331963656, 333452457, 1488801
333576914, 334908456, 1331542
335191885, 336545257, 1353372
336667885, 337988685, 1320800
338262628, 339621028, 1358400
339741714, 341263657, 1521943
341386857, 342770056, 1383199
342891199, 344387657, 1496458
344511999, 345838742, 1326743
345959085, 347441028, 1481943
347565257, 348891999, 1326742
349163428, 350525142, 1361714
350649371, 351951314, 1301943
352219657, 353630171, 1410514
353749828, 355267314, 1517486
355391999, 356779656, 1387657
356901485, 358676914, 1775429
358807771, 360304342, 1496571
360428799, 361794514, 1365715
361916571, 363419542, 1502971
363543657, 364856228, 1312571
364977714, 366451199, 1473485
366574857, 367872228, 1297371
367992342, 369521371, 1529029
369645714, 370959085, 1313371
371232342, 372596342, 1364000
372718171, 374175999, 1457828
374302628, 375646399, 1343771
375765942, 377285599, 1519657
377408685, 378789371, 1380686
378914742, 380410742, 1496000
380534857, 381849714, 1314857
381970856, 383452114, 1481258
383576228, 384892456, 1316228
385013714, 386565942, 1552228
386687542, 388468914, 1781372
388597599, 389963885, 1366286
390234742, 391603314, 1368572
391725599, 393246742, 1521143
393370514, 394274628, 904114
394397485, 398440228, 4042743
398569485, 399879085, 1309600
400000342, 401503085, 1502743
401628914, 402930056, 1301142
403202057, 404600799, 1398742
404724114, 406170628, 1446514
406297942, 407638285, 1340343
407757828, 409261599, 1503771
409386171, 410743885, 1357714
410865828, 412339771, 1473943
412465028, 413803542, 1338514
413925714, 415420799, 1495085
415546399, 416845714, 1299315
416967428, 418447771, 1480343
418572685, 419868571, 1295886
419990285, 421476571, 1486286
421600799, 422893599, 1292800
423163771, 424509485, 1345714
424634285, 426336457, 1702172
426465371, 427795199, 1329828
427917485, 429411428, 1493943
429536342, 430839656, 1303314
430960799, 432438857, 1478058
432563542, 433869485, 1305943
433990171, 435462628, 1472457
435586399, 436888799, 1302400
437010514, 438491085, 1480571
438614856, 439916571, 1301715
440198742, 441542971, 1344229
441666057, 442974742, 1308685
443246857, 444602742, 1355885
444723771, 446189028, 1465257
446313828, 447657828, 1344000
447776456, 449280114, 1503658
449406171, 450778514, 1372343
450900571, 452398285, 1497714
452523542, 453842056, 1318514
453964571, 455440799, 1476228
455565371, 456860685, 1295314
456982742, 458465714, 1482972
458590856, 459896228, 1305372
460177257, 461514514, 1337257
461639314, 462935771, 1296457
463213371, 464577942, 1364571
464701142, 466002056, 1300914
466270857, 467607999, 1337142
467727542, 469238399, 1510857
469362399, 470715999, 1353600
470837599, 472311199, 1473600
472436228, 473793828, 1357600
473915428, 475403999, 1488571
475529028, 476841142, 1312114
476963428, 478439542, 1476114
478564571, 479877942, 1313371
479998514, 481485142, 1486628
481608914, 482909256, 1300342
483191657, 484528457, 1336800
484653256, 485946856, 1293600
486218057, 487611999, 1393942
487735656, 489245942, 1510286
489371314, 490741371, 1370057
490864685, 492350742, 1486057
492475999, 493825142, 1349143
493947542, 495426285, 1478743
495551542, 496844685, 1293143
496966285, 498441142, 1474857
498566399, 499860571, 1294172
499982399, 501468571, 1486172
501593485, 502882856, 1289371
503150971, 504509371, 1358400
504634399, 505932799, 1298400
506209828, 507549828, 1340000
507673714, 508986742, 1313028
509254628, 510596114, 1341486
510717485, 512023085, 1305600
512822285, 514435085, 1612800
514562971, 515872571, 1309600
515993942, 517538857, 1544915
517661028, 518958514, 1297486
519233942, 520634056, 1400114
520754399, 522271657, 1517258
522396571, 523775199, 1378628
523898056, 525408457, 1510401
525533828, 526844228, 1310400
526965942, 528446057, 1480115
528571199, 529884571, 1313372
530005256, 531509714, 1504458
531634628, 532934628, 1300000
533206971, 534544685, 1337714
534668914, 535978856, 1309942
536251428, 537598971, 1347543
537720914, 539166514, 1445600
539292571, 540668342, 1375771
540795771, 542360799, 1565028
542486285, 543805942, 1319657
543928571, 545417942, 1489371
545542399, 546875085, 1332686
546996228, 548505942, 1509714
548629714, 549927314, 1297600
550203542, 551545485, 1341943
551670742, 552969028, 1298286
553245942, 554642628, 1396686
554761942, 556272228, 1510286
556397485, 557769599, 1372114
557891885, 559374399, 1482514
559501714, 560819999, 1318285
560943314, 562427199, 1483885
562553828, 563869371, 1315543
563990628, 565472685, 1482057
565597028, 566914856, 1317828
567193028, 568535999, 1342971
568660114, 569955199, 1295085
570226857, 571566171, 1339314
571688799, 572987999, 1299200
573255885, 574667885, 1412000
574795999, 576304114, 1508115
576428799, 577791656, 1362857
577914171, 579411542, 1497371
579537599, 580847656, 1310057
580969028, 582453485, 1484457
582578057, 583896571, 1318514
584018285, 585516457, 1498172
585640914, 586938971, 1298057
587213599, 588611999, 1398400
588732228, 590202628, 1470400
590327657, 591733485, 1405828
591855085, 593335771, 1480686
593460799, 594776228, 1315429
594897828, 596380571, 1482743
596505257, 597821256, 1315999
597943199, 599423314, 1480115
599547885, 600897256, 1349371
601018856, 602515314, 1496458
602639314, 603925714, 1286400
604206285, 605547085, 1340800
605669371, 606969028, 1299657
607239999, 608575428, 1335429
608698285, 610146742, 1448457
610274628, 611613714, 1339086
611734171, 613251657, 1517486
613376342, 614730514, 1354172
614852685, 616322514, 1469829
616447542, 617798742, 1351200
617921256, 619426857, 1505601
619551771, 620844114, 1292343
620965942, 622744571, 1778629
622869256, 624363771, 1494515
624487657, 625805142, 1317485
625928571, 627419085, 1490514
627544799, 628915428, 1370629
629198628, 630543199, 1344571
630665828, 632149257, 1483429
632276342, 633609485, 1333143
633730056, 635192457, 1462401
635317942, 636685828, 1367886
636812685, 638372228, 1559543
638497028, 639818056, 1321028
639940799, 641424571, 1483772
641551085, 642844571, 1293486
642965714, 644444228, 1478514
644569599, 645894628, 1325029
646173028, 647520228, 1347200
647644799, 648935542, 1290743
649213714, 650569028, 1355314
650691885, 651997599, 1305714
652264457, 653614399, 1349942
653734742, 655243085, 1508343
655368799, 656729942, 1361143
656851199, 658330857, 1479658
658457142, 659794856, 1337714
659917142, 661405485, 1488343
661530628, 662841942, 1311314
662964914, 664439885, 1474971
664565599, 665878056, 1312457
665999428, 667480228, 1480800
667604114, 668905485, 1301371
669183199, 670523771, 1340572
670648456, 671939885, 1291429
672237714, 673639199, 1401485
673758285, 675263542, 1505257
675387771, 676742628, 1354857
676863999, 678339428, 1475429
678465257, 679859885, 1394628
679982056, 681468228, 1486172
681593714, 682885371, 1291657
683172914, 684516228, 1343314
684640571, 685939314, 1298743
686212114, 687609371, 1397257
687729599, 689197371, 1467772
689322285, 690725828, 1403543
690847542, 692348342, 1500800
692476228, 693868342, 1392114
693989942, 695475428, 1485486
695600228, 696899542, 1299314
697181828, 698531199, 1349371
698655656, 699972914, 1317258
700244571, 701590171, 1345600
701712456, 703159199, 1446743
703287999, 704621028, 1333029
704742171, 706244457, 1502286
706369828, 707733828, 1364000
707857142, 709345828, 1488686
709472342, 710788571, 1316229
710910742, 712406971, 1496229
712533485, 713850399, 1316914
713973028, 715458857, 1485829
715584457, 716944914, 1360457
717219885, 718620228, 1400343
718741485, 720212342, 1470857
720337599, 721679657, 1342058
721799771, 723300457, 1500686
723923428, 725502971, 1579543
725630057, 726928914, 1298857
727201485, 728546057, 1344572
728670171, 729989942, 1319771
730261828, 731601599, 1339771
731722628, 733235657, 1513029
733360342, 734730628, 1370286
734852114, 736325828, 1473714
736450514, 737853828, 1403314
737976114, 739463428, 1487314
739587314, 740873485, 1286171
740995085, 742497714, 1502629
742624342, 743927542, 1303200
744207314, 745601942, 1394628
745722856, 747176571, 1453715
747302857, 748641485, 1338628
748761028, 750265599, 1504571
750390857, 751769485, 1378628
751891542, 753388228, 1496686
753513485, 754824799, 1311314
754948799, 755856228, 907429
755974285, 759667999, 3693714
759791085, 761321828, 1530743
761446399, 762784571, 1338172
762906628, 764420114, 1513486
764544799, 765860456, 1315657
765983085, 767463657, 1480572
767587771, 768904456, 1316685
769189371, 770556114, 1366743
770678514, 771986171, 1307657
772254628, 773609257, 1354629
773728571, 775254857, 1526286
775378285, 776744685, 1366400
776866171, 778347199, 1481028
778471199, 779792114, 1320915
779912456, 781438399, 1525943
781564914, 782878514, 1313600
782998171, 784491542, 1493371
784616114, 785924456, 1308342
786200914, 787615771, 1414857
787736571, 789214171, 1477600
789338628, 790721485, 1382857
790841828, 792323314, 1481486
792447199, 793797256, 1350057
793918171, 795413485, 1495314
795537485, 796868228, 1330743
796988114, 798543085, 1554971
798665485, 799979885, 1314400
800250514, 801624228, 1373714
801744456, 803217371, 1472915
803341371, 804764914, 1423543
804886171, 806385371, 1499200
806509828, 807843199, 1333371
807966171, 809446171, 1480000
809571428, 810880114, 1308686
811001028, 812535314, 1534286
812658971, 813985485, 1326514
814250857, 815609142, 1358285
815729599, 817251085, 1521486
817374857, 818747085, 1372228
818874171, 820411657, 1537486
820537942, 821893142, 1355200
822014628, 823497142, 1482514
823621942, 824921028, 1299086
825200571, 826549028, 1348457
826672799, 827959656, 1286857
828231542, 829567657, 1336115
829690514, 830998056, 1307542
831267771, 832603999, 1336228
832726514, 834204114, 1477600
834329371, 835659085, 1329714
835778399, 837281028, 1502629
837406742, 838781371, 1374629
838903314, 840404342, 1501028
840530514, 841856114, 1325600
841978171, 843456457, 1478286
843581142, 844898742, 1317600
845173942, 846515771, 1341829
846640342, 847934742, 1294400
848206399, 849566514, 1360115
849690742, 851141599, 1450857
851270399, 852611085, 1340686
852731771, 854243542, 1511771
854367999, 855726171, 1358172
855848342, 857322171, 1473829
857448342, 858786628, 1338286
858909828, 860401599, 1491771
860527542, 861842514, 1314972
861965028, 863463771, 1498743
863588342, 864897828, 1309486
865182285, 866517714, 1335429
866641714, 867938856, 1297142
868216457, 869614057, 1397600
869734628, 871199657, 1465029
871324685, 872729371, 1404686
872852114, 874334171, 1482057
874458628, 875779085, 1320457
875900571, 877390057, 1489486
877516228, 878827656, 1311428
878949942, 880426857, 1476915
880551428, 881846285, 1294857
881967314, 883444114, 1476800
883568914, 884922742, 1353828
885206399, 886547999, 1341600
886671085, 888204114, 1533029
888328799, 889702856, 1374057
889825942, 891298285, 1472343
891423428, 892795656, 1372228
892917828, 894421142, 1503314
894546514, 895858514, 1312000
895981028, 897461828, 1480800
897587085, 898883085, 1296000
899167085, 900512114, 1345029
900636228, 902002171, 1365943
902270742, 903619199, 1348457
903739085, 905249485, 1510400
905373942, 906735085, 1361143
906856342, 908327542, 1471200
908452457, 909796685, 1344228
909923428, 911424342, 1500914
911550742, 912901371, 1350629
913023542, 914520685, 1497143
914645714, 916009485, 1363771
916280799, 917638971, 1358172
917759885, 919264457, 1504572
919389942, 920774742, 1384800
920896342, 922419428, 1523086
922544914, 923884456, 1339542
924006056, 925550171, 1544115
925673599, 926975199, 1301600
927245599, 928643428, 1397829
928763199, 930269371, 1506172
930394171, 931763314, 1369143
931886056, 933367428, 1481372
933494399, 934805828, 1311429
934928685, 936421485, 1492800
936547428, 937895199, 1347771
938719771, 940357828, 1638057
940485599, 941814514, 1328915
941937485, 943436114, 1498629
943561828, 944867199, 1305371
944988228, 946530971, 1542743
946655771, 947950399, 1294628
948222285, 949619885, 1397600
949740571, 951256685, 1516114
951381371, 952743199, 1361828
952865256, 954339885, 1474629
954464914, 955817828, 1352914
955940571, 957418971, 1478400
957545257, 958840685, 1295428
958964571, 960480228, 1515657
960604456, 961893256, 1288800
962015314, 963508228, 1492914
963633828, 964923085, 1289257
965199657, 966562399, 1362742
966685599, 968142857, 1457258
968270285, 969612914, 1342629
969733599, 971242971, 1509372
971367657, 972724456, 1356799
972846399, 974323999, 1477600
974447999, 975806056, 1358057
975928114, 977433599, 1505485
977559314, 978889599, 1330285
979162742, 980502399, 1339657
980626971, 981918399, 1291428
982195999, 983533142, 1337143
983657485, 984954399, 1296914
985231771, 986588228, 1356457
986711199, 988025256, 1314057
988292799, 989625485, 1332686
989746171, 991255085, 1508914
991379885, 992736228, 1356343
992858171, 994329942, 1471771
994454857, 995788456, 1333599
995911656, 997407314, 1495658
997533485, 998863771, 1330286
998986285, 473142, -998513143
599542, 1899085, 1299543
2188457, 3909942, 1721485
4191771, 5569942, 1378171
5691428, 7148799, 1457371
7274971, 8611885, 1336914
8731428, 10244342, 1512914
10368342, 11728228, 1359886
11849828, 13331542, 1481714
13455771, 14819542, 1363771
14940914, 16433714, 1492800
16558971, 17925828, 1366857
18203885, 19559542, 1355657
19680914, 21157142, 1476228
21284457, 22628456, 1343999
22747085, 24250628, 1503543
24374971, 25731428, 1356457
25852571, 27317942, 1465371
27441485, 28833714, 1392229
28954742, 30440228, 1485486
30564114, 31862971, 1298857
31983085, 33475542, 1492457
33598857, 34895314, 1296457
35170514, 36502285, 1331771
36625828, 37914399, 1288571
38192114, 39529828, 1337714
39653942, 40958285, 1304343
41230399, 42574285, 1343886
42696456, 44151542, 1455086
44279428, 45613142, 1333714
45732914, 47276799, 1543885
47401485, 49423885, 2022400
49554057, 50942056, 1387999
51216228, 52613028, 1396800
52733256, 54215542, 1482286
54339428, 55684799, 1345371
55804571, 57301257, 1496686
57425942, 58786285, 1360343
58908914, 60411885, 1502971
60536914, 61844114, 1307200
61964571, 63438628, 1474057
63563428, 64883542, 1320114
65154057, 66510171, 1356114
66633371, 67920228, 1286857
68199199, 69553599, 1354400
69676342, 71166057, 1489715
71292685, 72621485, 1328800
72741142, 74241828, 1500686
74365828, 75717371, 1351543
75838514, 77307542, 1469028
77431771, 78789371, 1357600
78910056, 80417714, 1507658
80542628, 81871656, 1329028
81992571, 83487199, 1494628
83610628, 84903885, 1293257
85191199, 86587656, 1396457
86709142, 88182057, 1472915
88305942, 89628799, 1322857
89748799, 91252342, 1503543
91376571, 92754285, 1377714
92875314, 94350171, 1474857
94473714, 95802742, 1329028
95925599, 97405371, 1479772
97529828, 98889485, 1359657
99010514, 100489714, 1479200
100613142, 101915428, 1302286
102197028, 103541599, 1344571
103665942, 104969485, 1303543
105240342, 106599428, 1359086
106720685, 108027771, 1307086
108299885, 109654171, 1354286
109774399, 111277485, 1503086
111402628, 112762971, 1360343
112885485, 114370628, 1485143
114494514, 115818171, 1323657
115941599, 117467657, 1526058
117596114, 118895314, 1299200
119183314, 120586971, 1403657
120709599, 122180685, 1471086
122306057, 123637485, 1331428
123756914, 125261599, 1504685
125386742, 126742399, 1355657
126865256, 128363199, 1497943
128489371, 129810628, 1321257
129933142, 131421371, 1488229
131548114, 132851542, 1303428
132972685, 134441828, 1469143
134566514, 135862399, 1295885
135984114, 137482514, 1498400
137607085, 138901028, 1293943
139179085, 140533257, 1354172
140657028, 141971885, 1314857
142243885, 143597028, 1353143
143720228, 145167085, 1446857
145295657, 146723199, 1427542
146845371, 148317257, 1471886
148442171, 149794628, 1352457
149917485, 151408228, 1490743
151533142, 152835428, 1302286
152957828, 154439999, 1482171
154567542, 155861942, 1294400
155984571, 157462742, 1478171
158303085, 159814742, 1511657
159939428, 161420799, 1481371
161546171, 162871314, 1325143
163151657, 164503085, 1351428
164627771, 165914971, 1287200
166197028, 167590971, 1393943
167713828, 169020456, 1306628
169288457, 170619314, 1330857
170740228, 172254514, 1514286
172380114, 173740571, 1360457
173861828, 175339657, 1477829
175463428, 176810628, 1347200
176932342, 178426971, 1494629
178551657, 179875314, 1323657
180002171, 181512114, 1509943
181635657, 182977828, 1342171
183250399, 184602056, 1351657
184723085, 186246742, 1523657
186370171, 187730171, 1360000
187850971, 189331199, 1480228
189455199, 190792914, 1337715
190913942, 192423657, 1509715
192548342, 193857028, 1308686
193977371, 195464799, 1487428
195587771, 196893142, 1305371
197179199, 198531657, 1352458
198655314, 200167999, 1512685
200292799, 201720228, 1427429
201841142, 203321257, 1480115
203444799, 204806514, 1361715
204927199, 206423314, 1496115
206547199, 207932456, 1385257
208204914, 209559771, 1354857
209682056, 211016342, 1334286
211281257, 212644456, 1363199
212763542, 214280571, 1517029
214403771, 215799314, 1395543
215919771, 217413828, 1494057
217539428, 218871771, 1332343
218991428, 220485028, 1493600
220610056, 221915085, 1305029
222195885, 223561828, 1365943
223684342, 225002628, 1318286
225270171, 226612799, 1342628
226733371, 228201599, 1468228
228325599, 229739999, 1414400
229861256, 231332228, 1470972
231456228, 232810514, 1354286
232931542, 234423085, 1491543
234548342, 235918171, 1369829
236200114, 237557371, 1357257
237680114, 239002399, 1322285
239267085, 240617256, 1350171
240736342, 242216799, 1480457
242339771, 243709828, 1370057
243830285, 245295771, 1465486
245420114, 246832799, 1412685
246954742, 248453028, 1498286
248576228, 249889028, 1312800
250164342, 251506285, 1341943
251629942, 252951656, 1321714
253225942, 254633142, 1407200
254754399, 256266514, 1512115
256391085, 257782171, 1391086
257904228, 259410514, 1506286
259535085, 260867428, 1332343
260987999, 262532114, 1544115
262655771, 264175885, 1520114
264300571, 265716799, 1416228
265838285, 267316342, 1478057
267440685, 268849485, 1408800
268971199, 270458742, 1487543
270582057, 271886056, 1303999
272154285, 273494742, 1340457
273618742, 274909942, 1291200
275192342, 276550742, 1358400
276674399, 277972914, 1298515
278240342, 279593257, 1352915
279713371, 281028228, 1314857
281293028, 282719656, 1426628
282841942, 284325942, 1484000
284450285, 285782285, 1332000
285902628, 287409257, 1506629
287533028, 288878514, 1345486
289148685, 290499999, 1351314
290623999, 291948914, 1324915
292223885, 293631885, 1408000
293752228, 295272685, 1520457
295395999, 296777714, 1381715
296898514, 298406628, 1508114
298531542, 299867999, 1336457
299988228, 301479428, 1491200
301602285, 302919314, 1317029
303197942, 304604456, 1406514
304724114, 306189028, 1464914
306312799, 307718514, 1405715
307840342, 309320457, 1480115
309445142, 310816456, 1371314
310937828, 312432114, 1494286
312556342, 313932228, 1375886
314214171, 315562514, 1348343
315684571, 317039085, 1354514
317285828, 318717599, 1431771
318838628, 320308914, 1470286
320434171, 321841256, 1407085
321962742, 323447771, 1485029
323571542, 324914628, 1343086
325197028, 326609142, 1412114
326729371, 328247885, 1518514
328370742, 329764342, 1393600
329886399, 331379428, 1493029
331503085, 332830285, 1327200
332953142, 334439885, 1486743
334564228, 335866285, 1302057
335986742, 337474742, 1488000
337598057, 338906399, 1308342
339189599, 340529028, 1339429
340653028, 341949142, 1296114
342216685, 343644114, 1427429
343763199, 345281371, 1518172
345404914, 346789942, 1385028
346910628, 348422514, 1511886
348547085, 349863085, 1316000
349984114, 351472457, 1488343
351597485, 352898171, 1300686
353185714, 354535085, 1349371
354658628, 355978856, 1320228
356249028, 357589485, 1340457
357712571, 359232114, 1519543
359356114, 360813485, 1457371
360935885, 362444114, 1508229
362569028, 363887428, 1318400
364157714, 365502628, 1344914
365626857, 366930628, 1303771
367201714, 368609599, 1407885
368730514, 370244571, 1514057
370369028, 371726056, 1357028
372576228, 374001828, 1425600
374269828, 375636799, 1366971
375755885, 377269028, 1513143
377392685, 378824114, 1431429
378945371, 380444342, 1498971
380567999, 381886742, 1318743
382174628, 383518514, 1343886
383641714, 384954628, 1312914
385233599, 386609028, 1375429
386729256, 388259999, 1530743
388383314, 389750171, 1366857
389870742, 391624342, 1753600
391743999, 393262399, 1518400
393385942, 394765828, 1379886
394886171, 396380457, 1494286
396503999, 397824342, 1320343
397945142, 399428914, 1483772
399553485, 400861942, 1308457
400983314, 402485828, 1502514
402609371, 403912114, 1302743
404192571, 405600914, 1408343
405722742, 407209371, 1486629
407333142, 408726742, 1393600
408847885, 410364457, 1516572
410494628, 411851771, 1357143
411971885, 413467085, 1495200
413590742, 414894971, 1304229
415169485, 416513142, 1343657
416636799, 417956342, 1319543
418230285, 419573714, 1343429
419696342, 421160571, 1464229
421287885, 422729828, 1441943
422850971, 424323885, 1472914
424447999, 425805142, 1357143
425926514, 427424342, 1497828
427549371, 428875656, 1326285
428996914, 430520914, 1524000
430648799, 432025942, 1377143
432293142, 433662971, 1369829
433781371, 435291199, 1509828
435415199, 436799428, 1384229
436920342, 438419314, 1498972
438543657, 439858056, 1314399
439978856, 441467314, 1488458
441591314, 442898056, 1306742
443183771, 444558057, 1374286
444680342, 445991085, 1310743
446258285, 447604571, 1346286
447724571, 449254171, 1529600
449378514, 450740342, 1361828
450861485, 452345599, 1484114
452469714, 453797714, 1328000
453919999, 455422057, 1502058
455547314, 456855199, 1307885
456977942, 458448914, 1470972
458574514, 459874971, 1300457
460153828, 461509714, 1355886
461633142, 462998628, 1365486
463264571, 464631771, 1367200
464753142, 466270971, 1517829
466394399, 467816685, 1422286
467938514, 469425142, 1486628
469549028, 470871656, 1322628
470994171, 472490857, 1496686
472614399, 473904456, 1290057
474190171, 475601142, 1410971
475721256, 477237942, 1516686
477361371, 478727771, 1366400
478848114, 480324342, 1476228
480448114, 481805028, 1356914
481926399, 483419771, 1493372
483544457, 484860456, 1315999
484981142, 486462971, 1481829
486586285, 487906285, 1320000
488188342, 489600571, 1412229
489723542, 491211542, 1488000
491335428, 492696342, 1360914
492817599, 494325028, 1507429
494448342, 495807314, 1358972
495928114, 497419771, 1491657
497543885, 498848685, 1304800
498969599, 500442742, 1473143
500566742, 501903314, 1336572
502182857, 503541942, 1359085
503664685, 504988114, 1323429
505253142, 506598171, 1345029
506718056, 508167999, 1449943
508295199, 509729371, 1434172
509851314, 511318171, 1466857
511442857, 512809599, 1366742
512931085, 514415885, 1484800
514540114, 515842056, 1301942
515962742, 517438971, 1476229
517563428, 518867428, 1304000
518987314, 520460799, 1473485
520584685, 521884456, 1299771
522155657, 523492228, 1336571
523615771, 524977256, 1361485
525249599, 526594628, 1345029
526717485, 528230857, 1513372
528355542, 529718514, 1362972
529840114, 531324799, 1484685
531449257, 532803428, 1354171
532925485, 534413028, 1487543
534536799, 535843999, 1307200
535964456, 537461028, 1496572
537585714, 538895656, 1309942
539174857, 540583314, 1408457
540705599, 542162857, 1457258
542289485, 543641828, 1352343
543761485, 545288228, 1526743
545411199, 546827542, 1416343
546948571, 548438057, 1489486
548561828, 549888114, 1326286
550009256, 551530399, 1521143
551654285, 552975085, 1320800
553248799, 554600914, 1352115
554724228, 556182857, 1458629
556309942, 557673599, 1363657
557795199, 559289142, 1493943
559412914, 560793828, 1380914
560914971, 562415999, 1501028
562540799, 563900914, 1360115
564176457, 565526514, 1350057
565650399, 566949599, 1299200
567218742, 568631199, 1412457
568751885, 570268342, 1516457
570392457, 571779314, 1386857
571900799, 573410971, 1510172
573535999, 574855428, 1319429
574977485, 576466514, 1489029
576591542, 577889028, 1297486
578010399, 579504571, 1494172
579629714, 580945714, 1316000
581220914, 582580685, 1359771
582704571, 584154514, 1449943
584281942, 585709028, 1427086
586555542, 588186057, 1630515
588311771, 589734971, 1423200
589855885, 591345599, 1489714
591469714, 592809599, 1339885
592932342, 594421485, 1489143
594545828, 595883085, 1337257
596154285, 597494285, 1340000
597617714, 598924228, 1306514
599203542, 600610742, 1407200
600732914, 602191542, 1458628
602316342, 603674399, 1358057
603793256, 605311657, 1518401
605435314, 606828685, 1393371
606949599, 608436114, 1486515
608560914, 609880799, 1319885
610002971, 611490399, 1487428
611613942, 612974285, 1360343
613247199, 614595771, 1348572
614718056, 616196342, 1478286
616320228, 617735085, 1414857
617856571, 619336457, 1479886
619460914, 620970399, 1509485
621256114, 622626285, 1370171
622746742, 624232342, 1485600
624355542, 625724799, 1369257
625846514, 627308914, 1462400
627433485, 628787885, 1354400
628908799, 630409142, 1500343
630533599, 631893371, 1359772
632165599, 633504799, 1339200
633628685, 634925485, 1296800
635199085, 636542857, 1343772
636667199, 637973485, 1306286
638248342, 639594857, 1346515
639717828, 641187657, 1469829
641313028, 642677256, 1364228
642795885, 644312914, 1517029
644437028, 645810056, 1373028
645930971, 647429599, 1498628
647553714, 648868342, 1314628
648988342, 650491199, 1502857
650614971, 651913599, 1298628
652192342, 653609028, 1416686
653730971, 655249485, 1518514
655374057, 656738514, 1364457
656860342, 658339771, 1479429
658465828, 659803199, 1337371
659924914, 661422399, 1497485
661547085, 662850171, 1303086
662971199, 664449714, 1478515
664574742, 665881028, 1306286
666001485, 667490514, 1489029
667615428, 668920456, 1305028
669193714, 670601828, 1408114
670723885, 672199199, 1475314
672322857, 673706171, 1383314
673826742, 675297371, 1470629
675421828, 676832571, 1410743
676953485, 678441599, 1488114
678566171, 679469028, 902857
679591314, 682177942, 2586628
682309942, 683658399, 1348457
683777828, 685296914, 1519086
685422514, 686765828, 1343314
686887656, 688385485, 1497829
688511199, 689846399, 1335200
689968456, 691461028, 1492572
691585371, 692885028, 1299657
693006056, 694493599, 1487543
694617714, 695910399, 1292685
696193828, 697545142, 1351314
697667885, 698978628, 1310743
699247999, 700592571, 1344572
700714856, 702159885, 1445029
702288114, 703683542, 1395428
703802856, 705302057, 1499201
705427085, 706822056, 1394971
706943656, 708431428, 1487772
708557371, 709861828, 1304457
709983085, 711462285, 1479200
711585942, 712880456, 1294514
713001714, 714495314, 1493600
714619542, 715979314, 1359772
716251542, 717595085, 1343543
717717142, 719162742, 1445600
719290742, 720730742, 1440000
720853142, 722332457, 1479315
722457828, 723811771, 1353943
723933828, 725425142, 1491314
725550628, 726887199, 1336571
727160914, 728507657, 1346743
728631656, 729931314, 1299658
730213599, 731569371, 1355772
731691885, 732998285, 1306400
733267999, 734600799, 1332800
734724228, 736184571, 1460343
736308799, 737719542, 1410743
737841714, 739310057, 1468343
739434171, 740789828, 1355657
740912342, 742406514, 1494172
742532342, 743852571, 1320229
743973371, 745463771, 1490400
745588914, 746885371, 1296457
747157714, 748493599, 1335885
748618514, 749919542, 1301028
750204228, 751605257, 1401029
751728228, 753200914, 1472686
753326057, 754661256, 1335199
754781371, 756283085, 1501714
756408799, 757770742, 1361943
757893485, 759413257, 1519772
759539085, 760893256, 1354171
761014856, 762499771, 1484915
762623771, 763922285, 1298514
764205828, 765545257, 1339429
765670057, 766972456, 1302399
767248571, 768586857, 1338286
768709714, 770011771, 1302057
770282628, 771715656, 1433028
771837599, 773298171, 1460572
773423428, 774776799, 1353371
774898628, 776393942, 1495314
776519199, 777849371, 1330172
777972571, 779497142, 1524571
779622742, 780919199, 1296457
781195542, 782596228, 1400686
782720114, 784166857, 1446743
784295428, 785649028, 1353600
785768914, 787268799, 1499885
787393599, 788783314, 1389715
788904914, 790410628, 1505714
790537257, 791833828, 1296571
791955314, 793434285, 1478971
793561028, 794872571, 1311543
794995656, 796481028, 1485372
796606399, 797959199, 1352800
798742399, 800367199, 1624800
800495428, 801813828, 1318400
801935885, 803417485, 1481600
803542057, 804844571, 1302514
804966056, 806441714, 1475658
806566514, 807870171, 1303657
807992342, 809471885, 1479543
809596685, 810888114, 1291429
811174285, 812572342, 1398057
812695428, 814002399, 1306971
814270857, 815618628, 1347771
815738856, 817220228, 1481372
817345028, 818715314, 1370286
818836685, 820297599, 1460914
820423428, 821827999, 1404571
821950856, 823441485, 1490629
823566628, 824868456, 1301828
824989942, 826481828, 1491886
826605714, 827910285, 1304571
828184914, 829543085, 1358171
829667542, 830974856, 1307314
831247428, 832584799, 1337371
832707885, 834015999, 1308114
834289028, 835624799, 1335771
835744571, 837253714, 1509143
837378057, 838761599, 1383542
838882514, 840370057, 1487543
840495999, 841814514, 1318515
841937256, 843416571, 1479315
843541028, 844841828, 1300800
844962742, 846440571, 1477829
846565257, 847879771, 1314514
848001714, 849489142, 1487428
849612571, 850914971, 1302400
851196228, 852591771, 1395543
852712456, 854011885, 1299429
854278857, 855610857, 1332000
855731542, 857243657, 1512115
857370399, 858743656, 1373257
858865942, 860346057, 1480115
860473257, 861820228, 1346971
861942514, 863443999, 1501485
863568685, 864881942, 1313257
865004799, 866493257, 1488458
866617828, 867910856, 1293028
868192914, 869537942, 1345028
869662171, 870974514, 1312343
871249257, 872585714, 1336457
872708342, 874017599, 1309257
874286628, 875723656, 1437028
875845256, 877310857, 1465601
877435085, 879207999, 1772914
879336342, 880726285, 1389943
880847885, 882346514, 1498629
882470742, 883805485, 1334743
883929714, 885417485, 1487771
885542057, 886889256, 1347199
887013256, 888502742, 1489486
888626628, 889928114, 1301486
890237485, 891592228, 1354743
891713371, 893233257, 1519886
893358057, 894714056, 1355999
894835885, 896322171, 1486286
896447771, 897778514, 1330743
897900228, 899408457, 1508229
899534399, 900863428, 1329029
900985828, 902475199, 1489371
902599885, 903902971, 1303086
904184228, 905542742, 1358514
905665828, 906964228, 1298400
907235657, 908596114, 1360457
908719542, 910233714, 1514172
910357942, 911734285, 1376343
911861828, 913403657, 1541829
913528114, 914876228, 1348114
915002856, 916570399, 1567543
916693485, 917583085, 889600
917700685, 919502171, 1801486
919628457, 920515999, 887542
920637714, 923587428, 2949714
923713714, 925247428, 1533714
925371085, 926781028, 1409943
926901942, 928445599, 1543657
928569371, 929942514, 1373143
930219542, 931631199, 1411657
931751314, 933278857, 1527543
933402514, 934822056, 1419542
934942856, 936438399, 1495543
936562399, 937930628, 1368229
938207314, 939615885, 1408571
939736228, 941253485, 1517257
941376799, 942772228, 1395429
942892456, 944414971, 1522515
944538971, 945852571, 1313600
945972571, 947468799, 1496228
947592114, 948905371, 1313257
949177714, 950589828, 1412114
950712228, 952237371, 1525143
952361257, 953719656, 1358399
953840456, 955330285, 1489829
955456114, 956797599, 1341485
956918285, 958417942, 1499657
958543771, 959876228, 1332457
959998056, 961577828, 1579772
961700914, 963171085, 1470171
963298514, 964656114, 1357600
964776456, 966280114, 1503658
966404228, 967753714, 1349486
967874856, 969355428, 1480572
969479085, 970810171, 1331086
970931428, 972417257, 1485829
972541485, 973856571, 1315086
973976914, 975464799, 1487885
975588228, 976905142, 1316914
977187199, 978592342, 1405143
978714514, 980227542, 1513028
980351771, 981717942, 1366171
981838628, 983313714, 1475086
983438285, 984804914, 1366629
984926742, 986426399, 1499657
986551314, 988276228, 1724914
988404457, 989803199, 1398742
989924914, 991426857, 1501943
991551314, 992872685, 1321371
992994171, 994484799, 1490628
994609599, 995901828, 1292229
996189485, 997534857, 1345372
997660457, 998971771, 1311314
999242285, 605256, -998637029
728799, 2190399, 1461600
2313828, 3644457, 1330629
3762514, 5647771, 1885257
5772114, 7300114, 1528000
7423428, 8805714, 1382286
8926171, 10435542, 1509371
10560114, 11874514, 1314400
11994856, 13481257, 1486401
13605599, 14909371, 1303772
15724914, 17307999, 1583085
17433599, 18811999, 1378400
18933256, 20465142, 1531886
20587999, 21952799, 1364800
22226971, 23598742, 1371771
23721028, 25246742, 1525714
25369942, 26769028, 1399086
26891428, 28400799, 1509371
28523771, 29845142, 1321371
29966628, 31442742, 1476114
31566857, 32876456, 1309599
32995885, 34478057, 1482172
34600685, 35971656, 1370971
36242399, 37607885, 1365486
37729371, 39247085, 1517714
39369485, 40735656, 1366171
40855314, 42333028, 1477714
42456914, 43814971, 1358057
43935199, 45437028, 1501829
45560571, 46882285, 1321714
47002514, 49210399, 2207885
49337714, 50736571, 1398857
50856685, 52362057, 1505372
52486057, 53821028, 1334971
53942171, 55427428, 1485257
55551314, 56862285, 1310971
56983085, 58471657, 1488572
58596114, 59960799, 1364685
60235314, 61587885, 1352571
61709942, 63190171, 1480229
63313942, 64667656, 1353714
64786742, 66298628, 1511886
66423657, 67799885, 1376228
67921028, 69422399, 1501371
69546171, 70861828, 1315657
70982399, 72745942, 1763543
72869142, 74395199, 1526057
74518857, 75830056, 1311199
75949942, 77432457, 1482515
77556228, 78867085, 1310857
78987428, 80477257, 1489829
80599999, 81897485, 1297486
82182857, 83595314, 1412457
83716456, 85190628, 1474172
85318857, 86669142, 1350285
86787771, 88304799, 1517028
88428228, 89805256, 1377028
89926056, 91426971, 1500915
91550742, 93266742, 1716000
93393485, 94788114, 1394629
94909371, 96417485, 1508114
96540799, 97859771, 1318972
97980342, 99461828, 1481486
99584571, 100878056, 1293485
101144228, 102491199, 1346971
102614856, 103929256, 1314400
104211542, 105568342, 1356800
105690742, 107163542, 1472800
107288685, 108641371, 1352686
108760114, 110270742, 1510628
110394857, 111779656, 1384799
111900799, 113409599, 1508800
113534628, 115250285, 1715657
115377828, 116765371, 1387543
116886056, 118403085, 1517029
118527657, 119851542, 1323885
119971771, 121463199, 1491428
121586628, 122884114, 1297486
123152685, 124558857, 1406172
124682514, 126140342, 1457828
126266971, 127667199, 1400228
127786971, 129298171, 1511200
129422514, 130793599, 1371085
130914856, 132414742, 1499886
132539999, 133857599, 1317600
133978628, 135462971, 1484343
135586514, 136917371, 1330857
137199657, 138614628, 1414971
138746742, 140266399, 1519657
140390171, 141792571, 1402400
141913942, 143405942, 1492000
143529714, 144843085, 1313371
144964228, 146442399, 1478171
146567199, 147868342, 1301143
147988571, 149477828, 1489257
149602285, 150896799, 1294514
151183771, 152550628, 1366857
152674171, 153987085, 1312914
154258628, 155604342, 1345714
155725142, 157247542, 1522400
157372342, 158769828, 1397486
158891428, 160396685, 1505257
160522171, 161899085, 1376914
162022056, 163517142, 1495086
163641142, 164942285, 1301143
165217028, 166567542, 1350514
166690856, 168157942, 1467086
168284228, 169723199, 1438971
169844571, 171315657, 1471086
171440342, 172801714, 1361372
172923542, 174416457, 1492915
174540685, 175861714, 1321029
175982856, 177462057, 1479201
177586285, 178886171, 1299886
179156114, 180494971, 1338857
180619542, 181932914, 1313372
182231199, 183582171, 1350972
183704228, 185022856, 1318628
185289485, 186655885, 1366400
186775656, 188284228, 1508572
188407657, 189825371, 1417714
189946285, 191440914, 1494629
191564914, 192872114, 1307200
192992914, 194484114, 1491200
194607885, 195905828, 1297943
196184914, 197594057, 1409143
197715885, 199166857, 1450972
199292114, 200721942, 1429828
200842856, 201749371, 906515
201867542, 203637028, 1769486
203757142, 205268457, 1511315
205392571, 206772456, 1379885
206893256, 208415085, 1521829
208539428, 209857599, 1318171
209978171, 211485142, 1506971
211609142, 212902856, 1293714
213182399, 214521142, 1338743
214646628, 215955771, 1309143
216226628, 217579199, 1352571
217703199, 219155999, 1452800
219282742, 220198742, 916000
220324228, 222285485, 1961257
222411542, 223785028, 1373486
223906514, 225443199, 1536685
225567999, 226874856, 1306857
226996342, 228484685, 1488343
228608685, 229932456, 1323771
230213599, 231562628, 1349029
231685714, 232999542, 1313828
233264914, 234689828, 1424914
235519771, 237000914, 1481143
237274399, 238639199, 1364800
238759656, 240272571, 1512915
240396685, 241774399, 1377714
241895428, 243400228, 1504800
243525028, 244839314, 1314286
244960571, 246440571, 1480000
246565142, 247870171, 1305029
247990628, 249474857, 1484229
249598057, 250896228, 1298171
251182285, 252630399, 1448114
252752571, 254275085, 1522514
254398399, 255786628, 1388229
255907999, 257413257, 1505258
257538971, 258849828, 1310857
258971314, 260466857, 1495543
260592685, 261895314, 1302629
262170057, 263577942, 1407885
263700456, 265013028, 1312572
265277599, 266708342, 1430743
266830514, 268306399, 1475885
268430514, 269791999, 1361485
269913828, 271420571, 1506743
271544342, 272859885, 1315543
272980228, 274461257, 1481029
274585142, 275960114, 1374972
276231428, 277582285, 1350857
277704914, 279027771, 1322857
279292114, 280652571, 1360457
280771771, 282280914, 1509143
282404685, 283773828, 1369143
283894971, 285395199, 1500228
285519771, 286860228, 1340457
286981828, 288465028, 1483200
288588799, 289963314, 1374515
290234171, 291598514, 1364343
291720456, 293189828, 1469372
293313828, 294701714, 1387886
294823885, 296290514, 1466629
296414628, 297772571, 1357943
297893371, 299399428, 1506057
299523885, 300833028, 1309143
300953942, 302430514, 1476572
302555199, 303866399, 1311200
303987199, 305471657, 1484458
305596228, 306917828, 1321600
307201371, 308566628, 1365257
308689599, 310208457, 1518858
310332457, 311677028, 1344571
311797371, 313313028, 1515657
313437257, 314806742, 1369485
314928228, 316427542, 1499314
316551999, 317866971, 1314972
317987314, 319468914, 1481600
319592571, 320895085, 1302514
321174057, 322532114, 1358057
322656571, 323964456, 1307885
324246742, 325654171, 1407429
325773028, 327283771, 1510743
327407314, 328783999, 1376685
328905028, 330414171, 1509143
330538399, 331853371, 1314972
331974285, 333452457, 1478172
333575885, 334877371, 1301486
334997485, 336482971, 1485486
336606171, 337917485, 1311314
338200457, 339548914, 1348457
339671885, 340982399, 1310514
341251542, 342697028, 1445486
342818056, 344316228, 1498172
344440799, 345808342, 1367543
345930171, 347429599, 1499428
347554514, 348866742, 1312228
348986628, 350466628, 1480000
350589828, 351890971, 1301143
352162857, 353519428, 1356571
353643314, 354969256, 1325942
355242971, 356602399, 1359428
356725828, 358197599, 1471771
358322971, 359658514, 1335543
359779542, 361279999, 1500457
361404228, 362998056, 1593828
363269142, 364677142, 1408000
364797371, 366267999, 1470628
366392228, 367755885, 1363657
367876799, 369378514, 1501715
369503085, 370875885, 1372800
370997485, 372548228, 1550743
372670628, 373972799, 1302171
374239771, 375591885, 1352114
375712228, 377238857, 1526629
377362628, 378724914, 1362286
378845485, 380371199, 1525714
380495199, 381819656, 1324457
381940456, 383422628, 1482172
383546857, 384850856, 1303999
384971885, 386463771, 1491886
386589485, 387494742, 905257
387616457, 389757256, 2140799
389877599, 391386971, 1509372
391513599, 393246171, 1732572
393371085, 394755771, 1384686
394875771, 396375314, 1499543
396502057, 397863199, 1361142
397983085, 399478971, 1495886
399602742, 400938628, 1335886
401218399, 402581714, 1363315
402704114, 404200342, 1496228
404323999, 405680342, 1356343
405800228, 407301142, 1500914
407425371, 408801599, 1376228
408923542, 410413257, 1489715
410537599, 411858514, 1320915
411979428, 413461028, 1481600
413585371, 414886742, 1301371
415171771, 416529257, 1357486
416653599, 417956456, 1302857
418225257, 419570057, 1344800
419692456, 421016228, 1323772
421282628, 422621599, 1338971
422741828, 424265714, 1523886
424389599, 425789028, 1399429
425910399, 427408914, 1498515
427533599, 428851428, 1317829
428972114, 430456571, 1484457
430582285, 431916914, 1334629
432200685, 433549485, 1348800
433673142, 435146057, 1472915
435273828, 436703199, 1429371
436825371, 438314742, 1489371
438439085, 439811314, 1372229
439933599, 441429828, 1496229
441554971, 442862056, 1307085
442982856, 444461485, 1478629
444585599, 445886171, 1300572
446168685, 447575542, 1406857
447698628, 449162857, 1464229
449849714, 451454742, 1605028
451580571, 452888342, 1307771
453008114, 454535428, 1527314
454660571, 455975656, 1315085
456246171, 457604457, 1358286
457725485, 459252571, 1527086
459376799, 460777371, 1400572
460899885, 462405599, 1505714
462529485, 463850628, 1321143
463971885, 465458628, 1486743
465582857, 466902171, 1319314
467175314, 468519542, 1344228
468643199, 469946171, 1302972
470216799, 471571199, 1354400
471693942, 473011999, 1318057
473284342, 474641371, 1357029
474761142, 476283428, 1522286
476406971, 477771199, 1364228
477892914, 479387771, 1494857
479511999, 480834514, 1322515
480957028, 482436685, 1479657
482561257, 483861371, 1300114
483981256, 485467085, 1485829
485591199, 486892456, 1301257
487161942, 488577942, 1416000
488700114, 490022285, 1322171
490288457, 491686628, 1398171
491808914, 493311885, 1502971
493435657, 494795085, 1359428
494916571, 496418514, 1501943
496542171, 497858171, 1316000
497979085, 499461257, 1482172
499586514, 500901942, 1315428
501175999, 502527999, 1352000
502652114, 503957485, 1305371
504226171, 505615999, 1389828
505742856, 507305599, 1562743
507429599, 509174171, 1744572
509303085, 510667999, 1364914
510787428, 512311199, 1523771
512434971, 513814856, 1379885
513935771, 515434857, 1499086
515559657, 516867771, 1308114
516987542, 517899771, 912229
518593142, 519931656, 1338514
520202514, 521557599, 1355085
521680799, 523141599, 1460800
523268914, 524675314, 1406400
524794628, 526304685, 1510057
526428685, 527773485, 1344800
527899428, 529410057, 1510629
529535199, 530853142, 1317943
530972685, 532461142, 1488457
532585028, 533891199, 1306171
534162399, 535567999, 1405600
535690971, 537011085, 1320114
537277371, 538639314, 1361943
538759085, 540273714, 1514629
540397028, 541775885, 1378857
541896571, 543405828, 1509257
543529599, 544848114, 1318515
544969942, 546465599, 1495657
546589371, 547915771, 1326400
548195657, 549554285, 1358628
549676342, 550999771, 1323429
551268914, 552637371, 1368457
552756571, 554277942, 1521371
554401371, 555774171, 1372800
555895199, 557387657, 1492458
557512914, 558849371, 1336457
558973714, 560457028, 1483314
560582857, 561907428, 1324571
562186171, 563536799, 1350628
563662057, 565006399, 1344342
565278742, 566626742, 1348000
566747999, 568266628, 1518629
568389714, 569743656, 1353942
569865142, 571384799, 1519657
571508571, 572835199, 1326628
572957485, 574442857, 1485372
574567085, 575871542, 1304457
575991771, 577475771, 1484000
577600114, 578906171, 1306057
579190742, 580541371, 1350629
580665828, 581964685, 1298857
582232571, 583640457, 1407886
583759885, 585276228, 1516343
585400228, 586758856, 1358628
586884914, 588382742, 1497828
588506285, 589830514, 1324229
589951656, 591440114, 1488458
591564914, 592881028, 1316114
593001714, 594487657, 1485943
594611428, 595926856, 1315428
596211657, 597570514, 1358857
597694171, 599154057, 1459886
599281028, 600709714, 1428686
600831085, 602359314, 1528229
602483428, 603826628, 1343200
603950399, 605437257, 1486858
605561371, 606864685, 1303314
606985485, 608457485, 1472000
608580457, 609882628, 1302171
610003656, 611490857, 1487201
611614628, 612987542, 1372914
613257942, 614672799, 1414857
614791999, 616306742, 1514743
616430514, 617799771, 1369257
617921142, 619420571, 1499429
619545371, 620854628, 1309257
620974628, 622459314, 1484686
622583657, 623876914, 1293257
623997371, 625489142, 1491771
625613942, 626981028, 1367086
627254285, 628623542, 1369257
628743199, 630230971, 1487772
630355314, 631719656, 1364342
631841028, 633365828, 1524800
633490057, 634806399, 1316342
634927656, 636418628, 1490972
636543199, 637856914, 1313715
637977256, 639460571, 1483315
639584457, 640884456, 1299999
641004914, 642485028, 1480114
642609599, 643924914, 1315315
644206742, 645558057, 1351315
645680114, 646992685, 1312571
647262285, 648674628, 1412343
648794628, 650304685, 1510057
650429257, 651807199, 1377942
651929485, 653432799, 1503314
653558285, 654869942, 1311657
654990971, 656477599, 1486628
656603314, 657896571, 1293257
658179999, 659523314, 1343315
659649371, 660952228, 1302857
661229828, 662635771, 1405943
663494628, 664918742, 1424114
665206399, 666566285, 1359886
666689942, 668187428, 1497486
668314285, 669947428, 1633143
670224571, 671583314, 1358743
671706628, 673188228, 1481600
673312457, 674650399, 1337942
674769371, 676286171, 1516800
676409714, 677787199, 1377485
677908228, 679444457, 1536229
679568685, 680935085, 1366400
681212114, 682557028, 1344914
682679542, 684143199, 1463657
684270057, 685618057, 1348000
685738971, 687211771, 1472800
687335314, 688712456, 1377142
688833256, 690369257, 1536001
690494399, 691844685, 1350286
691965714, 693455999, 1490285
693580228, 694876114, 1295886
694996114, 696498057, 1501943
696621371, 697918742, 1297371
698197028, 699544457, 1347429
699666857, 700970514, 1303657
701240228, 702585942, 1345714
702707771, 704162514, 1454743
704289257, 705653714, 1364457
705773142, 707288799, 1515657
707412685, 708790399, 1377714
708911199, 710416342, 1505143
710541371, 711854514, 1313143
711976228, 713466857, 1490629
713590514, 714887542, 1297028
715007885, 716506285, 1498400
716630285, 717938856, 1308571
718215771, 719557599, 1341828
719680114, 721001256, 1321142
721270628, 722639656, 1369028
722760228, 724277142, 1516914
724401257, 725788571, 1387314
725910171, 727412571, 1502400
727537371, 728851542, 1314171
728972456, 730468685, 1496229
730593142, 731917028, 1323886
732190971, 733545257, 1354286
733668571, 734983428, 1314857
735255199, 736656228, 1401029
736775656, 738290857, 1515201
738414514, 739781142, 1366628
739902514, 741410399, 1507885
741534628, 742847428, 1312800
742968114, 744451885, 1483771
744575999, 745881599, 1305600
746001942, 747549485, 1547543
747671771, 749176799, 1505028
749303428, 750657256, 1353828
750776914, 752288457, 1511543
752412114, 753785714, 1373600
753906742, 755419771, 1513029
755545257, 756855885, 1310628
756977371, 758453942, 1476571
758579428, 759906742, 1327314
760190399, 761551885, 1361486
761678399, 763181942, 1503543
763309599, 764644799, 1335200
764764342, 766270742, 1506400
766396571, 767766285, 1369714
767888914, 769376114, 1487200
769500914, 770821714, 1320800
770944799, 772421714, 1476915
772546857, 773848685, 1301828
773970514, 775449942, 1479428
775574628, 777268914, 1694286
777395657, 778778742, 1383085
778900228, 780378171, 1477943
780503885, 781820228, 1316343
781943314, 783431314, 1488000
783557257, 784857599, 1300342
784979428, 786466971, 1487543
786591199, 787886171, 1294972
788007199, 789520342, 1513143
789646971, 790949371, 1302400
791226742, 792562857, 1336115
792686171, 793981028, 1294857
794251885, 795614057, 1362172
795734628, 797194971, 1460343
797319542, 798650971, 1331429
798770056, 800277599, 1507543
800401714, 801766056, 1364342
801889371, 803370514, 1481143
803494628, 804812685, 1318057
804935085, 806417485, 1482400
806542171, 807842399, 1300228
807963542, 809443085, 1479543
809568114, 810868114, 1300000
810990056, 812469485, 1479429
812593942, 813898514, 1304572
814020114, 815502971, 1482857
815626628, 816934171, 1307543
817214857, 818553142, 1338285
818675428, 819973256, 1297828
820243314, 821582399, 1339085
821705028, 823013714, 1308686
823283999, 824628685, 1344686
824748799, 826252799, 1504000
826376914, 827721599, 1344685
827843428, 829318742, 1475314
829442971, 830798742, 1355771
830920799, 832417028, 1496229
832542628, 833849371, 1306743
833971085, 835446514, 1475429
835571885, 836894171, 1322286
837168571, 838520571, 1352000
838645371, 839946285, 1300914
840216457, 841544799, 1328342
841668799, 842986285, 1317486
843263542, 844593371, 1329829
844715999, 846191885, 1475886
846317142, 847656342, 1339200
847775314, 849278857, 1503543
849403771, 850783314, 1379543
850907199, 852398057, 1490858
852523999, 853828571, 1304572
853951771, 855432685, 1480914
855560114, 856881599, 1321485
857004342, 858486399, 1482057
858613371, 859901142, 1287771
860189257, 861529828, 1340571
861655885, 862990742, 1334857
863260342, 864604571, 1344229
864726856, 866233485, 1506629
866358057, 867720799, 1362742
867843656, 869317028, 1473372
869442285, 870800456, 1358171
870923542, 872409257, 1485715
872535657, 874248114, 1712457
874871885, 876460799, 1588914
876588228, 877876685, 1288457
878149714, 879483657, 1333943
879607771, 880913828, 1306057
881197599, 882547885, 1350286
882671314, 883984799, 1313485
884259771, 885603085, 1343314
885723771, 887242742, 1518971
887367314, 888722171, 1354857
888843999, 890323542, 1479543
890448228, 891778399, 1330171
891899885, 893386628, 1486743
893512342, 894831885, 1319543
894954856, 896443542, 1488686
896568342, 897870971, 1302629
897991999, 899481142, 1489143
899605942, 900902856, 1296914
901182628, 902534628, 1352000
902658285, 903961256, 1302971
904237485, 905573714, 1336229
905696114, 907139314, 1443200
907267085, 908622399, 1355314
908742971, 910209942, 1466971
910335428, 911750171, 1414743
911871314, 913360914, 1489600
913485828, 914795542, 1309714
914916914, 916407542, 1490628
916532228, 917842399, 1310171
917964571, 919445485, 1480914
919569942, 920861942, 1292000
920984114, 922468799, 1484685
922593942, 923953371, 1359429
924227085, 925584685, 1357600
925706399, 926590628, 884229
926709714, 932566629, 5856915
932693486, 934169829, 1476343
934293829, 935718629, 1424800
935839429, 937366172, 1526743
937489943, 938864914, 1374971
938986857, 940531886, 1545029
940654857, 942168572, 1513715
942295429, 943205258, 909829
943328572, 945985143, 2656571
946260458, 947621029, 1360571
947741600, 949221372, 1479772
949346400, 950725029, 1378629
950846171, 952322857, 1476686
952448229, 953792343, 1344114
953914286, 955406857, 1492571
955531429, 956840800, 1309371
956962286, 958494400, 1532114
958619086, 959939771, 1320685
960222972, 961614857, 1391885
961736686, 963209029, 1472343
963335543, 964662172, 1326629
964781714, 966282972, 1501258
966408457, 967773371, 1364914
967895543, 969390286, 1494743
969517029, 970826971, 1309942
970949600, 972424000, 1474400
972547886, 973886057, 1338171
974162972, 975501714, 1338742
975625829, 976938743, 1312914
977219086, 978574286, 1355200
978696800, 980004114, 1307314
980275886, 981633600, 1357714
981754514, 983265257, 1510743
983390515, 984755772, 1365257
984877486, 986367772, 1490286
986493372, 987816114, 1322742
987938400, 989425715, 1487315
989551886, 990871200, 1319314
990992457, 992528914, 1536457
992653143, 993946743, 1293600
994224000, 995615772, 1391772
995735886, 997196343, 1460457
997321715, 998642857, 1321142
998762857, 278857, -998484000
404800, 1786857, 1382057
1908114, 3396229, 1488115
3520229, 4826286, 1306057
4946743, 6869714, 1922971
6993143, 8483315, 1490172
8606514, 9957371, 1350857
10230400, 11585600, 1355200
11707200, 13021714, 1314514
13288000, 14906171, 1618171
15189943, 16533829, 1343886
16657600, 17985943, 1328343
18255772, 19598286, 1342514
19716800, 21237029, 1520229
21360115, 22750743, 1390628
22872000, 24358857, 1486857
24484115, 25851657, 1367542
25973600, 27457257, 1483657
27581143, 28881143, 1300000
29162286, 30516915, 1354629
30640572, 31941029, 1300457
32213372, 33574057, 1360685
33696229, 34999771, 1303542
35271200, 36624229, 1353029
36744572, 38234629, 1490057
38358057, 39725143, 1367086
39845371, 41325257, 1479886
41448686, 42811200, 1362514
42932114, 44415200, 1483086
44538743, 45837829, 1299086
45959657, 47436115, 1476458
47560343, 49630972, 2070629
49757714, 51290057, 1532343
51415429, 52775886, 1360457
52906057, 54409029, 1502972
54533029, 55850286, 1317257
55972343, 57491772, 1519429
57615086, 58913029, 1297943
59190629, 60528343, 1337714
60652572, 61947086, 1294514
62245600, 63607200, 1361600
63730172, 65197943, 1467771
65321943, 66716457, 1394514
66844571, 68329829, 1485258
68454629, 69793486, 1338857
69916000, 71412457, 1496457
71537029, 72885371, 1348342
73006057, 74487657, 1481600
74611429, 76328686, 1717257
76457943, 77819200, 1361257
77941371, 79438172, 1496801
79562629, 80851200, 1288571
80972800, 82446172, 1473372
82571200, 83863771, 1292571
84139086, 85502400, 1363314
85626057, 86917371, 1291314
87196800, 88528229, 1331429
88652000, 89942971, 1290971
90217829, 91575886, 1358057
91698743, 93156458, 1457715
93283886, 94633714, 1349828
94754172, 96254058, 1499886
96378857, 97761371, 1382514
97883771, 99353372, 1469601
99477715, 100841486, 1363771
101692114, 103326857, 1634743
103453486, 104779886, 1326400
104901029, 106403086, 1502057
106528914, 107838971, 1310057
107960114, 109437600, 1477486
109562857, 110858286, 1295429
110980114, 112462057, 1481943
112587200, 113888914, 1301714
114164572, 115502172, 1337600
115627543, 116923086, 1295543
117201715, 118538972, 1337257
118661257, 119959314, 1298057
120233143, 121568114, 1334971
121690286, 123138743, 1448457
123266629, 124609486, 1342857
124729829, 126182858, 1453029
126308457, 127648229, 1339772
127768229, 129278515, 1510286
129403086, 130764229, 1361143
130887771, 132402857, 1515086
132529943, 133849714, 1319771
133972571, 135454400, 1481829
135579429, 136870171, 1290742
137147429, 138480800, 1333371
138606057, 139890400, 1284343
140011200, 141504229, 1493029
141628000, 142929371, 1301371
143203543, 144543086, 1339543
144665486, 145957486, 1292000
146234172, 147567886, 1333714
147690286, 149140229, 1449943
149267772, 150622972, 1355200
150743657, 152212343, 1468686
152337486, 153728229, 1390743
153849600, 155319429, 1469829
155445372, 156810400, 1365028
156931886, 158430743, 1498857
158556343, 159861371, 1305028
159983657, 161468343, 1484686
161593714, 162894514, 1300800
163017714, 164510743, 1493029
164634857, 165937486, 1302629
166212686, 167577714, 1365028
167700914, 169005371, 1304457
169275543, 170631772, 1356229
170752572, 172257029, 1504457
172381257, 173733943, 1352686
173856914, 175342400, 1485486
175467657, 176827086, 1359429
176949257, 178442972, 1493715
178567200, 179867657, 1300457
180145372, 181487657, 1342285
181611772, 182909257, 1297485
183189258, 184540343, 1351085
184663886, 185953829, 1289943
186222400, 187615886, 1393486
187736457, 189247772, 1511315
189373372, 190739429, 1366057
190860914, 192341829, 1480915
192466857, 193828571, 1361714
193950514, 195429029, 1478515
195553714, 196845257, 1291543
196966629, 198434743, 1468114
198559086, 199856571, 1297485
199977943, 201501029, 1523086
201625829, 202920800, 1294971
203198172, 204540800, 1342628
204665600, 205957600, 1292000
206233372, 207584572, 1351200
207706972, 209168000, 1461028
209294286, 210637714, 1343428
210756914, 212264915, 1508001
212389715, 213746057, 1356342
213868114, 215382515, 1514401
215507086, 216825371, 1318285
216948229, 218430972, 1482743
218556457, 219855771, 1299314
219977600, 221445600, 1468000
221569943, 222862171, 1292228
222982857, 224459657, 1476800
224584800, 225880800, 1296000
226002857, 227498514, 1495657
227622857, 228924686, 1301829
229198629, 230533143, 1334514
230657714, 232169715, 1512001
232296800, 233630514, 1333714
233750971, 235254057, 1503086
235378515, 236764114, 1385599
236891771, 238381257, 1489486
238507200, 239824686, 1317486
239948114, 241433143, 1485029
241558286, 242897029, 1338743
243188458, 244530743, 1342285
244654172, 245943429, 1289257
246211658, 247567772, 1356114
247690057, 249142400, 1452343
249270400, 250601486, 1331086
250723657, 252235200, 1511543
252359657, 253721600, 1361943
253843657, 255324457, 1480800
255449943, 256813029, 1363086
256935200, 258432229, 1497029
258558057, 259854057, 1296000
259975771, 261450057, 1474286
261575772, 262864343, 1288571
262986514, 264475429, 1488915
264599886, 265892229, 1292343
266181029, 267518972, 1337943
267644457, 268936343, 1291886
269210400, 270544229, 1333829
270666629, 271964457, 1297828
272234858, 273597029, 1362171
273719543, 275188458, 1468915
275313600, 276647429, 1333829
276766743, 278269029, 1502286
278393715, 279770971, 1377256
279893486, 281382972, 1489486
281508800, 282824457, 1315657
282946743, 284432572, 1485829
284557829, 285872114, 1314285
285994171, 287522743, 1528572
287646743, 289015200, 1368457
289282629, 290625714, 1343085
290746172, 292249258, 1503086
292374743, 293735200, 1360457
293858400, 295350400, 1492000
295476343, 296805943, 1329600
296929829, 298440343, 1510514
298566857, 299865143, 1298286
299986286, 301492686, 1506400
301622514, 302921257, 1298743
303201029, 304559086, 1358057
304682514, 305986171, 1303657
306260115, 307598400, 1338285
307719314, 309171200, 1451886
309296457, 310626514, 1330057
311473600, 312891314, 1417714
313165258, 314510629, 1345371
314634400, 315923429, 1289029
316201715, 317547314, 1345599
317669943, 318963086, 1293143
319239086, 320594172, 1355086
320716686, 322186972, 1470286
322311886, 323648343, 1336457
323767771, 325270515, 1502744
325396457, 326766629, 1370172
326888457, 328368686, 1480229
328493943, 329826514, 1332571
329950057, 331435657, 1485600
331560914, 332858286, 1297372
332980000, 334458629, 1478629
334583086, 335866286, 1283200
335986971, 337490972, 1504001
337615429, 338917943, 1302514
339199543, 340537372, 1337829
340660686, 341953143, 1292457
342224800, 343570057, 1345257
343692457, 344995086, 1302629
345264343, 346624457, 1360114
346745257, 348264115, 1518858
348389257, 349753829, 1364572
349875429, 351350057, 1474628
351475200, 352787200, 1312000
352908571, 354428915, 1520344
354556229, 355860457, 1304228
355982057, 357466743, 1484686
357592000, 358889371, 1297371
359162743, 360503886, 1341143
360630057, 361927200, 1297143
362205029, 363538629, 1333600
363663314, 365206172, 1542858
365332229, 366695429, 1363200
366818400, 368303543, 1485143
368428686, 369787314, 1358628
369909829, 371420686, 1510857
371546286, 372845943, 1299657
372966514, 374436915, 1470401
374561486, 375853600, 1292114
375974514, 377443543, 1469029
377567429, 378857029, 1289600
378978057, 380454057, 1476000
380578629, 381867543, 1288914
382024800, 383486629, 1461829
383610972, 384906514, 1295542
385187200, 386530400, 1343200
386654286, 388005600, 1351314
388275315, 389621943, 1346628
389742172, 391248572, 1506400
391373486, 392728800, 1355314
392850286, 394834057, 1983771
394964000, 396447543, 1483543
396573372, 397873143, 1299771
397993600, 399472343, 1478743
399596000, 400887200, 1291200
401164115, 402504800, 1340685
402628229, 403915086, 1286857
404194172, 405532572, 1338400
405657143, 406983200, 1326057
407252915, 408592457, 1339542
408712114, 410021028, 1308914
410288915, 411628800, 1339885
411748457, 413260000, 1511543
413384343, 414743314, 1358971
414865257, 416339086, 1473829
416463657, 417813829, 1350172
417935429, 419418057, 1482628
419543543, 420865029, 1321486
420985371, 422481372, 1496001
422605714, 423908229, 1302515
424216229, 425580686, 1364457
425702857, 427174058, 1471201
427299315, 428677486, 1378171
428804914, 430311657, 1506743
430436800, 431814286, 1377486
431936000, 433419657, 1483657
433544686, 434846743, 1302057
434968343, 436438857, 1470514
436563543, 437881829, 1318286
438003543, 439480457, 1476914
439604572, 440898286, 1293714
441177258, 442528343, 1351085
442651772, 443945943, 1294171
444222858, 445619543, 1396685
445739657, 447209143, 1469486
447333715, 448656343, 1322628
448775086, 450277486, 1502400
450402172, 451770286, 1368114
451892571, 453371086, 1478515
453496114, 454813943, 1317829
454936343, 456425943, 1489600
456553372, 457852914, 1299542
457975086, 459447772, 1472686
459574286, 460862857, 1288571
460984000, 462479772, 1495772
462606857, 463905143, 1298286
464182172, 465521943, 1339771
465646629, 466958629, 1312000
467231200, 468575657, 1344457
468697829, 470173143, 1475314
470297715, 471200229, 902514
471323772, 473446400, 2122628
473575200, 474920114, 1344914
475195543, 476548914, 1353371
476673029, 477984800, 1311771
478259429, 479598286, 1338857
479721029, 481240686, 1519657
481364572, 482737486, 1372914
482859543, 484395772, 1536229
484524343, 485874857, 1350514
485996343, 487547314, 1550971
487670057, 489201600, 1531543
489325257, 490736000, 1410743
490857486, 492376800, 1519314
492500457, 493823886, 1323429
493945714, 495425029, 1479315
495550057, 496911429, 1361372
497184343, 498549029, 1364686
498671543, 500141486, 1469943
500268457, 501609943, 1341486
501732000, 503247429, 1515429
503372115, 504762172, 1390057
504885486, 506382857, 1497371
506507657, 507835429, 1327772
507958514, 509443200, 1484686
509568800, 510872343, 1303543
510992800, 512475200, 1482400
512599772, 513900343, 1300571
514180000, 515522972, 1342972
515647429, 516971886, 1324457
517242972, 518593372, 1350400
518716114, 520163543, 1447429
520289257, 521639543, 1350286
521759200, 523269486, 1510286
523922743, 525567886, 1645143
525691543, 527019771, 1328228
527285029, 528641372, 1356343
528760000, 530276000, 1516000
530399543, 531780229, 1380686
531901486, 533410400, 1508914
533534172, 534851543, 1317371
534972343, 536451429, 1479086
536575429, 537878743, 1303314
537998400, 539480000, 1481600
539603886, 540908914, 1305028
541188915, 542535886, 1346971
542658629, 543973600, 1314971
544242058, 545662057, 1419999
545781486, 547439543, 1658057
547566743, 548895429, 1328686
549177258, 550530057, 1352799
550653143, 551979429, 1326286
552251200, 553614286, 1363086
553735772, 555213258, 1477486
555336915, 556747543, 1410628
556869143, 558353257, 1484114
558479086, 559797257, 1318171
559919771, 561424115, 1504344
561549143, 562856800, 1307657
562976800, 564472000, 1495200
564595886, 565922743, 1326857
566200343, 567609943, 1409600
567732800, 569255429, 1522629
569378515, 570737714, 1359199
570859886, 572341029, 1481143
572465372, 573817829, 1352457
573938629, 575423886, 1485257
575548114, 576850171, 1302057
576970971, 578453943, 1482972
578578172, 579878743, 1300571
579999543, 581484229, 1484686
581607314, 582911771, 1304457
583191543, 584531200, 1339657
584655200, 585972114, 1316914
586245600, 587599086, 1353486
587720457, 589245600, 1525143
589368915, 590734514, 1365599
590856800, 592335657, 1478857
592459657, 593786400, 1326743
593907543, 595406286, 1498743
595530400, 596899771, 1369371
597181943, 598538400, 1356457
598661257, 599966514, 1305257
600234858, 601642057, 1407199
601761257, 603278743, 1517486
603402857, 604784000, 1381143
604904914, 606420000, 1515086
606543772, 607854400, 1310628
607974629, 609450857, 1476228
609575657, 610892114, 1316457
611163543, 612503086, 1339543
612626743, 613931429, 1304686
614204915, 615618286, 1413371
615738172, 617260115, 1521943
617383657, 618741372, 1357715
618862857, 620347315, 1484458
620471657, 621796229, 1324572
621918743, 623649486, 1730743
623771886, 625294857, 1522971
625419886, 626794286, 1374400
626915429, 628414286, 1498857
628538857, 629848000, 1309143
629968457, 631454400, 1485943
631579200, 632905829, 1326629
633183543, 634528457, 1344914
634652457, 635944686, 1292229
636213943, 637567314, 1353371
637689943, 639166858, 1476915
639291772, 640652000, 1360228
640771657, 642281943, 1510286
642405715, 643788571, 1382856
643909371, 645402286, 1492915
645526172, 646869714, 1343542
646990857, 648481600, 1490743
648605257, 649923200, 1317943
650203543, 650975314, 771771
651233715, 656316800, 5083085
656444800, 657779429, 1334629
657901829, 659412343, 1510514
659538172, 660861029, 1322857
660982400, 662473600, 1491200
662599543, 663910629, 1311086
664190058, 664949143, 759085
665219315, 667539314, 2319999
667668343, 668998400, 1330057
669270172, 670642743, 1372571
670762972, 672279429, 1516457
672402515, 673756800, 1354285
673878629, 675366515, 1487886
675490286, 676811543, 1321257
676932686, 678430400, 1497714
678554172, 679886286, 1332114
680005828, 681503314, 1497486
681626972, 682943543, 1316571
683227886, 684591429, 1363543
684714057, 686174629, 1460572
686302400, 687662743, 1360343
687783200, 689301029, 1517829
689425372, 690800229, 1374857
690920800, 692419543, 1498743
692544000, 693852914, 1308914
693973943, 695454972, 1481029
695579086, 696919771, 1340685
697202515, 698563657, 1361142
698685943, 699994971, 1309028
700262172, 701606972, 1344800
701729372, 703255429, 1526057
703379086, 704739886, 1360800
704860914, 706353029, 1492115
706477143, 707818514, 1341371
707942743, 709438172, 1495429
709562514, 710890629, 1328115
711010286, 712503315, 1493029
712627086, 713920114, 1293028
714200800, 715549143, 1348343
715671086, 716993257, 1322171
717267429, 718618286, 1350857
718739429, 720255315, 1515886
720379543, 721747314, 1367771
721868914, 723360572, 1491658
723485829, 724812914, 1327085
724935771, 726438286, 1502515
726563314, 727870971, 1307657
727991543, 729481486, 1489943
729606172, 730912686, 1306514
731192229, 732603200, 1410971
732724229, 734189943, 1465714
734314515, 735724343, 1409828
735846629, 737328343, 1481714
737453257, 738809257, 1356000
738930857, 740418857, 1488000
741245143, 742745829, 1500686
742868686, 744360229, 1491543
744484343, 745826743, 1342400
745951086, 747438629, 1487543
747562629, 748867657, 1305028
748988000, 750480915, 1492915
750604800, 751914286, 1309486
752196915, 753550857, 1353942
753673714, 755001600, 1327886
755270172, 756619657, 1349485
756739886, 758262515, 1522629
758385600, 759737943, 1352343
759859086, 761340343, 1481257
761465257, 762817829, 1352572
762940114, 764429372, 1489258
764553943, 765854857, 1300914
765975886, 767462743, 1486857
767586857, 768899314, 1312457
769181715, 770525143, 1343428
770648686, 771945943, 1297257
772223543, 773594400, 1370857
773716686, 775202058, 1485372
775325829, 776678400, 1352571
776798400, 778309486, 1511086
778434286, 779814857, 1380571
779935886, 781433600, 1497714
781558057, 782867886, 1309829
782988229, 784467086, 1478857
784590400, 785894629, 1304229
786173372, 787521029, 1347657
787645486, 788950057, 1304571
789226515, 790577714, 1351199
790699772, 792156800, 1457028
792283429, 793721029, 1437600
793843200, 795325372, 1482172
795449715, 796822057, 1372342
796942971, 798431315, 1488344
798555314, 799887543, 1332229
800157715, 801500572, 1342857
801625029, 802953029, 1328000
803224115, 804634514, 1410399
804754629, 806225258, 1470629
806348343, 807732343, 1384000
807853371, 809338629, 1485258
809463429, 810817600, 1354171
810938514, 812431886, 1493372
812556000, 813868914, 1312914
813990286, 815531772, 1541486
815656114, 816960457, 1304343
817228686, 818599200, 1370514
818721829, 820189372, 1467543
820314057, 821646629, 1332572
821765486, 823281943, 1516457
823405372, 824782629, 1377257
824904800, 826417372, 1512572
826542629, 827873714, 1331085
827994057, 829478743, 1484686
829602514, 830914514, 1312000
831194972, 832542857, 1347885
832666400, 833967543, 1301143
834236800, 835606400, 1369600
835728457, 837201829, 1473372
837325715, 838664000, 1338285
838782857, 840294857, 1512000
840418286, 841796114, 1377828
841917143, 843417715, 1500572
843542857, 844818857, 1276000
844946286, 846465715, 1519429
846589943, 847895200, 1305257
848165029, 849531429, 1366400
849655314, 850978514, 1323200
851246286, 852606514, 1360228
852729029, 854256229, 1527200
854379886, 855737486, 1357600
855858286, 857384915, 1526629
857511886, 858861943, 1350057
858983429, 860473600, 1490171
860598743, 861901257, 1302514
862188343, 863561372, 1373029
863684686, 864996114, 1311428
865260343, 866606629, 1346286
866726857, 868251086, 1524229
868375429, 869751314, 1375885
869873486, 871361486, 1488000
871485029, 872817257, 1332228
872940229, 874425486, 1485257
874549714, 875873829, 1324115
875994743, 877488000, 1493257
877612686, 878967543, 1354857
879243772, 880609029, 1365257
880729714, 882258286, 1528572
882382515, 883761714, 1379199
883882857, 885367772, 1484915
885492115, 886828229, 1336114
886951429, 888440457, 1489028
888565714, 889890057, 1324343
890011314, 891498629, 1487315
891622286, 892939886, 1317600
893221029, 894589257, 1368228
894711543, 896156458, 1444915
896283200, 897624343, 1341143
897745029, 899261372, 1516343
899384686, 900765143, 1380457
900886057, 902375886, 1489829
902499657, 903823657, 1324000
903945600, 905426629, 1481029
905551772, 906884686, 1332914
907004800, 908506972, 1502172
908631200, 909949829, 1318629
910226400, 911580114, 1353714
911702629, 913160800, 1458171
913287772, 914720914, 1433142
914842629, 916318743, 1476114
916442629, 917798400, 1355771
917919657, 919416800, 1497143
919540572, 920845143, 1304571
920965486, 922449029, 1483543
922573714, 923879200, 1305486
924147429, 925492572, 1345143
925616800, 926945829, 1329029
927225829, 928568229, 1342400
928690057, 930005257, 1315200
930273486, 931613943, 1340457
931734629, 933252915, 1518286
933377143, 934736686, 1359543
934857600, 936346857, 1489257
936471772, 937818857, 1347085
937942857, 939432115, 1489258
939557600, 940893143, 1335543
941181143, 942526629, 1345486
942651657, 943957714, 1306057
944242629, 945588572, 1345943
945712914, 947025371, 1312457
947291200, 948720343, 1429143
948841829, 950319886, 1478057
950445600, 951816800, 1371200
952628914, 954284915, 1656001
954411772, 955829257, 1417485
955950743, 957479657, 1528914
957603200, 958971086, 1367886
959244115, 960649714, 1405599
960770514, 962280457, 1509943
962406286, 963809829, 1403543
963931771, 965468915, 1537144
965592686, 966960571, 1367885
967235315, 968640572, 1405257
968761486, 970279086, 1517600
970403315, 971762857, 1359542
971883429, 973370972, 1487543
973494629, 974818857, 1324228
974941600, 976433600, 1492000
976557943, 977891771, 1333828
978162629, 979500800, 1338171
979624572, 980988000, 1363428
981258857, 982597714, 1338857
982719772, 984170515, 1450743
984297372, 985667772, 1370400
985786629, 987299543, 1512914
987423772, 988833943, 1410171
988955314, 990442515, 1487201
990566743, 991879429, 1312686
991999886, 993502972, 1503086
993626400, 994970629, 1344229
995244572, 996590743, 1346171
996713143, 998244686, 1531543
998367772, 6971, -998360801
286172, 1724000, 1437828
1844114, 3333486, 1489372
3456572, 4814629, 1358057
4934171, 6781829, 1847658
6916000, 8446172, 1530172
8570286, 9898286, 1328000
10180229, 11530629, 1350400
11654514, 13165486, 1510972
13293257, 14632114, 1338857
14751086, 16266857, 1515771
16389372, 17788800, 1399428
17908686, 19409143, 1500457
19532686, 20867086, 1334400
20986629, 22477257, 1490628
22600343, 23918629, 1318286
24195086, 25546972, 1351886
25670857, 27145372, 1474515
27272000, 28672343, 1400343
28790286, 30292915, 1502629
30416229, 31780229, 1364000
31900457, 33412457, 1512000
33536343, 34868686, 1332343
34989029, 36476000, 1486971
36599772, 37900343, 1300571
38174172, 39522057, 1347885
39645257, 40970171, 1324914
41241829, 42603543, 1361714
42725257, 44192458, 1467201
44316343, 45651657, 1335314
45770171, 47285600, 1515429
47409257, 49431086, 2021829
49559772, 50897486, 1337714
51168572, 52521029, 1352457
52644572, 53969371, 1324799
54238858, 55598400, 1359542
55720229, 57250515, 1530286
57373029, 58753143, 1380114
58874057, 60366629, 1492572
60490629, 61816114, 1325485
61936571, 63430515, 1493944
63555200, 64893257, 1338057
65013257, 66505029, 1491772
66628572, 67935429, 1306857
68216686, 69618286, 1401600
69739086, 71252915, 1513829
71376457, 72753600, 1377143
72875086, 74359543, 1484457
74483200, 75817600, 1334400
75938171, 77421829, 1483658
77545257, 78865600, 1320343
78985714, 80460800, 1475086
80584457, 81891086, 1306629
82010857, 83497829, 1486972
83620572, 84952343, 1331771
85235543, 86590400, 1354857
86710400, 88251886, 1541486
88375429, 89731772, 1356343
89852229, 91373600, 1521371
91501486, 92897143, 1395657
93022286, 94504572, 1482286
94627886, 95947200, 1319314
96222515, 97561029, 1338514
97682857, 98983543, 1300686
99251543, 100586172, 1334629
100708114, 102016228, 1308114
102283543, 103675429, 1391886
103794286, 105265943, 1471657
105391200, 106759543, 1368343
106882286, 108372457, 1490171
108497829, 109804000, 1306171
109925371, 111413372, 1488001
111537829, 112875543, 1337714
112997943, 114498857, 1500914
114624114, 115981371, 1357257
116251543, 117603200, 1351657
117723543, 119241715, 1518172
119366400, 120718514, 1352114
120839886, 122312800, 1472914
122438286, 123791657, 1353371
123913600, 125409600, 1496000
125536343, 126855543, 1319200
126978971, 128456343, 1477372
128580000, 129875771, 1295771
130157029, 131502057, 1345028
131627086, 132939543, 1312457
133214400, 134550057, 1335657
134673257, 136002971, 1329714
136275315, 137609257, 1333942
137732800, 139243543, 1510743
139368572, 140724457, 1355885
140845600, 142311772, 1466172
142436572, 143787200, 1350628
143909143, 145452000, 1542857
145580686, 146883657, 1302971
147170858, 148508915, 1338057
148632914, 149919429, 1286515
150200115, 151539543, 1339428
151662629, 152960229, 1297600
153231658, 154573943, 1342285
154696914, 156145372, 1448458
156272915, 157602172, 1329257
157723543, 159228229, 1504686
159354743, 160713257, 1358514
160836343, 162302400, 1466057
162429715, 163787543, 1357828
163911200, 165410400, 1499200
165536686, 166834514, 1297828
166956914, 168430515, 1473601
168556229, 169849714, 1293485
169971771, 171446629, 1474858
171571772, 172873143, 1301371
173153829, 174492915, 1339086
175362400, 176801600, 1439200
176924800, 178425372, 1500572
178552000, 179850286, 1298286
179970857, 181465600, 1494743
181589372, 182912457, 1323085
183195886, 184558400, 1362514
184681600, 186139658, 1458058
186267772, 187625714, 1357942
187746286, 189215429, 1469143
189340000, 190746972, 1406972
190872229, 192373372, 1501143
192498743, 193827543, 1328800
193949829, 195431086, 1481257
195555886, 196858400, 1302514
196979657, 198455657, 1476000
198580800, 199890514, 1309714
200012571, 201508000, 1495429
201632572, 202971657, 1339085
203246743, 204585714, 1338971
204708343, 206154858, 1446515
206282172, 207718286, 1436114
207840343, 209302057, 1461714
209427086, 210798514, 1371428
210921143, 212420915, 1499772
212546972, 213860457, 1313485
213982971, 215455200, 1472229
215579543, 216873371, 1293828
217148229, 218499086, 1350857
218622972, 219918629, 1295657
220202058, 221562972, 1360914
221685600, 223182858, 1497258
223309372, 224660914, 1351542
224779657, 226282972, 1503315
226408686, 227777714, 1369028
227899771, 229396115, 1496344
229521829, 230846400, 1324571
230968686, 232461372, 1492686
232585372, 233886057, 1300685
234195429, 235556914, 1361485
235680457, 236997486, 1317029
237264686, 238600800, 1336114
238720686, 240168458, 1447772
240293372, 241615314, 1321942
241736000, 243245829, 1509829
243370972, 244729829, 1358857
244851314, 246315315, 1464001
246439543, 247800800, 1361257
247922514, 249412115, 1489601
249536572, 250861829, 1325257
250983200, 252470400, 1487200
252594514, 253892914, 1298400
254163543, 255498057, 1334514
255622172, 256910857, 1288685
257192343, 258524457, 1332114
258650057, 259956457, 1306400
260235543, 261586172, 1350629
261711657, 263158629, 1446972
263287086, 264618400, 1331314
264739429, 266251543, 1512114
266378172, 267730286, 1352114
267852343, 269344800, 1492457
269470286, 270786400, 1316114
270908800, 272398857, 1490057
272524457, 273884571, 1360114
274007086, 275488115, 1481029
275612229, 276904914, 1292685
277191658, 278534057, 1342399
278658286, 279950057, 1291771
280221029, 281573486, 1352457
281696000, 283148800, 1452800
283276686, 284616686, 1340000
284737372, 286247543, 1510171
286372343, 287718743, 1346400
287840800, 289305943, 1465143
289431543, 290788229, 1356686
290909600, 292413486, 1503886
292538857, 293836457, 1297600
293958057, 295472343, 1514286
295597714, 296888457, 1290743
297008914, 298491657, 1482743
298615772, 299911086, 1295314
300183200, 301519200, 1336000
301643314, 302941943, 1298629
303218400, 304586857, 1368457
304710400, 306011543, 1301143
306281029, 307625143, 1344114
307746629, 309253372, 1506743
309377943, 310765714, 1387771
310890057, 312380229, 1490172
312504572, 313837257, 1332685
313959086, 315432800, 1473714
315557600, 316853600, 1296000
316974743, 318450857, 1476114
318575657, 319874857, 1299200
320154515, 321490629, 1336114
321614743, 322924800, 1310057
323204458, 324541257, 1336799
324664343, 325998628, 1334285
326272229, 327633257, 1361028
327754400, 329263429, 1509029
329388915, 330756914, 1367999
330878171, 332617257, 1739086
332741143, 334256686, 1515543
334380572, 335738286, 1357714
335868686, 337343543, 1474857
337468229, 338802400, 1334171
338924000, 340418057, 1494057
340543886, 341863314, 1319428
341983657, 343480686, 1497029
343604457, 344912000, 1307543
345195658, 346591086, 1395428
346713829, 348025028, 1311199
348293715, 349716800, 1423085
349838400, 351315086, 1476686
351439772, 352797029, 1357257
352918857, 354408572, 1489715
354534972, 355845943, 1310971
355968114, 357450743, 1482629
357576000, 358875314, 1299314
359157600, 360485943, 1328343
360611772, 361919200, 1307428
362202286, 363545372, 1343086
363668114, 364961486, 1293372
365232915, 366837371, 1604456
366965943, 368465829, 1499886
368590629, 369891314, 1300685
370163772, 371494286, 1330514
371619429, 372902514, 1283085
373183086, 374518172, 1335086
374643314, 375972914, 1329600
376249029, 377602172, 1353143
377725372, 379229715, 1504343
379354629, 380709372, 1354743
380831657, 382300000, 1468343
382426400, 383793257, 1366857
383915886, 385415086, 1499200
386239772, 387726514, 1486742
387851543, 389373372, 1521829
389499772, 390840800, 1341028
390962743, 392457943, 1495200
392582514, 393881371, 1298857
394167772, 395508229, 1340457
395633486, 397317029, 1683543
397442515, 398796000, 1353485
398918514, 400415429, 1496915
400541257, 401857143, 1315886
401977829, 403458857, 1481028
403584000, 404883657, 1299657
405004571, 406494972, 1490401
406618743, 407910514, 1291771
408192800, 409533943, 1341143
409658057, 410967200, 1309143
411243886, 412586857, 1342971
412709829, 414175200, 1465371
414301029, 415722629, 1421600
415844457, 417320800, 1476343
417445600, 418781257, 1335657
418903314, 420401029, 1497715
420527429, 421828686, 1301257
421949829, 423425486, 1475657
423550857, 424858743, 1307886
424981143, 426463315, 1482172
426588114, 427880343, 1292229
428165600, 429499772, 1334172
429623886, 430915200, 1291314
431196458, 432553486, 1357028
432676572, 433982400, 1305828
434251315, 435589600, 1338285
435710400, 437172229, 1461829
437300000, 438640457, 1340457
438760457, 440267200, 1506743
440391772, 441748800, 1357028
441871314, 443359772, 1488458
443483772, 444792571, 1308799
444914171, 446418857, 1504686
446544686, 447846514, 1301828
447967657, 449449486, 1481829
449574172, 450881029, 1306857
451152229, 452490972, 1338743
452614972, 453915200, 1300228
454198858, 455550857, 1351999
455674743, 457002514, 1327771
457278400, 458632114, 1353714
458752686, 460263429, 1510743
460389943, 461808114, 1418171
461931314, 463412343, 1481029
463538743, 464844914, 1306171
464967200, 466442743, 1475543
466568343, 467864686, 1296343
467986171, 469468343, 1482172
469592343, 470930743, 1338400
471213600, 472555429, 1341829
472678172, 473986400, 1308228
474254629, 475593486, 1338857
475713714, 477021143, 1307429
477288000, 478704572, 1416572
478826286, 480290172, 1463886
480415543, 481768229, 1352686
481889829, 483385715, 1495886
483512229, 484852229, 1340000
484974057, 486461257, 1487200
486586857, 487898514, 1311657
488172800, 489503314, 1330514
489627886, 490948114, 1320228
491223429, 492582286, 1358857
492704800, 494010286, 1305486
494277943, 495629029, 1351086
495749371, 497212458, 1463087
497337143, 498713600, 1376457
498837943, 500312000, 1474057
500437600, 501798857, 1361257
501920571, 503407086, 1486515
503531429, 504834057, 1302628
504955429, 506428343, 1472914
506552800, 507855314, 1302514
507976343, 509456457, 1480114
509580686, 510880457, 1299771
511160458, 512504343, 1343885
512628800, 513918171, 1289371
514198972, 515550743, 1351771
515673143, 516974400, 1301257
517244800, 518573714, 1328914
518696457, 520005828, 1309371
520275429, 521618972, 1343543
521740229, 523211543, 1471314
523336343, 524702629, 1366286
524826286, 526321143, 1494857
526447315, 527807886, 1360571
527930171, 529410515, 1480344
529534857, 530833600, 1298743
530955314, 532431657, 1476343
532556229, 533863086, 1306857
533984914, 535471200, 1486286
535595429, 536887086, 1291657
537169600, 538561372, 1391772
538683886, 539993828, 1309942
540263086, 541593943, 1330857
541716457, 543183658, 1467201
543311429, 544644800, 1333371
544764114, 546281372, 1517258
546406172, 547815771, 1409599
547937486, 549429715, 1492229
549555543, 550889371, 1333828
551171315, 552512915, 1341600
552637143, 553937371, 1300228
554214515, 555554286, 1339771
555678057, 556973943, 1295886
557247315, 558578629, 1331314
558703657, 560003886, 1300229
560273943, 561626743, 1352800
561746400, 563259315, 1512915
563384343, 564749029, 1364686
564871429, 566359886, 1488457
566485029, 567809371, 1324342
567931771, 569417943, 1486172
569542286, 570838629, 1296343
570960800, 572437943, 1477143
572562857, 573862400, 1299543
573983086, 575470400, 1487314
575594514, 576883543, 1289029
577153600, 578493829, 1340229
578618972, 579925714, 1306742
580211543, 581550514, 1338971
581674514, 582975543, 1301029
583248915, 584593143, 1344228
584717486, 586471886, 1754400
586600457, 587930286, 1329829
588210629, 589530172, 1319543
589655086, 590925829, 1270743
591203200, 592517600, 1314400
592642972, 593904571, 1261599
594183886, 595558286, 1374400
595682629, 597142743, 1460114
597789714, 599357372, 1567658
599485486, 600793257, 1307771
600914171, 602373143, 1458972
602497829, 603797257, 1299428
603918514, 605379543, 1461029
605505943, 606791543, 1285600
606912343, 608394629, 1482286
608521372, 609833600, 1312228
609955086, 611432115, 1477029
611557714, 612825143, 1267429
612945486, 614409715, 1464229
614536457, 615810514, 1274057
615930514, 617392115, 1461601
617518743, 618808457, 1289714
618929371, 620392343, 1462972
620519543, 621817143, 1297600
621938400, 623399772, 1461372
623525143, 624817143, 1292000
624938629, 626404343, 1465714
626530972, 627834171, 1303199
627954514, 629413372, 1458858
629538972, 630829486, 1290514
630950629, 632416229, 1465600
632542972, 633831429, 1288457
633951657, 635409029, 1457372
635534172, 636823886, 1289714
636944914, 638406743, 1461829
638532457, 639835314, 1302857
639956114, 641430515, 1474401
641555429, 642829829, 1274400
642950286, 644415657, 1465371
644541257, 645850971, 1309714
645974171, 647433715, 1459544
647558972, 648835771, 1276799
648956686, 650428686, 1472000
650553714, 652243543, 1689829
652372229, 653717143, 1344914
653838743, 655297486, 1458743
655423086, 656756686, 1333600
656877943, 658325486, 1447543
658449715, 659764800, 1315085
659888229, 661357372, 1469143
661483543, 662813257, 1329714
662934400, 664395543, 1461143
664521257, 665828000, 1306743
665949029, 667404800, 1455771
667530057, 668817143, 1287086
668938514, 670407543, 1469029
670533486, 671814514, 1281028
671934514, 673389029, 1454515
673516229, 674807886, 1291657
674929600, 676393715, 1464115
676521600, 677864914, 1343314
677986514, 679455315, 1468801
679580229, 680871771, 1291542
680994514, 682453829, 1459315
682579086, 683845029, 1265943
683965600, 685425600, 1460000
685550857, 686842171, 1291314
686963429, 688428343, 1464914
688553372, 689862514, 1309142
689985829, 691453029, 1467200
691578400, 692854057, 1275657
692974171, 694434743, 1460572
694561143, 695842400, 1281257
695963200, 697416800, 1453600
697543200, 698850743, 1307543
698971200, 700420115, 1448915
700545257, 701834629, 1289372
701955771, 703411543, 1455772
703537372, 704830171, 1292799
704952457, 706417715, 1465258
706545143, 707824000, 1278857
707944800, 709401486, 1456686
709528114, 710838171, 1310057
710959543, 712406400, 1446857
712532343, 713838171, 1305828
713958857, 715429372, 1470515
715554514, 716821943, 1267429
716944000, 718409486, 1465486
718536914, 719816343, 1279429
719936686, 721403200, 1466514
721529486, 722818171, 1288685
722939771, 724396115, 1456344
724521372, 725814400, 1293028
725935200, 727387315, 1452115
727514286, 728824800, 1310514
728945829, 730410400, 1464571
730536572, 731828114, 1291542
731950057, 733402057, 1452000
733528914, 734822629, 1293715
734944686, 736427429, 1482743
736554857, 737848571, 1293714
737970400, 739427543, 1457143
739553486, 740846171, 1292685
740968229, 742430057, 1461828
742555886, 743836114, 1280228
743957257, 745427772, 1470515
745554629, 746837714, 1283085
746958514, 748410743, 1452229
748536914, 749815543, 1278629
749937371, 751438629, 1501258
751564800, 752850971, 1286171
752973143, 754498057, 1524914
754624914, 755909829, 1284915
756203543, 757522057, 1318514
757646514, 758908114, 1261600
759187429, 760504572, 1317143
760628686, 761895657, 1266971
762016571, 763471886, 1455315
763596800, 764861257, 1264457
764981714, 766458857, 1477143
766583772, 767857143, 1273371
767977371, 769442400, 1465029
769567543, 770844000, 1276457
770964457, 772417029, 1452572
772542286, 773830057, 1287771
773951886, 775417600, 1465714
775545143, 776827314, 1282171
776949029, 778411429, 1462400
778538057, 779829829, 1291772
779951657, 781404915, 1453258
781530629, 782820914, 1290285
782942514, 784429029, 1486515
784556114, 785847429, 1291315
785970514, 787417257, 1446743
787543543, 788834171, 1290628
788956457, 790411429, 1454972
790537943, 791839771, 1301828
791961371, 793418743, 1457372
793544800, 794817486, 1272686
794938857, 796389029, 1450172
796516457, 797823086, 1306629
797945257, 799401143, 1455886
799528572, 800816000, 1287428
800938743, 802402286, 1463543
802529943, 803826286, 1296343
804664686, 806284343, 1619657
806412000, 807747657, 1335657
807868571, 809317257, 1448686
809441829, 810755086, 1313257
810878171, 812318286, 1440115
812443543, 813779886, 1336343
813902286, 815371886, 1469600
815498857, 816792000, 1293143
816912686, 818414172, 1501486
818542743, 819822743, 1280000
819943429, 821410743, 1467314
821537143, 822825943, 1288800
822946743, 824401600, 1454857
824527886, 825817600, 1289714
825938400, 827388457, 1450057
827515314, 828807429, 1292115
828929257, 830382629, 1453372
830509486, 831798400, 1288914
831919314, 833389943, 1470629
833516457, 834807543, 1291086
834928229, 836393600, 1465371
836519886, 837808343, 1288457
837929371, 839384457, 1455086
839510972, 840807086, 1296114
840927886, 842395086, 1467200
842521600, 843819657, 1298057
843941257, 845399886, 1458629
845526857, 846816114, 1289257
846937486, 848409829, 1472343
848536800, 849820457, 1283657
849941486, 851398629, 1457143
851524914, 852816914, 1292000
852938857, 854406743, 1467886
854533600, 855830971, 1297371
855952686, 857406629, 1453943
857533029, 858846743, 1313714
858968000, 860420915, 1452915
860546514, 861833829, 1287315
861954629, 863407886, 1453257
863533600, 864823429, 1289829
864945257, 866406743, 1461486
866532914, 867822857, 1289943
867943771, 869400343, 1456572
869526972, 870835886, 1308914
870957257, 872409715, 1452458
872535314, 873829371, 1294057
873950857, 875407086, 1456229
875532800, 876816571, 1283771
876937257, 878403886, 1466629
878529829, 879816686, 1286857
879937371, 881401486, 1464115
881528800, 882820114, 1291314
882940914, 884403315, 1462401
884530514, 885821600, 1291086
885942629, 887402857, 1460228
887528000, 888859314, 1331314
888978743, 890445600, 1466857
890570286, 891845943, 1275657
891966514, 893426515, 1460001
893552229, 894855314, 1303085
894982514, 896446172, 1463658
896571886, 897863086, 1291200
897984000, 899439086, 1455086
899564572, 900839657, 1275085
900959886, 902411543, 1451657
902537943, 903825943, 1288000
903947086, 905397257, 1450171
905523772, 906815886, 1292114
906937600, 908392457, 1454857
908518400, 909824000, 1305600
909950743, 911410515, 1459772
911537143, 912835429, 1298286
912956571, 914420115, 1463544
914546514, 915824229, 1277715
915944571, 917407886, 1463315
917534172, 918813714, 1279542
918933486, 920405715, 1472229
920531429, 921822400, 1290971
921942743, 923441257, 1498514
923565829, 924844800, 1278971
924965714, 926421829, 1456115
926547086, 927824229, 1277143
927944914, 929407086, 1462172
929534400, 930831543, 1297143
930953029, 932454629, 1501600
932579772, 933848686, 1268914
933968457, 935439886, 1471429
935564800, 936839429, 1274629
936959543, 938417486, 1457943
938542743, 939825257, 1282514
939946629, 941399886, 1453257
941526514, 942820571, 1294057
942941486, 944401715, 1460229
944528572, 945817143, 1288571
945938629, 947408915, 1470286
947536000, 948812457, 1276457
948933371, 950392572, 1459201
950519315, 951857257, 1337942
951978743, 953491315, 1512572
953616114, 954895314, 1279200
955166058, 956532572, 1366514
956656914, 957986743, 1329829
958255086, 959684914, 1429828
959805257, 961297486, 1492229
961422286, 962769714, 1347428
962890057, 964398515, 1508458
964524800, 965814514, 1289714
965935771, 967436572, 1500801
967561714, 968837600, 1275886
968958857, 970427429, 1468572
970554286, 971833600, 1279314
971954629, 973420572, 1465943
973545829, 974827086, 1281257
974947543, 976402972, 1455429
976529486, 977819543, 1290057
977941486, 979398857, 1457371
979524686, 980809943, 1285257
980930971, 982378057, 1447086
982504457, 983796343, 1291886
983917257, 985371772, 1454515
985498857, 986798514, 1299657
986919543, 988386172, 1466629
988513029, 989808343, 1295314
989930286, 991386972, 1456686
991514172, 992824686, 1310514
992946171, 994416000, 1469829
994543429, 995832800, 1289371
995954514, 997408343, 1453829
997534400, 998818971, 1284571
998940686, 399200, -998541486
527314, 1819314, 1292000
1940000, 3400115, 1460115
3525829, 4803200, 1277371
4923314, 6392000, 1468686
6517257, 8314972, 1797715
8444229, 9770171, 1325942
9890629, 11353600, 1462971
11980229, 13549143, 1568914
13674629, 14963771, 1289142
15244686, 16562972, 1318286
16685943, 17979429, 1293486
18248343, 19569486, 1321143
19692229, 20962171, 1269942
21236800, 22564572, 1327772
22687543, 23963429, 1275886
24244229, 25563200, 1318971
25686514, 26973257, 1286743
27242858, 28561372, 1318514
28684343, 29956914, 1272571
30225143, 31541600, 1316457
31665486, 32943086, 1277600
33217829, 34549714, 1331885
34672457, 35950743, 1278286
36219315, 37538857, 1319542
37661829, 39352915, 1691086
39482400, 40837943, 1355543
40958057, 42417257, 1459200
42543200, 43834971, 1291771
43956800, 45410629, 1453829
45536000, 46828114, 1292114
46949714, 48969486, 2019772
49250972, 50612914, 1361942
50732229, 52006286, 1274057
52273829, 53595314, 1321485
53713943, 55203886, 1489943
55328229, 56671086, 1342857
56793257, 58283200, 1489943
58408000, 59736114, 1328114
59856114, 61293143, 1437029
61417372, 62745143, 1327771
62865829, 64296915, 1431086
64421486, 65757143, 1335657
65877714, 67330286, 1452572
67454172, 68788914, 1334742
68909829, 70372686, 1462857
70498629, 71785029, 1286400
71905486, 73370515, 1465029
73496114, 74794057, 1297943
74915086, 76362172, 1447086
76486629, 77794400, 1307771
77914400, 79371772, 1457372
79498172, 80790286, 1292114
80911543, 82374515, 1462972
82499543, 83789029, 1289486
83910057, 85378857, 1468800
85504686, 86795314, 1290628
86915886, 88388915, 1473029
88514400, 89804686, 1290286
89924914, 91382629, 1457715
91508457, 92797600, 1289143
92918629, 94365143, 1446514
94489829, 95783429, 1293600
95904229, 97362286, 1458057
97488457, 98812229, 1323772
98939086, 100419200, 1480114
100544343, 101858971, 1314628
101978743, 103437372, 1458629
103562057, 104847657, 1285600
104967429, 106420457, 1453028
106545943, 107413486, 867543
107939886, 109418286, 1478400
109543543, 110829029, 1285486
110949371, 112422057, 1472686
112546286, 113835429, 1289143
113954514, 115409600, 1455086
115534857, 116846971, 1312114
116973600, 118426057, 1452457
118550629, 119834171, 1283542
119954057, 121409715, 1455658
121534629, 122830514, 1295885
122950171, 124415543, 1465372
124541029, 125836457, 1295428
125957943, 127410515, 1452572
127535429, 128826057, 1290628
128945714, 130414743, 1469029
130539886, 131831200, 1291314
131950629, 133412457, 1461828
133537486, 134837600, 1300114
134958857, 136421829, 1462972
136547086, 137841943, 1294857
137963429, 139420686, 1457257
139547429, 140836000, 1288571
140956229, 142419772, 1463543
142544457, 143832457, 1288000
143952571, 145409029, 1456458
145534057, 146844000, 1309943
146966286, 148435543, 1469257
148560686, 149845600, 1284914
149965714, 151421943, 1456229
151546743, 152832114, 1285371
152951771, 154414857, 1463086
154539657, 155840000, 1300343
155960686, 157410172, 1449486
157535886, 158824686, 1288800
158945714, 160410172, 1464458
160535429, 161836229, 1300800
161956914, 163416229, 1459315
163541257, 164848457, 1307200
164970286, 166440115, 1469829
166564457, 167844457, 1280000
167963771, 169424572, 1460801
169549372, 170841714, 1292342
170961143, 172416686, 1455543
172541714, 173829486, 1287772
173949257, 175406400, 1457143
175530857, 176839886, 1309029
176961600, 178724572, 1762972
178847657, 180302057, 1454400
180427429, 181787314, 1359885
181909829, 183366857, 1457028
183491315, 184785829, 1294514
184906057, 186380000, 1473943
186504915, 187810057, 1305142
187931886, 189389372, 1457486
189514857, 190838629, 1323772
190958971, 192419657, 1460686
192545486, 193832914, 1287428
193953371, 195420457, 1467086
195545143, 196834971, 1289828
196954743, 198418400, 1463657
198543543, 199843086, 1299543
199963886, 201415429, 1451543
201541372, 202843886, 1302514
202964571, 204427200, 1462629
204553600, 205836686, 1283086
205956686, 207421372, 1464686
207546857, 208839086, 1292229
208959200, 210413715, 1454515
210539772, 211838514, 1298742
211961029, 213459543, 1498514
213587200, 214873029, 1285829
215147658, 216527657, 1379999
216651886, 217944000, 1292114
218215886, 219540343, 1324457
219664572, 220962171, 1297599
221233258, 222558400, 1325142
222682857, 223977257, 1294400
224248000, 225629029, 1381029
226513829, 227919429, 1405600
228200115, 229525143, 1325028
229649372, 230927886, 1278514
231204115, 232528000, 1323885
232651086, 233924914, 1273828
234197829, 235533943, 1336114
235658172, 236945371, 1287199
237220000, 238546286, 1326286
238669486, 239951200, 1281714
240234515, 241580343, 1345828
241703657, 242988914, 1285257
243257143, 244680457, 1423314
244800686, 246251315, 1450629
246374857, 247716457, 1341600
247836571, 249284115, 1447544
249408686, 250753486, 1344800
250873829, 252339543, 1465714
252464686, 253797257, 1332571
253917371, 255384343, 1466972
255508914, 256815314, 1306400
256937257, 258400915, 1463658
258525714, 259811771, 1286057
259931200, 261396115, 1464915
261520800, 262820800, 1300000
262942057, 264403200, 1461143
264528343, 265821371, 1293028
265942171, 267405943, 1463772
267531086, 268835086, 1304000
268955314, 270410515, 1455201
270535429, 271837829, 1302400
271959200, 273406629, 1447429
273532229, 274818857, 1286628
274938857, 276393600, 1454743
276518743, 277818514, 1299771
277939543, 279402057, 1462514
279527429, 280845029, 1317600
280965943, 282439086, 1473143
282563772, 283893714, 1329942
284014286, 285538057, 1523771
285661714, 286946057, 1284343
287216458, 288535429, 1318971
288659429, 289943771, 1284342
290223772, 291554857, 1331085
291677143, 293016914, 1339771
293282515, 294602400, 1319885
294721143, 296006743, 1285600
296269257, 297671543, 1402286
297791200, 299269600, 1478400
299394515, 300720457, 1325942
300840571, 302299772, 1459201
302423657, 303770286, 1346629
303890971, 305358972, 1468001
305483886, 306813143, 1329257
306933943, 308401829, 1467886
308526743, 309822171, 1295428
309942057, 311404457, 1462400
311529257, 312838171, 1308914
312964457, 314436457, 1472000
314562172, 315894971, 1332799
316013714, 317484915, 1471201
317609829, 318876800, 1266971
319142286, 320461600, 1319314
320586172, 321921257, 1335085
322200800, 323537714, 1336914
323660572, 324945371, 1284799
325214286, 326540457, 1326171
326663657, 327957600, 1293943
328229029, 329567657, 1338628
329690972, 330976914, 1285942
331247315, 332630400, 1383085
332749829, 334233600, 1483771
334358286, 335707772, 1349486
335828114, 337298629, 1470515
337422743, 338745143, 1322400
338867429, 340349600, 1482171
340475429, 341810743, 1335314
341931543, 343395772, 1464229
343520572, 344819886, 1299314
344941486, 346393600, 1452114
346518515, 347817029, 1298514
347938057, 349418972, 1480915
349547657, 350850857, 1303200
350972800, 352431086, 1458286
352557029, 353863086, 1306057
353989371, 355451543, 1462172
355576000, 356877600, 1301600
356996571, 358457143, 1460572
358582057, 359859886, 1277829
359979771, 361435543, 1455772
361560114, 362836686, 1276572
362955657, 364405600, 1449943
364531314, 365830171, 1298857
365950743, 367407886, 1457143
367532343, 368903314, 1370971
369176572, 370554400, 1377828
370677257, 371957143, 1279886
372222515, 373538400, 1315885
373661372, 374968229, 1306857
375238629, 376557029, 1318400
376679886, 377955771, 1275885
378237372, 379580114, 1342742
379703200, 380993714, 1290514
381261943, 382605257, 1343314
382724572, 384217600, 1493028
384341715, 385690057, 1348342
385810286, 387268343, 1458057
387392457, 388723200, 1330743
388843543, 390296915, 1453372
390421600, 391765486, 1343886
391886629, 393341257, 1454628
393466057, 394780457, 1314400
394900457, 396366972, 1466515
396491772, 397794971, 1303199
397915086, 399703886, 1788800
399824229, 401294057, 1469828
401418629, 402753600, 1334971
402875771, 404335886, 1460115
404461257, 405789943, 1328686
405909943, 407408800, 1498857
407534629, 408828686, 1294057
408948114, 410413715, 1465601
410538286, 411828114, 1289828
411947886, 413404343, 1456457
413530400, 414834057, 1303657
414956457, 416412000, 1455543
416538057, 417837029, 1298972
417959771, 419424915, 1465144
419551086, 420839771, 1288685
420960229, 422422515, 1462286
422548457, 423834514, 1286057
423954857, 425407200, 1452343
425533143, 426833371, 1300228
426955886, 428424343, 1468457
428549943, 429836229, 1286286
429957257, 431426515, 1469258
431554057, 432841829, 1287772
432962971, 434421486, 1458515
435286057, 436709943, 1423886
436831314, 438298972, 1467658
438424229, 439765371, 1341142
439885714, 441378172, 1492458
441503086, 442805486, 1302400
442926857, 444384457, 1457600
444510172, 445812114, 1301942
445933371, 447393029, 1459658
447517829, 448819543, 1301714
448941143, 450396343, 1455200
450521029, 451820457, 1299428
451941943, 453404115, 1462172
453528800, 454822057, 1293257
454941486, 456403886, 1462400
456528572, 457833257, 1304685
457955200, 459419772, 1464572
459545257, 460834514, 1289257
460954514, 462418629, 1464115
462543314, 463829600, 1286286
463949143, 465412115, 1462972
465537143, 466832686, 1295543
466954400, 468402857, 1448457
468528572, 469823314, 1294742
469944343, 471403772, 1459429
471529029, 472827086, 1298057
472948457, 474414972, 1466515
474539886, 475833257, 1293371
475953029, 477429829, 1476800
477555772, 478840457, 1284685
478961371, 480428457, 1467086
480554857, 481853257, 1298400
481973714, 483448915, 1475201
483573486, 484871886, 1298400
484991200, 486469143, 1477943
486593714, 487880343, 1286629
488000457, 489472686, 1472229
489597029, 490868686, 1271657
491143772, 492457600, 1313828
492581943, 493887771, 1305828
494007086, 495490743, 1483657
495615314, 496900343, 1285029
497176229, 498563772, 1387543
498686857, 499984114, 1297257
500256458, 501584572, 1328114
501707772, 502990286, 1282514
503254400, 504634172, 1379772
504752457, 506242858, 1490401
506367200, 507769257, 1402057
507890286, 509353715, 1463429
509478172, 510828571, 1350399
510949371, 512422743, 1473372
512546857, 513830743, 1283886
513950400, 515416000, 1465600
515540800, 516829143, 1288343
516948571, 518412000, 1463429
518536800, 519826400, 1289600
519945600, 521405257, 1459657
521530629, 522835314, 1304685
522957029, 524424343, 1467314
524550629, 525831771, 1281142
525951429, 527413372, 1461943
527538857, 528827429, 1288572
528948686, 530417372, 1468686
530542857, 531844914, 1302057
531967657, 533425257, 1457600
533551429, 534833943, 1282514
534954057, 536421600, 1467543
536546057, 537836686, 1290629
537957257, 539431429, 1474172
539558743, 540963657, 1404914
541234972, 542576457, 1341485
542698629, 543992800, 1294171
544262286, 545587086, 1324800
545710400, 546994514, 1284114
547260572, 548632457, 1371885
548751200, 550228115, 1476915
550352343, 551694629, 1342286
551814857, 553286743, 1471886
553410515, 554760114, 1349599
554880800, 556338286, 1457486
556462972, 557807886, 1344914
557928343, 559391772, 1463429
559516000, 560817829, 1301829
560939543, 562418972, 1479429
562543657, 563831314, 1287657
563950514, 565413486, 1462972
565538400, 566840000, 1301600
566961486, 568415772, 1454286
568541029, 569836800, 1295771
569957371, 571416000, 1458629
571541600, 572833600, 1292000
572953143, 574422629, 1469486
574548686, 575845829, 1297143
575967886, 577419315, 1451429
577544800, 578843086, 1298286
578965486, 580437943, 1472457
580562972, 581860914, 1297942
581980343, 583439200, 1458857
583563772, 584853829, 1290057
584974743, 586431543, 1456800
586557486, 587840686, 1283200
587960571, 589416457, 1455886
589541372, 590837600, 1296228
590959657, 592424800, 1465143
592550172, 593840000, 1289828
593959886, 595418286, 1458400
595543200, 596844000, 1300800
596965829, 598429486, 1463657
598554514, 599837143, 1282629
599956914, 601427886, 1470972
601552686, 602873943, 1321257
603155772, 604476115, 1320343
604600800, 605900457, 1299657
606176115, 607558057, 1381942
607681600, 608965600, 1284000
609235429, 610566400, 1330971
610690286, 611973371, 1283085
612240115, 613589143, 1349028
613710629, 615002057, 1291428
615270972, 616610629, 1339657
616729829, 618175429, 1445600
618300686, 619627314, 1326628
619746057, 621235086, 1489029
621359657, 622704457, 1344800
622825143, 624497257, 1672114
624629600, 625960114, 1330514
626233143, 627565714, 1332571
627688800, 629168458, 1479658
629295772, 630628800, 1333028
630748914, 632231086, 1482172
632356000, 633707200, 1351200
633828457, 635303315, 1474858
635429143, 636777029, 1347886
636898743, 638365486, 1466743
638490857, 639864914, 1374057
639986171, 640882971, 896800
642398972, 643880343, 1481371
644155886, 645534057, 1378171
645657372, 646938857, 1281485
647216000, 648538400, 1322400
648662286, 649951657, 1289371
650221715, 651611657, 1389942
651730972, 653186858, 1455886
653312457, 654649372, 1336915
654768114, 656257143, 1489029
656380686, 657725714, 1345028
657846629, 659296457, 1449828
659421143, 660771314, 1350171
660891886, 662347657, 1455771
662472457, 663802171, 1329714
663923200, 665393600, 1470400
665518286, 666833029, 1314743
666953600, 668416115, 1462515
668541257, 669844000, 1302743
669966171, 671429943, 1463772
671555657, 672857143, 1301486
672986171, 674478172, 1492001
674604800, 675874857, 1270057
676029600, 677473600, 1444000
677598400, 678858743, 1260343
678978743, 680448229, 1469486
680573029, 681840229, 1267200
681960229, 683421943, 1461714
683549143, 684826171, 1277028
684946400, 686421029, 1474629
686547543, 687826857, 1279314
687947314, 689410629, 1463315
689536343, 690830057, 1293714
690952343, 692415886, 1463543
692541714, 693825143, 1283429
693945600, 695408115, 1462515
695534286, 697220343, 1686057
697350172, 698747429, 1397257
698868914, 700353715, 1484801
700481829, 701830171, 1348342
701950857, 703417029, 1466172
703542286, 704837486, 1295200
704958971, 706407772, 1448801
706533372, 707828457, 1295085
707949943, 709412915, 1462972
709539086, 710859886, 1320800
710982286, 712481486, 1499200
712605943, 713881714, 1275771
714001828, 715464000, 1462172
715589143, 716855886, 1266743
716976571, 718428457, 1451886
718554286, 719827429, 1273143
719948229, 721415200, 1466971
721542286, 722819543, 1277257
722941371, 724402972, 1461601
724530972, 725837829, 1306857
725960914, 727417600, 1456686
727542629, 728835086, 1292457
728957714, 730422286, 1464572
730547886, 731823886, 1276000
731945143, 733405257, 1460114
733532114, 734815771, 1283657
734937600, 736403429, 1465829
736530629, 737826400, 1295771
737947771, 739415086, 1467315
739541372, 740821371, 1279999
740942286, 742403429, 1461143
742530172, 743809943, 1279771
743930400, 745393257, 1462857
745519772, 746823543, 1303771
746946286, 748396800, 1450514
748523657, 749823886, 1300229
749945714, 751411886, 1466172
751538514, 752820000, 1281486
752940571, 754405600, 1465029
754531772, 755832000, 1300228
755953829, 757409486, 1455657
757534857, 758825600, 1290743
758947886, 760424915, 1477029
760550057, 761829371, 1279314
761950400, 763416229, 1465829
763543886, 764836686, 1292800
764958857, 766412343, 1453486
766538057, 767833486, 1295429
767954857, 769433715, 1478858
769559886, 770846400, 1286514
770968114, 772419772, 1451658
772545372, 773840000, 1294628
773961943, 775416686, 1454743
775543086, 776833714, 1290628
776955771, 778416115, 1460344
778543543, 779819314, 1275771
779939771, 781399772, 1460001
781525600, 782811886, 1286286
782932343, 784405257, 1472914
784531429, 785827200, 1295771
785950057, 787408457, 1458400
787534972, 788823200, 1288228
788943886, 790418743, 1474857
790545143, 791823314, 1278171
791943200, 793415086, 1471886
793540457, 794830857, 1290400
794952686, 796413372, 1460686
796539314, 797820000, 1280686
797941257, 799393600, 1452343
799520114, 800818171, 1298057
800940114, 802402057, 1461943
802528343, 803819200, 1290857
803939429, 805402743, 1463314
805529486, 806826743, 1297257
806947886, 808423086, 1475200
808549486, 809827771, 1278285
809947886, 811414515, 1466629
811541486, 812817257, 1275771
812937486, 814405715, 1468229
814532343, 815827543, 1295200
815949371, 817405715, 1456344
817531314, 819208000, 1676686
819337372, 820646629, 1309257
820766057, 822254629, 1488572
822379772, 823725714, 1345942
823846971, 825330286, 1483315
825455886, 826789257, 1333371
826911200, 828366857, 1455657
828493715, 829796457, 1302742
829918514, 831417943, 1499429
831545600, 832863429, 1317829
832985829, 834449715, 1463886
834575886, 835914857, 1338971
836195200, 837516000, 1320800
837641829, 838908914, 1267085
839189829, 840509372, 1319543
840634743, 841901943, 1267200
842182286, 843515886, 1333600
843641257, 844917486, 1276229
845197486, 846519086, 1321600
846645029, 847919657, 1274628
848200000, 849516800, 1316800
850378515, 851832229, 1453714
851955314, 853414629, 1459315
853540914, 854836571, 1295657
854958514, 856412572, 1454058
856537829, 857818857, 1281028
857939657, 859390629, 1450972
859517143, 860811200, 1294057
860933143, 862398172, 1465029
862525143, 863820114, 1294971
863941029, 865400343, 1459314
865527886, 866826286, 1298400
866947429, 868421372, 1473943
868547314, 869823657, 1276343
869944343, 871420686, 1476343
871546400, 872841143, 1294743
872963429, 874427657, 1464228
874553143, 875822971, 1269828
875943314, 877645143, 1701829
877768114, 879266629, 1498515
879392000, 880757714, 1365714
880879314, 882344115, 1464801
882470286, 883794400, 1324114
883916229, 885367886, 1451657
885493600, 886789143, 1295543
886911086, 888364343, 1453257
888490400, 889780686, 1290286
889901143, 891359315, 1458172
891486629, 892790514, 1303885
892912229, 894384457, 1472228
894511200, 895810971, 1299771
895932571, 897401486, 1468915
897527657, 898815886, 1288229
898936343, 900386972, 1450629
900513372, 901812686, 1299314
901933943, 903411772, 1477829
903537486, 904815086, 1277600
904935657, 906398057, 1462400
906524457, 907813943, 1289486
907934286, 909400343, 1466057
909526857, 910823657, 1296800
910945143, 912416800, 1471657
912542972, 913825714, 1282742
913946286, 915404457, 1458171
915530972, 916812914, 1281942
916934743, 918410857, 1476114
918538400, 919845714, 1307314
919973257, 921462515, 1489258
921587772, 922871543, 1283771
923149943, 924460915, 1310972
924585943, 925874057, 1288114
925995200, 927454400, 1459200
927579200, 928848000, 1268800
928969257, 930432000, 1462743
930557372, 931823886, 1266514
931944343, 933406972, 1462629
933533257, 934822857, 1289600
934943657, 936418743, 1475086
936544229, 937834629, 1290400
937956000, 939407886, 1451886
939533372, 940825829, 1292457
940948000, 942412915, 1464915
942539086, 943831200, 1292114
943952457, 945421257, 1468800
945546743, 946841257, 1294514
946963200, 948419429, 1456229
948544686, 949833829, 1289143
949955886, 951409372, 1453486
951534972, 952823429, 1288457
952944914, 954405257, 1460343
954533143, 955809029, 1275886
955929600, 957394515, 1464915
957521257, 958814743, 1293486
958936229, 960401029, 1464800
960527772, 961820114, 1292342
961941486, 963397829, 1456343
963523314, 964808686, 1285372
964930171, 966375657, 1445486
966501829, 967806743, 1304914
967928114, 969392800, 1464686
969520000, 970812800, 1292800
970933600, 972432000, 1498400
972557829, 973874857, 1317028
973994628, 975494743, 1500115
975619543, 976949829, 1330286
977229143, 978606286, 1377143
978726057, 980206286, 1480229
980332800, 981716000, 1383200
981837943, 983323886, 1485943
983448115, 984816571, 1368456
984937943, 986404915, 1466972
986530629, 987824914, 1294285
987946400, 989408686, 1462286
989534972, 990813829, 1278857
990934743, 992392800, 1458057
992519315, 993810971, 1291656
993932343, 995394286, 1461943
995520457, 996811543, 1291086
996933029, 998376115, 1443086
998502286, 999794400, 1292114
999915771, 1395657, -998520114
1523657, 2838629, 1314972
2964343, 4420457, 1456114
4544800, 5836686, 1291886
5956000, 6832229, 876229
7497029, 9406972, 1909943
9536000, 10857486, 1321486
10984571, 12476800, 1492229
12600114, 13902400, 1302286
14173943, 15498286, 1324343
15622857, 16898629, 1275772
17165715, 18486515, 1320800
18610514, 19879657, 1269143
19998628, 21465600, 1466972
21589029, 22857600, 1268571
22976229, 24467543, 1491314
24591429, 25884571, 1293142
26004228, 27489715, 1485487
27613257, 28890057, 1276800
29156343, 30487315, 1330972
30611086, 31907086, 1296000
32175772, 33504914, 1329142
33629714, 34910857, 1281143
35188800, 36504115, 1315315
36628572, 37900457, 1271885
38170400, 39502743, 1332343
39627200, 40903086, 1275886
41180800, 42521943, 1341143
42647543, 43929029, 1281486
44204343, 45551086, 1346743
45673943, 46970629, 1296686
47245029, 49268572, 2023543
49398286, 50774514, 1376228
50894857, 52365372, 1470515
52490172, 53798743, 1308571
53918971, 55390743, 1471772
55516457, 56815657, 1299200
56936914, 58404686, 1467772
58530286, 59819086, 1288800
59938286, 61408572, 1470286
61533143, 62866743, 1333600
63699543, 65317600, 1618057
65443315, 66790057, 1346742
66910171, 68392343, 1482172
68516800, 69823771, 1306971
69944343, 71414057, 1469714
71537829, 72824914, 1287085
72943771, 74411315, 1467544
74535200, 75837257, 1302057
75957943, 77412457, 1454514
77536457, 78830971, 1294514
78951543, 80414400, 1462857
80539543, 81827429, 1287886
81946057, 83417143, 1471086
83542286, 84843429, 1301143
84963771, 86415772, 1452001
86540343, 87829714, 1289371
87948571, 89420800, 1472229
89544914, 90853029, 1308115
90973257, 92464000, 1490743
92587886, 93865714, 1277828
93984000, 95464343, 1480343
95590172, 96864000, 1273828
96982400, 98448915, 1466515
98573257, 99878743, 1305486
99996457, 101464229, 1467772
101588343, 102891657, 1303314
103156800, 104491429, 1334629
104615086, 106299543, 1684457
106428572, 107783086, 1354514
107903429, 109381943, 1478514
109506857, 110818400, 1311543
110940229, 112404000, 1463771
112529943, 113828686, 1298743
113950057, 115421715, 1471658
115546172, 116877714, 1331542
116998057, 118470629, 1472572
118596114, 119876000, 1279886
119996228, 121456000, 1459772
121581143, 122855543, 1274400
122976229, 124492229, 1516000
124616457, 125906629, 1290172
126187772, 127503200, 1315428
127627429, 128898743, 1271314
129166286, 130484800, 1318514
130609257, 131901486, 1292229
132178400, 133502514, 1324114
133626514, 134908343, 1281829
135189486, 136516229, 1326743
136640114, 137907543, 1267429
138181600, 139502057, 1320457
139626629, 140901829, 1275200
141178172, 142501029, 1322857
142625372, 143905600, 1280228
144187772, 145504686, 1316914
145629714, 146914857, 1285143
147205029, 148554857, 1349828
148677943, 149954971, 1277028
150221715, 151607200, 1385485
151726172, 153013257, 1287085
153277257, 154601372, 1324115
154721029, 156006857, 1285828
156271543, 157610400, 1338857
157728686, 159214743, 1486057
159339200, 160719886, 1380686
160839771, 162308457, 1468686
162433715, 163785829, 1352114
163905943, 165366286, 1460343
165491429, 166802857, 1311428
166923886, 168403543, 1479657
168529143, 169824800, 1295657
169946514, 171421943, 1475429
171546286, 172850971, 1304685
172971771, 174434400, 1462629
174559657, 175870857, 1311200
175991771, 177517486, 1525715
177642172, 178917943, 1275771
179191658, 180510743, 1319085
180635429, 181927657, 1292228
182207086, 183587314, 1380228
183709714, 184999657, 1289943
185266743, 186645143, 1378400
186773372, 188258058, 1484686
188382857, 189732572, 1349715
189853486, 191290743, 1437257
191416800, 192757486, 1340686
192878857, 194323429, 1444572
194448686, 195769943, 1321257
195891771, 197344686, 1452915
197469600, 198772114, 1302514
198894171, 200350629, 1456458
200476800, 201772114, 1295314
201893257, 203358972, 1465715
203483772, 204805486, 1321714
204926629, 206378743, 1452114
206504800, 207801143, 1296343
207922171, 209378172, 1456001
209506286, 210804343, 1298057
210925486, 212397600, 1472114
212524915, 213819886, 1294971
213942400, 215406057, 1463657
215532914, 216826400, 1293486
216948000, 218413600, 1465600
218539429, 219814171, 1274742
219934857, 221399657, 1464800
221525943, 222849029, 1323086
222971657, 224439543, 1467886
224564229, 225851314, 1287085
225971314, 227427200, 1455886
227553372, 228841029, 1287657
228961257, 230420915, 1459658
230547543, 231817943, 1270400
231937829, 233408572, 1470743
233534286, 234845714, 1311428
234969143, 236431543, 1462400
236558629, 237895086, 1336457
238169372, 239502514, 1333142
239627429, 240898857, 1271428
241172115, 242485029, 1312914
242609829, 243890971, 1281142
244169258, 245502057, 1332799
245626514, 246905029, 1278515
247190629, 248500000, 1309371
248625029, 249892343, 1267314
250161715, 251474515, 1312800
251600800, 252878857, 1278057
253147429, 254475886, 1328457
254601714, 256273486, 1671772
256404915, 257751886, 1346971
257874514, 259315315, 1440801
259440457, 260795200, 1354743
260917143, 262394400, 1477257
262521715, 263813600, 1291885
263936000, 265405257, 1469257
265532229, 266845143, 1312914
266969371, 268421143, 1451772
268547314, 269833829, 1286515
269956457, 271411657, 1455200
271537714, 272821486, 1283772
273650514, 275261257, 1610743
275389029, 276730514, 1341485
276852114, 278310400, 1458286
278435886, 279787771, 1351885
279908914, 281382057, 1473143
281508343, 282802743, 1294400
282924229, 284394286, 1470057
284520457, 285827886, 1307429
285949829, 287413715, 1463886
287539886, 288847771, 1307885
288967771, 290421372, 1453601
290547200, 291836457, 1289257
291957257, 293410743, 1453486
293536800, 294832114, 1295314
294953829, 296409600, 1455771
296534857, 297825943, 1291086
297947429, 299409143, 1461714
299535886, 300814400, 1278514
300934171, 302402515, 1468344
302528686, 303821829, 1293143
303943200, 305402857, 1459657
305528914, 306828000, 1299086
306950400, 308414515, 1464115
308541029, 309845257, 1304228
309966743, 311418972, 1452229
311545257, 312849829, 1304572
312970971, 314436800, 1465829
314563772, 315841371, 1277599
315961943, 317423657, 1461714
317549943, 318841371, 1291428
318963200, 320412800, 1449600
320537714, 321823314, 1285600
321944457, 323401829, 1457372
323528572, 324820114, 1291542
324941371, 326406172, 1464801
326531886, 327822400, 1290514
327944229, 329429600, 1485371
329556229, 330840457, 1284228
330961943, 332415315, 1453372
332540800, 333843086, 1302286
333964571, 335423086, 1458515
335548457, 336824914, 1276457
336945371, 338420000, 1474629
338546972, 339825600, 1278628
339945943, 341407315, 1461372
341533714, 342823886, 1290172
342945714, 344644686, 1698972
344767314, 346254743, 1487429
346380229, 347717257, 1337028
347838629, 349302515, 1463886
349426743, 350763086, 1336343
350885143, 352332229, 1447086
352456800, 353792229, 1335429
353914057, 355366857, 1452800
355492343, 356798629, 1306286
356922743, 358391772, 1469029
358518400, 359815771, 1297371
359937714, 361397257, 1459543
361523086, 362826971, 1303885
362950743, 364430515, 1479772
364556800, 365949714, 1392914
366219772, 367605943, 1386171
367724800, 368608343, 883543
368724686, 370751886, 2027200
370884000, 372358857, 1474857
372484686, 373800571, 1315885
373921600, 375401029, 1479429
375526743, 376830629, 1303886
376952571, 378422057, 1469486
378547543, 379855771, 1308228
379974971, 381432800, 1457829
381558172, 382875771, 1317599
382996000, 384465372, 1469372
384589257, 385867200, 1277943
385986629, 387463200, 1476571
387587200, 388858743, 1271543
388977714, 390462057, 1484343
390586172, 391867314, 1281142
391986171, 393448686, 1462515
393573257, 394853829, 1280572
394973600, 396434172, 1460572
396559657, 397864229, 1304572
397983543, 399445029, 1461486
399569257, 401249143, 1679886
401374743, 402722172, 1347429
402843314, 404282515, 1439201
404408229, 405753257, 1345028
405873486, 407332000, 1458514
407456572, 408804343, 1347771
408924800, 410399657, 1474857
410524800, 411824686, 1299886
411946743, 413413029, 1466286
413537714, 414834514, 1296800
414956114, 416430515, 1474401
416555200, 417851657, 1296457
417973486, 419431429, 1457943
419557257, 420883886, 1326629
421003200, 422468229, 1465029
422592800, 423882514, 1289714
424163315, 425495314, 1331999
425620000, 426901714, 1281714
427172915, 428488343, 1315428
428613257, 429886057, 1272800
430151200, 431471886, 1320686
431596914, 432894514, 1297600
433181258, 434504457, 1323199
434629029, 435904229, 1275200
436176458, 437492457, 1315999
437617372, 438899314, 1281942
439176343, 440505029, 1328686
440629372, 441918857, 1289485
442198858, 443516343, 1317485
443640572, 444918286, 1277714
445194972, 446541714, 1346742
446666857, 447957371, 1290514
448227086, 449614057, 1386971
449733486, 451168115, 1434629
451292229, 452601943, 1309714
452720914, 454005486, 1284572
454269372, 455593029, 1323657
455712800, 457002057, 1289257
457272343, 458594972, 1322629
458714514, 460023886, 1309372
460297829, 461621943, 1324114
461741943, 463226515, 1484572
463350972, 464669029, 1318057
464787543, 466261715, 1474172
466387657, 467717372, 1329715
467838629, 469297943, 1459314
469422629, 470808914, 1386285
470930286, 472416572, 1486286
472542743, 473858286, 1315543
473978857, 475437715, 1458858
475562972, 476838743, 1275771
476959086, 478424229, 1465143
478549600, 479860686, 1311086
479980114, 481443772, 1463658
482315886, 483768000, 1452114
483889371, 485362743, 1473372
485487315, 486812686, 1325371
486934743, 488409943, 1475200
488534972, 489843429, 1308457
489965143, 491429029, 1463886
491553829, 492852114, 1298285
492972114, 494449715, 1477601
494574514, 495856914, 1282400
495976000, 497458515, 1482515
497583086, 498860914, 1277828
498980343, 500466286, 1485943
500590286, 501878171, 1287885
502159886, 503489257, 1329371
503614972, 504921829, 1306857
505209143, 506543086, 1333943
506665714, 507952229, 1286515
508227086, 509550057, 1322971
509673600, 510955086, 1281486
511229829, 512614172, 1384343
512733943, 514182172, 1448229
514306400, 515614286, 1307886
515733714, 517233715, 1500001
517357372, 518703429, 1346057
518824114, 520296572, 1472458
520420457, 521775314, 1354857
521895543, 523361372, 1465829
523486515, 524799429, 1312914
524922514, 526394286, 1471772
526519086, 527817029, 1297943
527937943, 529401372, 1463429
529527314, 530828800, 1301486
530949486, 532414057, 1464571
532539429, 533840229, 1300800
533962171, 535414629, 1452458
535539657, 536840229, 1300572
536960686, 538446857, 1486171
538571086, 539859886, 1288800
539979771, 541455657, 1475886
541580229, 542855543, 1275314
542974629, 544446286, 1471657
544570972, 545892000, 1321028
546174858, 547511086, 1336228
547635086, 548964800, 1329714
549255315, 550579314, 1323999
550701829, 551988686, 1286857
552255315, 553602857, 1347542
553721829, 555016114, 1294285
555283772, 556617029, 1333257
556736457, 558166058, 1429601
558293029, 559617714, 1324685
559736686, 561223429, 1486743
561346972, 562675543, 1328571
562794171, 564274057, 1479886
564398743, 565745714, 1346971
565867543, 567318972, 1451429
567444457, 568785829, 1341372
568907086, 570392115, 1485029
570517029, 571817600, 1300571
571938514, 573407200, 1468686
573531657, 574826971, 1295314
574947429, 576410515, 1463086
576534857, 577842743, 1307886
577962629, 579449600, 1486971
579574057, 580922629, 1348572
581198400, 582543314, 1344914
582667657, 583940229, 1272572
584214743, 585551429, 1336686
585674514, 586969714, 1295200
587240572, 588564114, 1323542
588687314, 589980114, 1292800
590248000, 591589257, 1341257
591712229, 593008000, 1295771
593271886, 594595657, 1323771
594714857, 596004228, 1289371
596269143, 597597486, 1328343
597716229, 599145600, 1429371
599273372, 600593486, 1320114
600713829, 602222286, 1508457
602345943, 603653943, 1308000
603773029, 605255772, 1482743
605379772, 606715657, 1335885
606836571, 608308457, 1471886
608432343, 609783886, 1351543
609904686, 611389143, 1484457
611513943, 612821600, 1307657
612943886, 614413257, 1469371
614538514, 615855429, 1316915
615975314, 617440457, 1465143
617565486, 618849600, 1284114
618969029, 620425257, 1456228
620550514, 621830400, 1279886
621949714, 623415200, 1465486
623539886, 624855086, 1315200
624974629, 626437943, 1463314
626562514, 627840571, 1278057
627961486, 629428686, 1467200
629554172, 630843429, 1289257
630963314, 632418743, 1455429
632544114, 633845029, 1300915
633966743, 635430515, 1463772
635555772, 636859086, 1303314
636979886, 638435772, 1455886
638560686, 639851314, 1290628
639971314, 641425372, 1454058
641550514, 642844000, 1293486
642965600, 644421829, 1456229
644546972, 645859429, 1312457
645980000, 647439429, 1459429
647563429, 648880343, 1316914
649000343, 650471429, 1471086
650596114, 651887771, 1291657
652007428, 653476686, 1469258
653601029, 654898400, 1297371
655172686, 656493829, 1321143
656618057, 657891086, 1273029
658174172, 659503429, 1329257
659628572, 660902629, 1274057
661171086, 662492343, 1321257
662617143, 663884229, 1267086
664153943, 665484115, 1330172
665608572, 666888914, 1280342
667162400, 668482629, 1320229
668607772, 669890400, 1282628
670010743, 671482515, 1471772
671607543, 672884343, 1276800
673004457, 674484343, 1479886
674609372, 675886514, 1277142
676158286, 677478972, 1320686
677604114, 678887314, 1283200
679171315, 680498400, 1327085
680625486, 681956800, 1331314
682235886, 683564000, 1328114
683687772, 685001371, 1313599
685271429, 686600000, 1328571
686723314, 688170400, 1447086
688814400, 690396915, 1582515
690524229, 691822171, 1297942
691943200, 693420115, 1476915
693545486, 694833829, 1288343
694954171, 696412686, 1458515
696538972, 697852229, 1313257
697973486, 699433715, 1460229
699558286, 700839086, 1280800
700959543, 702424915, 1465372
702550514, 703855429, 1304915
703974971, 705435429, 1460458
705560229, 706839886, 1279657
706959886, 708412572, 1452686
708537714, 709854857, 1317143
709975543, 711437372, 1461829
711562514, 712864229, 1301715
712983086, 714452343, 1469257
714576914, 715856800, 1279886
715976229, 717435086, 1458857
717560343, 718838629, 1278286
718958286, 720429715, 1471429
720554629, 721913714, 1359085
722191886, 723581143, 1389257
723704686, 724999200, 1294514
725265715, 726035657, 769942
726282629, 728237600, 1954971
728361486, 729229600, 868114
729351772, 731211200, 1859428
731335772, 732692114, 1356342
732811657, 734281486, 1469829
734405943, 735767886, 1361943
735887314, 737360115, 1472801
737485829, 738796343, 1310514
738917600, 740388000, 1470400
740513829, 741832114, 1318285
741953143, 743411086, 1457943
743536229, 744839086, 1302857
744960343, 746414172, 1453829
746539429, 747852000, 1312571
747972343, 749431543, 1459200
749556457, 750852914, 1296457
750972571, 752431772, 1459201
752556914, 753847429, 1290515
753966629, 755424115, 1457486
755549486, 756862514, 1313028
756982400, 758443200, 1460800
758568686, 759847657, 1278971
759967657, 761422057, 1454400
761548343, 762862514, 1314171
762983200, 764443657, 1460457
764568000, 765846171, 1278171
765965371, 767424000, 1458629
767548800, 768835314, 1286514
768955086, 770412000, 1456914
770537372, 771851543, 1314171
771971543, 773438743, 1467200
773562972, 774844114, 1281142
774963314, 776420915, 1457601
776545486, 777838400, 1292914
777959429, 779465829, 1506400
779589943, 780875543, 1285600
780994857, 782454857, 1460000
782579543, 783857600, 1278057
783977143, 785442057, 1464914
785568114, 786873486, 1305372
787151315, 788471657, 1320342
788596457, 789874629, 1278172
789993828, 791461372, 1467544
791585829, 792865486, 1279657
792986286, 794446972, 1460686
794572229, 795850971, 1278742
795970743, 797430057, 1459314
797554857, 798836914, 1282057
798956686, 800416572, 1459886
800541714, 801861143, 1319429
801982171, 803440457, 1458286
803565486, 804843543, 1278057
804964229, 806436915, 1472686
806562057, 807846286, 1284229
807965486, 809447086, 1481600
809571429, 810858857, 1287428
810977943, 812430286, 1452343
812555429, 813866971, 1311542
813988229, 815466857, 1478628
815591200, 816873600, 1282400
817147658, 818479315, 1331657
818603657, 819883200, 1279543
820002514, 821474172, 1471658
821599314, 822889943, 1290629
823165258, 824490172, 1324914
824614972, 825888229, 1273257
826177143, 827501257, 1324114
827625486, 828915543, 1290057
829195886, 830518743, 1322857
830642743, 831927543, 1284800
832207658, 833546743, 1339085
833670057, 834952686, 1282629
835221258, 836548000, 1326742
836671086, 837955543, 1284457
838238286, 839570629, 1332343
839693029, 840996000, 1302971
841260343, 842584572, 1324229
842704114, 844145829, 1441715
844272915, 845603200, 1330285
845724686, 847164800, 1440114
847291086, 848714286, 1423200
848834514, 850286857, 1452343
850411543, 851740343, 1328800
851860229, 853309372, 1449143
853433372, 854777943, 1344571
854898400, 856388000, 1489600
856513486, 857835200, 1321714
857955200, 859412000, 1456800
859536914, 860830971, 1294057
860951771, 862441715, 1489944
862566857, 863843657, 1276800
863962514, 865433486, 1470972
865558743, 866846400, 1287657
866966171, 868422286, 1456115
868547657, 869846857, 1299200
869967771, 871425715, 1457944
871550286, 872859886, 1309600
872978857, 874433600, 1454743
874559429, 875846629, 1287200
875968571, 877426400, 1457829
877552229, 878841829, 1289600
878961943, 880425486, 1463543
880551200, 881831314, 1280114
881951429, 883416915, 1465486
883542743, 884828457, 1285714
884948114, 886413372, 1465258
886539429, 887858857, 1319428
887980800, 889438515, 1457715
889565829, 890847200, 1281371
890969029, 892429715, 1460686
892555086, 893853714, 1298628
893973943, 895449257, 1475314
896318172, 897769371, 1451199
897891200, 899388915, 1497715
899514172, 900831086, 1316914
900952114, 902416000, 1463886
902540914, 903853600, 1312686
903974171, 905432800, 1458629
905558057, 906838286, 1280229
906957600, 908410629, 1453029
908535429, 909846400, 1310971
909966286, 911430515, 1464229
911554743, 912863543, 1308800
912984114, 914477029, 1492915
914601829, 915879657, 1277828
916033143, 917499543, 1466400
917624000, 918909714, 1285714
919028800, 920490172, 1461372
920614514, 921889486, 1274972
922008914, 923476000, 1467086
923600114, 924878400, 1278286
925158172, 926482400, 1324228
926606286, 927880686, 1274400
927999771, 929461029, 1461258
929586057, 930865143, 1279086
930984457, 932478629, 1494172
932603200, 933875314, 1272114
934149943, 935473372, 1323429
935597714, 936880457, 1282743
936999314, 938459200, 1459886
938583200, 940266057, 1682857
940393486, 941748343, 1354857
941869257, 943334972, 1465715
943459429, 944770857, 1311428
944891429, 946350972, 1459543
946475315, 947780571, 1305256
947901257, 949385829, 1484572
949511886, 950820343, 1308457
950943086, 952412000, 1468914
952537029, 953849486, 1312457
953968914, 955433829, 1464915
955559200, 956837943, 1278743
956957371, 957844457, 887086
957961143, 963452685, 5491542
963581599, 964864114, 1282515
964984799, 966445371, 1460572
966570971, 967921942, 1350971
968202171, 969575885, 1373714
969698514, 971179999, 1481485
971305257, 972703314, 1398057
972824456, 974283199, 1458743
974408114, 975772914, 1364800
975893828, 977358057, 1464229
977485028, 978825828, 1340800
978947199, 980456228, 1509029
980581942, 981918628, 1336686
982197942, 983513371, 1315429
983638171, 984980342, 1342171
985250628, 986570285, 1319657
986694285, 987971542, 1277257
988241028, 989552114, 1311086
989676228, 990943314, 1267086
991220799, 992554971, 1334172
992679771, 993949714, 1269943
994234857, 995572571, 1337714
995696685, 996973256, 1276571
997244571, 998563771, 1319200
998687885, 999966171, 1278286
243199, 1574628, 1331429
1696685, 2971885, 1275200
3242742, 4555657, 1312915
4677371, 5953371, 1276000
6232571, 7574285, 1341714
7695428, 8977828, 1282400
9578057, 11197485, 1619428
11324571, 12712228, 1387657
12832685, 14292228, 1459543
14416799, 15755885, 1339086
15876114, 17325714, 1449600
17449942, 18797828, 1347886
18918628, 20375542, 1456914
20501714, 21801371, 1299657
21921142, 23386742, 1465600
23512114, 24800799, 1288685
24921485, 26382057, 1460572
26507542, 27789371, 1281829
27909828, 29361714, 1451886
29486514, 30791199, 1304685
30916914, 32391885, 1474971
32517714, 33814285, 1296571
33935771, 35396914, 1461143
35522628, 36832342, 1309714
36952571, 38412799, 1460228
38538742, 39828228, 1289486
39947428, 41405257, 1457829
41530628, 42822399, 1291771
42943085, 44393485, 1450400
44519542, 45833371, 1313829
45953828, 47423085, 1469257
47547885, 49597942, 2050057
49725828, 51178971, 1453143
51302857, 52626971, 1324114
52744914, 54225028, 1480114
54349599, 55662742, 1313143
55781371, 57262171, 1480800
57386857, 58718742, 1331885
58838971, 60294171, 1455200
60419999, 61761256, 1341257
61881714, 63342285, 1460571
63466742, 64797599, 1330857
64918171, 66369942, 1451771
66495314, 67783085, 1287771
67903199, 69377142, 1473943
69502285, 70804685, 1302400
70926285, 72384799, 1458514
72510057, 73827085, 1317028
73947085, 75437142, 1490057
75565599, 76850742, 1285143
76970171, 78455428, 1485257
78579542, 79857142, 1277600
79976685, 81426399, 1449714
81551885, 82843314, 1291429
82965028, 84416114, 1451086
84540685, 85824228, 1283543
85943656, 87391885, 1448229
87517485, 88809599, 1292114
88930399, 90379885, 1449486
90507085, 91374057, 866972
91497142, 95463199, 3966057
95590514, 96881942, 1291428
97002628, 98503314, 1500686
98628342, 99914856, 1286514
100187999, 101526857, 1338858
101650971, 102928799, 1277828
103203657, 104522514, 1318857
104647771, 105921828, 1274057
106200571, 107544457, 1343886
107668799, 108977828, 1309029
109248799, 110574285, 1325486
110697371, 112148342, 1450971
112275428, 113600342, 1324914
113720456, 115003314, 1282858
115269714, 116586514, 1316800
116706628, 117993599, 1286971
118789256, 120365028, 1575772
120492114, 121804456, 1312342
121925942, 123401371, 1475429
123526971, 124844571, 1317600
124965828, 126431085, 1465257
126555771, 127838628, 1282857
127957599, 129419199, 1461600
129543885, 130844114, 1300229
130964456, 132418628, 1454172
132543771, 133856228, 1312457
133977256, 135433714, 1456458
135558857, 136852456, 1293599
136971428, 138449142, 1477714
138573371, 139858742, 1285371
139978285, 141438971, 1460686
141563771, 142853828, 1290057
142974285, 144427885, 1453600
144553714, 145839085, 1285371
145958742, 147423199, 1464457
147548342, 148835885, 1287543
148955428, 150412571, 1457143
150537142, 151850742, 1313600
151970514, 153437485, 1466971
153561828, 154867999, 1306171
154996228, 156484571, 1488343
156608799, 157885599, 1276800
158004342, 159469485, 1465143
159593256, 160884685, 1291429
161154057, 162491657, 1337600
162615885, 163900799, 1284914
164180342, 165559999, 1379657
165683314, 166975428, 1292114
167256114, 168576571, 1320457
168699199, 169981256, 1282057
170248571, 171572342, 1323771
171694171, 172984571, 1290400
173252685, 174581257, 1328572
174704456, 176182971, 1478515
176307885, 177632456, 1324571
177750742, 179196571, 1445829
179322285, 180667999, 1345714
180785828, 182266628, 1480800
182390514, 183718971, 1328457
183839199, 185278171, 1438972
185402171, 186766628, 1364457
186886856, 188369828, 1482972
188495999, 189795085, 1299086
189914628, 191397714, 1483086
191522285, 192871428, 1349143
192992456, 194461257, 1468801
194585942, 195866171, 1280229
195985828, 197436914, 1451086
197560914, 198870514, 1309600
198992799, 200471199, 1478400
200595428, 201872914, 1277486
202147542, 203466057, 1318515
203590285, 204868228, 1277943
204987314, 206451085, 1463771
206575771, 207861142, 1285371
207982742, 209441599, 1458857
209566742, 210851199, 1284457
210970856, 212422285, 1451429
212547085, 213828914, 1281829
213949142, 215412914, 1463772
215537714, 216881142, 1343428
217001828, 218464685, 1462857
218588457, 219865485, 1277028
219984799, 221451428, 1466629
221575885, 223268342, 1692457
223397599, 224747771, 1350172
224868571, 226318399, 1449828
226442628, 227775999, 1333371
227896342, 229375657, 1479315
229500114, 230805142, 1305028
230926742, 232374285, 1447543
232499314, 233799428, 1300114
233919542, 235419657, 1500115
235549714, 236866171, 1316457
236986628, 238466628, 1480000
238590514, 239865828, 1275314
240018285, 241458742, 1440457
241583771, 242860114, 1276343
242979085, 244428114, 1449029
244552914, 245870056, 1317142
245990056, 247465828, 1475772
247590399, 248866514, 1276115
249137371, 250459199, 1321828
250584342, 251863314, 1278972
251983314, 253440685, 1457371
253565599, 254851771, 1286172
254971428, 256422514, 1451086
256547657, 257824228, 1276571
257943314, 259406057, 1462743
259530399, 260844342, 1313943
260964456, 262423542, 1459086
262548685, 263844114, 1295429
263965485, 265417714, 1452229
265542971, 266837942, 1294971
266959428, 268427314, 1467886
268552114, 269836685, 1284571
269957028, 271411657, 1454629
271537142, 272838514, 1301372
272960114, 274417371, 1457257
274542514, 275862171, 1319657
275992228, 277464571, 1472343
277588914, 278932685, 1343771
279209257, 280539199, 1329942
280662057, 281954856, 1292799
282222628, 283564685, 1342057
283683428, 284967999, 1284571
285237485, 286557371, 1319886
286681599, 287959771, 1278172
288226628, 289550971, 1324343
289673485, 290967428, 1293943
291238514, 292561028, 1322514
292683999, 293977714, 1293715
294245599, 295564228, 1318629
295687656, 296975199, 1287543
297242285, 298587657, 1345372
298706971, 299999885, 1292914
300267314, 301644799, 1377485
301763428, 303242628, 1479200
303366399, 304712685, 1346286
304833714, 306276342, 1442628
306401371, 307745485, 1344114
307865942, 309314514, 1448572
309439314, 310777256, 1337942
310898628, 312366742, 1468114
312493028, 313848914, 1355886
313970399, 315480228, 1509829
315605371, 316891656, 1286285
317012228, 318533599, 1521371
318657599, 319936685, 1279086
320204799, 321584914, 1380115
321704571, 322999199, 1294628
323267542, 324684799, 1417257
325511771, 326981942, 1470171
327257257, 328605257, 1348000
328724228, 330163999, 1439771
330289371, 331635999, 1346628
331754514, 333243199, 1488685
333367999, 334708456, 1340457
334829599, 336279314, 1449715
336403428, 337779542, 1376114
337900342, 339387199, 1486857
339512228, 340811999, 1299771
340933599, 342390514, 1456915
342515199, 343830856, 1315657
343951199, 345419199, 1468000
345543885, 346828342, 1284457
346947656, 348407314, 1459658
348531999, 349832456, 1300457
349954628, 351406742, 1452114
351533028, 352833714, 1300686
352954399, 354426514, 1472115
354550971, 355832228, 1281257
355951999, 357414971, 1462972
357539657, 358839885, 1300228
358961256, 360410514, 1449258
360535428, 361849714, 1314286
361970742, 363425028, 1454286
363551314, 364842856, 1291542
364962971, 366419771, 1456800
366545028, 367836685, 1291657
367956228, 369408799, 1452571
369533714, 370833828, 1300114
370955428, 372560228, 1604800
372691085, 374165257, 1474172
374291999, 375670971, 1378972
375789599, 377266057, 1476458
377390514, 378728685, 1338171
378848914, 380566285, 1717371
380694514, 381980799, 1286285
382250057, 383589371, 1339314
383712114, 385005371, 1293257
385274285, 386656228, 1381943
386774742, 388251542, 1476800
388374857, 389720342, 1345485
389840456, 391292685, 1452229
391416799, 392746628, 1329829
392867085, 394318171, 1451086
394442514, 395782856, 1340342
395903085, 397409257, 1506172
397537485, 398854628, 1317143
398975199, 400447657, 1472458
400572685, 401858742, 1286057
401977714, 403768799, 1791085
403889714, 405360914, 1471200
405485257, 406817256, 1331999
406941942, 408407199, 1465257
408531885, 409834285, 1302400
409955885, 411419657, 1463772
411544799, 412841142, 1296343
412960685, 414416571, 1455886
414541257, 415844685, 1303428
415966399, 417422742, 1456343
417548114, 418835199, 1287085
418954856, 420417257, 1462401
420542628, 421829142, 1286514
421948342, 423405714, 1457372
423530628, 424840571, 1309943
424961256, 426422171, 1460915
426547885, 427840342, 1292457
427959771, 429410971, 1451200
429536114, 430833714, 1297600
430955428, 432420457, 1465029
432545142, 433830514, 1285372
433950399, 435410399, 1460000
435535542, 436838056, 1302514
436960114, 438410399, 1450285
438535657, 439847656, 1311999
439967656, 441426628, 1458972
441551771, 443239999, 1688228
443367657, 444709028, 1341371
444829599, 446309599, 1480000
446433942, 447769828, 1335886
447890742, 449355314, 1464572
449480799, 450800571, 1319772
450923428, 452378057, 1454629
452502628, 453388571, 885943
453511657, 455481599, 1969942
455611542, 456895314, 1283772
457183428, 458509257, 1325829
458633485, 459911885, 1278400
460189828, 461496457, 1306629
461621028, 462941714, 1320686
463222971, 464548571, 1325600
464672571, 465966971, 1294400
466243428, 467564457, 1321029
467687999, 468962971, 1274972
469231428, 470545371, 1313943
470668457, 471991542, 1323085
472260114, 473601028, 1340914
473720685, 475143085, 1422400
475271314, 476634628, 1363314
476753371, 478166857, 1413486
478293371, 479607428, 1314057
479726856, 481025371, 1298515
481297371, 482620457, 1323086
482739885, 484224685, 1484800
484350057, 485701028, 1350971
485821942, 487259999, 1438057
487385028, 488715771, 1330743
488836914, 490296228, 1459314
490421257, 491762628, 1341371
491883885, 493338971, 1455086
493465142, 494796228, 1331086
494917828, 496370057, 1452229
496496228, 497798285, 1302057
497919199, 499371771, 1452572
499498171, 500788914, 1290743
500910056, 502376799, 1466743
502502171, 503782856, 1280685
503903428, 505374742, 1471314
505501485, 506806171, 1304686
506932799, 508398171, 1465372
508524342, 509870056, 1345714
509991085, 511454171, 1463086
511579771, 512854514, 1274743
512975428, 514439771, 1464343
514566514, 515842399, 1275885
515963428, 517418285, 1454857
517544457, 518858628, 1314171
518982171, 520446628, 1464457
520572114, 521845599, 1273485
521966971, 523426057, 1459086
523553371, 525228228, 1674857
525357942, 526716228, 1358286
526838399, 528297942, 1459543
528424342, 529768456, 1344114
529890742, 531356228, 1465486
531482971, 532775656, 1292685
532898285, 534367771, 1469486
535007999, 536572342, 1564343
536694285, 537975085, 1280800
538258742, 539571999, 1313257
539695771, 540970399, 1274628
541240571, 542559657, 1319086
542683656, 544391314, 1707658
544520799, 545834628, 1313829
545956114, 547417485, 1461371
547543542, 548832342, 1288800
548954056, 550408799, 1454743
550533942, 551821714, 1287772
551942514, 553402171, 1459657
553528685, 554819428, 1290743
554940342, 556403428, 1463086
556530171, 557836114, 1305943
557957371, 559410399, 1453028
559535428, 560846285, 1310857
560967314, 562428457, 1461143
562554742, 563829942, 1275200
563950171, 565417257, 1467086
565543542, 566830971, 1287429
566951771, 568411428, 1459657
568536685, 569833485, 1296800
569954971, 571417599, 1462628
571544571, 572827428, 1282857
572947885, 574405942, 1458057
574532571, 575812114, 1279543
575932342, 577395542, 1463200
577521828, 578819428, 1297600
578941714, 580393599, 1451885
580520914, 581813485, 1292571
581935314, 583393028, 1457714
583518971, 584811085, 1292114
584932799, 586389371, 1456572
586515885, 587815656, 1299771
587937599, 589402628, 1465029
589529257, 590820342, 1291085
590941371, 592391771, 1450400
592518971, 593811771, 1292800
593933028, 595394742, 1461714
595520342, 596822285, 1301943
596943656, 598403199, 1459543
598529828, 599817599, 1287771
599939199, 601392914, 1453715
601519428, 602812342, 1292914
602933599, 604398514, 1464915
604523885, 605830285, 1306400
605951428, 607411885, 1460457
607537371, 608830971, 1293600
608951771, 610414171, 1462400
610540914, 611826742, 1285828
611948114, 613411885, 1463771
613538285, 614821028, 1282743
614941256, 616402628, 1461372
616528457, 617820914, 1292457
617942628, 619400457, 1457829
619526399, 620832799, 1306400
620953599, 622421599, 1468000
622546742, 623825599, 1278857
623945828, 625408228, 1462400
625534514, 626981714, 1447200
627268457, 628599199, 1330742
628718742, 630219999, 1501257
630345828, 631653485, 1307657
631772342, 633253942, 1481600
633379085, 634713485, 1334400
634834171, 636305142, 1470971
636431085, 637770971, 1339886
637892685, 639356685, 1464000
639482399, 640773828, 1291429
640895085, 642351999, 1456914
642478628, 643813714, 1335086
643935199, 645408114, 1472915
645534742, 646853142, 1318400
646975656, 648455314, 1479658
648580571, 649853142, 1272571
649972914, 651426285, 1453371
651551542, 652844342, 1292800
652965828, 654426514, 1460686
654553142, 655834514, 1281372
655955656, 657410171, 1454515
657537028, 658833828, 1296800
658955999, 660417942, 1461943
660544342, 661842285, 1297943
661964342, 663419771, 1455429
663545257, 664834514, 1289257
664955428, 666411999, 1456571
666538285, 667854514, 1316229
667975542, 669431314, 1455772
669556685, 670846971, 1290286
670968571, 672423657, 1455086
672549142, 673832342, 1283200
673954056, 675406742, 1452686
675533142, 676834514, 1301372
676963428, 678425828, 1462400
678552342, 679848914, 1296572
679971428, 681421142, 1449714
681548114, 682854285, 1306171
682978056, 684447885, 1469829
684573257, 685852685, 1279428
685974285, 687427199, 1452914
687552799, 688833142, 1280343
688953371, 690410971, 1457600
690536228, 691825142, 1288914
691946742, 693402399, 1455657
693529257, 694821485, 1292228
694942971, 696399199, 1456228
696524685, 697812799, 1288114
697933942, 699383999, 1450057
699511542, 700809599, 1298057
700931314, 702401599, 1470285
702528457, 703822856, 1294399
703944914, 705406971, 1462057
705532114, 706827199, 1295085
706949028, 708406971, 1457943
708533142, 709816799, 1283657
709937714, 711404114, 1466400
711530399, 712817028, 1286629
712938171, 714432228, 1494057
714559885, 715842971, 1283086
715963085, 717422514, 1459429
717548228, 718827199, 1278971
718947885, 720410514, 1462629
720538285, 721826742, 1288457
721949028, 723410171, 1461143
723537371, 724822742, 1285371
724944571, 726392799, 1448228
726520914, 727831771, 1310857
727953599, 729418742, 1465143
729545599, 730823314, 1277715
730944456, 732404457, 1460001
732531885, 733821828, 1289943
733943656, 735393599, 1449943
735520685, 736815656, 1294971
736937942, 738409828, 1471886
738537142, 739820914, 1283772
739942628, 741401257, 1458629
742222399, 743731199, 1508800
743853942, 745296571, 1442629
745421599, 746753599, 1332000
746874742, 748318399, 1443657
748443885, 749778514, 1334629
749899885, 751369485, 1469600
751494285, 752796456, 1302171
752917485, 754365599, 1448114
754491542, 755794399, 1302857
755915885, 757378057, 1462172
757503542, 758797256, 1293714
758919314, 760370971, 1451657
760496342, 761806285, 1309943
761927199, 763391771, 1464572
763517714, 764816228, 1298514
764937714, 766401371, 1463657
766526971, 767820571, 1293600
767941599, 769398171, 1456572
769523428, 770814971, 1291543
770936456, 772393828, 1457372
772520457, 773810971, 1290514
773931885, 775403199, 1471314
775529485, 776972228, 1442743
777244457, 778572914, 1328457
778696685, 779973599, 1276914
780259314, 781576685, 1317371
781699999, 782980799, 1280800
783250285, 784591885, 1341600
784716114, 786006628, 1290514
786277942, 787612914, 1334972
787732456, 789167999, 1435543
789293828, 790615085, 1321257
790734514, 792013942, 1279428
792281599, 793608114, 1326515
793727542, 795002971, 1275429
795271428, 796609257, 1337829
796728799, 798012685, 1283886
798278399, 799615199, 1336800
799733142, 801177599, 1444457
801303085, 802612571, 1309486
802732456, 804223085, 1490629
804347885, 805699542, 1351657
805819999, 807282285, 1462286
807406857, 808750856, 1343999
808871999, 810325485, 1453486
810451885, 811775999, 1324114
811898056, 813348342, 1450286
813473142, 814779999, 1306857
814902285, 816378857, 1476572
816505257, 817808571, 1303314
817929714, 819425942, 1496228
819550971, 820834971, 1284000
820956342, 822411199, 1454857
822536571, 823826971, 1290400
823948342, 825409942, 1461600
825536457, 826826399, 1289942
826947885, 828451885, 1504000
828577599, 829864799, 1287200
829984914, 831457485, 1472571
831581942, 832852456, 1270514
832972342, 834434399, 1462057
834559428, 835826971, 1267543
835948228, 837411314, 1463086
837537942, 838822856, 1284914
838943085, 840406171, 1463086
840532799, 841826742, 1293943
841947542, 843427885, 1480343
843554857, 844836456, 1281599
844956685, 846417028, 1460343
846542514, 847823199, 1280685
847944114, 849404799, 1460685
849531542, 850821028, 1289486
850942285, 852395885, 1453600
852521942, 853809942, 1288000
853931656, 855376114, 1444458
855501028, 856794742, 1293714
856915199, 858363657, 1448458
858489828, 859797485, 1307657
859918285, 861398399, 1480114
861524914, 862823199, 1298285
862944799, 864403314, 1458515
864529028, 865821371, 1292343
865942285, 867392914, 1450629
867518399, 868804342, 1285943
868925828, 870383199, 1457371
870509714, 871798628, 1288914
871919999, 873388914, 1468915
873515885, 874817485, 1301600
874938742, 876408228, 1469486
876535428, 877819199, 1283771
877940914, 879434399, 1493485
879561714, 880835771, 1274057
880956799, 882415771, 1458972
882542285, 883834856, 1292571
883956914, 885414857, 1457943
885541599, 886831199, 1289600
886951885, 888408228, 1456343
888534628, 889821714, 1287086
889942971, 891401371, 1458400
891528457, 892820685, 1292228
892941371, 894406628, 1465257
894533257, 895830056, 1296799
895951314, 897411771, 1460457
897538285, 898837485, 1299200
898958514, 900407771, 1449257
900533257, 901844342, 1311085
901965256, 903425028, 1459772
903550057, 904830056, 1279999
904950285, 906411657, 1461372
906538057, 907830171, 1292114
907952228, 909407428, 1455200
909534971, 910834399, 1299428
910955885, 912413942, 1458057
912540457, 913826742, 1286285
913947771, 915415885, 1468114
915541257, 916827885, 1286628
916948799, 918406285, 1457486
918532685, 919833599, 1300914
919955314, 921403657, 1448343
921529599, 922816456, 1286857
922937485, 924402399, 1464914
924529028, 925842742, 1313714
925963542, 927413485, 1449943
927539771, 928828685, 1288914
928950514, 930406171, 1455657
930531771, 931822171, 1290400
931943542, 933402971, 1459429
933529257, 934818514, 1289257
934940342, 936399885, 1459543
936526514, 937819542, 1293028
937941828, 939405257, 1463429
939533714, 940826742, 1293028
940948685, 942410971, 1462286
942537828, 943830399, 1292571
943952342, 945417028, 1464686
945544342, 946822628, 1278286
947627542, 949251314, 1623772
949379657, 950726056, 1346399
950846742, 952294171, 1447429
952419542, 953747085, 1327543
953868114, 955308457, 1440343
955434857, 956772114, 1337257
956893485, 958353142, 1459657
958479314, 959789485, 1310171
959910628, 961377028, 1466400
961503657, 962802056, 1298399
962929256, 964391199, 1461943
964518171, 965812342, 1294171
965933599, 967390057, 1456458
967517257, 968812114, 1294857
968933142, 970393257, 1460115
970518628, 971805828, 1287200
971927656, 973385371, 1457715
973512571, 974805942, 1293371
974927314, 976388457, 1461143
976514742, 977850056, 1335314
977971542, 979424342, 1452800
979549714, 980833256, 1283542
980954514, 982449028, 1494514
982577828, 983923085, 1345257
984204799, 985546171, 1341372
985670399, 986963771, 1293372
987232799, 988603542, 1370743
988723428, 990189828, 1466400
990315771, 991192914, 877143
991316228, 995359657, 4043429
995487657, 996374628, 886971
996498857, 999554514, 3055657
999681942, 1168685, -998513257
1298628, 2632228, 1333600
2750514, 4231199, 1480685
4355199, 5728228, 1373029
5847885, 7287428, 1439543
7410971, 8746742, 1335771
8865942, 10641257, 1775315
10773028, 12293485, 1520457
12417714, 13765828, 1348114
13885714, 15336114, 1450400
15460342, 16755999, 1295657
16876685, 18305714, 1429029
18429828, 19761142, 1331314
19881371, 21348228, 1466857
21474057, 22843428, 1369371
22964228, 24422628, 1458400
24546857, 25829256, 1282399
25949485, 27399085, 1449600
27525028, 28860342, 1335314
28981942, 30445599, 1463657
30569828, 31893485, 1323657
32013142, 33469028, 1455886
33594399, 34877256, 1282857
34997028, 36467199, 1470171
36591199, 37860685, 1269486
37980571, 39443542, 1462971
39567771, 40868799, 1301028
40999885, 42479771, 1479886
42606285, 43888571, 1282286
44007999, 45469599, 1461600
45593714, 46867885, 1274171
46987314, 49147657, 2160343
49278285, 50695542, 1417257
50815656, 52278971, 1463315
52404228, 53726971, 1322743
53847314, 55341028, 1493714
55466399, 56807771, 1341372
56927771, 58392342, 1464571
58518171, 59832571, 1314400
59952799, 61416228, 1463429
61541828, 62833599, 1291771
62954285, 64405371, 1451086
64530971, 65842628, 1311657
65962971, 67448799, 1485828
67574857, 68846514, 1271657
68966399, 70414857, 1448458
70539542, 71831542, 1292000
71952914, 73408914, 1456000
73533599, 74820114, 1286515
74941828, 76389028, 1447200
76514399, 77808456, 1294057
77929828, 79379314, 1449486
79504571, 80798971, 1294400
80920456, 82419542, 1499086
82545257, 83830399, 1285142
83951656, 85412114, 1460458
85537828, 86816342, 1278514
86936456, 88384114, 1447658
88510285, 89799656, 1289371
89920456, 91362057, 1441601
91487657, 92801714, 1314057
92922171, 94394742, 1472571
94521371, 95816571, 1295200
95938056, 97399885, 1461829
97524799, 98813256, 1288457
98934628, 100400342, 1465714
100526057, 101811885, 1285828
101933942, 103390514, 1456572
103517142, 104805256, 1288114
104926399, 106374057, 1447658
106499542, 107805485, 1305943
107925828, 109378742, 1452914
109504685, 110797142, 1292457
110918056, 112369371, 1451315
112495428, 113799085, 1303657
113920114, 115372685, 1452571
115497714, 116798628, 1300914
116919199, 118371542, 1452343
118497942, 119808228, 1310286
119929828, 121389942, 1460114
121515428, 122796685, 1281257
122917942, 124384799, 1466857
124511657, 125801942, 1290285
125923428, 127367999, 1444571
127492799, 128784114, 1291315
128905142, 130360571, 1455429
130487999, 131793942, 1305943
131915085, 133384457, 1469372
133511199, 134802971, 1291772
134924114, 136377828, 1453714
136503999, 137795428, 1291429
137916456, 139359542, 1443086
139484457, 140803085, 1318628
140923542, 142382514, 1458972
142507771, 143799656, 1291885
143920914, 145374514, 1453600
145501714, 146795656, 1293942
146918171, 148369828, 1451657
148495428, 149800342, 1304914
149921942, 151395199, 1473257
151522399, 152814056, 1291657
152935656, 154380342, 1444686
154506971, 155798171, 1291200
155919428, 157367314, 1447886
157493142, 158788799, 1295657
158910742, 160365028, 1454286
160492114, 161784456, 1292342
161906514, 163368799, 1462285
163496685, 164795542, 1298857
164917142, 166373714, 1456572
167233142, 168707656, 1474514
168831428, 170281599, 1450171
170408571, 171996228, 1587657
172271885, 173653714, 1381829
173772799, 175245599, 1472800
175370742, 176943771, 1573029
177223885, 178566514, 1342629
178690514, 179985028, 1294514
180255885, 181587314, 1331429
181710171, 182987656, 1277485
183265942, 184583999, 1318057
184707885, 186000456, 1292571
186271199, 187587314, 1316115
187707542, 188976456, 1268914
189245371, 190555199, 1309828
190678628, 191972342, 1293714
192242857, 193582514, 1339657
193706056, 195005599, 1299543
195277028, 196597828, 1320800
196717828, 197999199, 1281371
198265942, 199608114, 1342172
199726628, 201154742, 1428114
201281714, 202651085, 1369371
202768799, 204243085, 1474286
204368342, 205693485, 1325143
205815085, 207290171, 1475086
207415771, 208757942, 1342171
208879656, 210342171, 1462515
210469028, 211794628, 1325600
211915542, 213377485, 1461943
213503999, 214797828, 1293829
214919085, 216374171, 1455086
216501142, 217788228, 1287086
217909485, 219381028, 1471543
219507199, 220795999, 1288800
220917142, 222367885, 1450743
222493599, 223795771, 1302172
223916571, 225374171, 1457600
225500457, 226805256, 1304799
226927771, 228385942, 1458171
228512571, 229802856, 1290285
229924342, 231367542, 1443200
231493257, 232795771, 1302514
232917599, 234373828, 1456229
234500571, 235796685, 1296114
235918399, 237626056, 1707657
237748342, 239240457, 1492115
239365828, 240700799, 1334971
240822285, 242298514, 1476229
242423199, 243761142, 1337943
243883085, 245340457, 1457372
245466857, 246778285, 1311428
246901599, 248366399, 1464800
248492571, 249796914, 1304343
249918856, 251371199, 1452343
251497142, 252792228, 1295086
252913142, 254385142, 1472000
254511199, 255801028, 1289829
255922171, 257383542, 1461371
257510628, 258805828, 1295200
258926742, 260378742, 1452000
260506171, 261791085, 1284914
261912342, 263377028, 1464686
263504228, 264810856, 1306628
264932114, 266388571, 1456457
266514628, 267807199, 1292571
267929142, 269379085, 1449943
269505828, 270802742, 1296914
270924685, 272398628, 1473943
272525142, 273821256, 1296114
273942628, 275406171, 1463543
275533714, 276819885, 1286171
276939885, 278387999, 1448114
278514285, 279807085, 1292800
279927999, 281377028, 1449029
281503885, 282788228, 1284343
282909371, 284380571, 1471200
284506742, 285802399, 1295657
285923428, 287366742, 1443314
287491657, 288788571, 1296914
288909942, 290372228, 1462286
290498742, 291800571, 1301829
291922171, 293386857, 1464686
293513828, 294813256, 1299428
294935999, 296388685, 1452686
296514971, 297815656, 1300685
297936914, 299391771, 1454857
299517828, 300801142, 1283314
300922285, 302379657, 1457372
302505485, 303787656, 1282171
303908799, 305381599, 1472800
305507999, 306809485, 1301486
306932342, 308381599, 1449257
308508114, 309799656, 1291542
309921256, 311369028, 1447772
311495542, 312787199, 1291657
312908799, 314396685, 1487886
314523542, 315823199, 1299657
315944342, 317399999, 1455657
317526857, 318836342, 1309485
318964228, 320445142, 1480914
320569828, 321851199, 1281371
321970742, 323425142, 1454400
323551085, 324831999, 1280914
324952456, 326420799, 1468343
326545942, 327834514, 1288572
327953942, 329414971, 1461029
329539999, 330834171, 1294172
330953942, 332410514, 1456572
332535428, 333824456, 1289028
333944114, 335407428, 1463314
335531885, 336826056, 1294171
336945256, 338413371, 1468115
338538971, 339846056, 1307085
339967771, 341425257, 1457486
341550857, 342847542, 1296685
342969485, 344433714, 1464229
344558857, 345839885, 1281028
345959314, 347417485, 1458171
347541942, 348844114, 1302172
348965599, 350418514, 1452915
350543314, 351840456, 1297142
351961371, 353424685, 1463314
353550742, 354830171, 1279429
354951085, 355841599, 890514
355960685, 359412228, 3451543
359543085, 360424114, 881029
360549371, 363471314, 2921943
363599656, 364897142, 1297486
365176799, 366514057, 1337258
366639199, 367936114, 1296915
368214628, 369551314, 1336686
369675999, 370954628, 1278629
371223999, 372562514, 1338515
372686971, 374024114, 1337143
374557714, 375982399, 1424685
376813485, 378392685, 1579200
378521371, 379812571, 1291200
379932228, 381393371, 1461143
381517828, 382813371, 1295543
382933371, 384396799, 1463428
384521828, 385825942, 1304114
385947885, 387421485, 1473600
387546628, 388830742, 1284114
388950742, 390422742, 1472000
390548457, 391871314, 1322857
391991085, 393458399, 1467314
393582628, 394856799, 1274171
394976342, 396437714, 1461372
396562971, 397864342, 1301371
397983199, 399448914, 1465715
399573714, 400872914, 1299200
400991999, 402456799, 1464800
402581599, 403877828, 1296229
403997714, 405774514, 1776800
405895428, 407362514, 1467086
407487085, 408800228, 1313143
408921142, 410402399, 1481257
410526857, 411828571, 1301714
411949942, 413418057, 1468115
413542628, 414832456, 1289828
414952342, 416415999, 1463657
416541028, 417842399, 1301371
417963999, 419421028, 1457029
419546399, 420841028, 1294629
420963085, 422423199, 1460114
422548228, 423826856, 1278628
423946628, 425419199, 1472571
425546057, 426842285, 1296228
426961714, 428420228, 1458514
428545028, 429838971, 1293943
429960799, 431468457, 1507658
431598285, 432884571, 1286286
433165828, 434503428, 1337600
434627999, 435907428, 1279429
436184114, 437524342, 1340228
437648342, 438930514, 1282172
439198742, 440522399, 1323657
440645599, 441941028, 1295429
442214514, 443538742, 1324228
443662514, 444940571, 1278057
445210399, 446537371, 1326972
446660685, 448153257, 1492572
448279085, 449605485, 1326400
449727885, 451227085, 1499200
451351657, 452764342, 1412685
452885028, 454351885, 1466857
454476342, 455853828, 1377486
455974399, 457445942, 1471543
457570628, 458853028, 1282400
458973371, 460446057, 1472686
460572228, 461849599, 1277371
461969028, 463423314, 1454286
463548228, 464835085, 1286857
464955199, 466413257, 1458058
466539199, 467838628, 1299429
467960342, 469423885, 1463543
469548457, 470839771, 1291314
470959428, 472419657, 1460229
472544914, 473857256, 1312342
473977028, 475430628, 1453600
475555199, 476863771, 1308572
476984342, 478458285, 1473943
478582399, 479868114, 1285715
480140914, 481459199, 1318285
481583885, 482879656, 1295771
482999085, 484460914, 1461829
484585142, 485880685, 1295543
486001256, 487473828, 1472572
487598856, 488874856, 1276000
489150057, 490471085, 1321028
490595314, 491881485, 1286171
492000685, 493468914, 1468229
493593371, 494868914, 1275543
494988228, 496447314, 1459086
496571428, 497851885, 1280457
497970856, 499431428, 1460572
499556914, 500859542, 1302628
500979428, 502449485, 1470057
502573828, 503909714, 1335886
504029828, 505510971, 1481143
505635085, 506928228, 1293143
507205942, 508527542, 1321600
508651885, 509931656, 1279771
510206285, 511530057, 1323772
511654285, 512931085, 1276800
513201257, 514537257, 1336000
514660228, 515950285, 1290057
516223542, 517606285, 1382743
517726285, 519169257, 1442972
519294057, 520620457, 1326400
520739314, 522225371, 1486057
522350057, 523696114, 1346057
523827428, 525279542, 1452114
525403999, 526753714, 1349715
526874399, 528330171, 1455772
528454399, 529796456, 1342057
529916914, 531394971, 1478057
531520342, 532821599, 1301257
532942628, 534414514, 1471886
534542171, 535947656, 1405485
536220228, 537597485, 1377257
537717028, 539002628, 1285600
539273828, 540642857, 1369029
540760914, 542237371, 1476457
542361942, 543758171, 1396229
543879771, 545350971, 1471200
545476914, 546818399, 1341485
546939428, 548401599, 1462171
548528114, 549821142, 1293028
549943542, 551414399, 1470857
551540114, 552851314, 1311200
552979656, 554478285, 1498629
554603199, 555878742, 1275543
555998742, 557476457, 1477715
557601828, 558889256, 1287428
559009828, 560493714, 1483886
560617485, 561903771, 1286286
562193142, 563517028, 1323886
563641942, 564918171, 1276229
565197028, 566523314, 1326286
566648342, 567939199, 1290857
568215885, 569560114, 1344229
569683656, 570987314, 1303658
571261257, 572639657, 1378400
572758971, 574242971, 1484000
574367199, 575718514, 1351315
575839085, 577282514, 1443429
577408342, 578761028, 1352686
578882285, 580400571, 1518286
580526628, 581815771, 1289143
581936342, 583406171, 1469829
583532571, 584854742, 1322171
585696799, 587314742, 1617943
587440914, 588792342, 1351428
588912456, 590384457, 1472001
590509599, 591809256, 1299657
591930628, 593403314, 1472686
593528457, 594824799, 1296342
594944571, 596408571, 1464000
596533942, 597824114, 1290172
597943771, 599422285, 1478514
599547085, 600835771, 1288686
600955314, 602419085, 1463771
602543999, 603844456, 1300457
603965028, 605418285, 1453257
605543542, 606835314, 1291772
606954971, 608431542, 1476571
608556685, 609856571, 1299886
609976799, 611440914, 1464115
611565942, 612841028, 1275086
612959999, 614681371, 1721372
614802399, 616293828, 1491429
616418742, 617775656, 1356914
617896799, 619379771, 1482972
619504571, 620816114, 1311543
620939314, 622411771, 1472457
622537485, 623831656, 1294171
623951656, 625419428, 1467772
625544114, 626845599, 1301485
626965256, 628420228, 1454972
628545485, 629844456, 1298971
629965371, 631417942, 1452571
631543085, 632840685, 1297600
632962056, 634424228, 1462172
634549371, 635842514, 1293143
635963199, 637424228, 1461029
637549257, 638831771, 1282514
638951314, 640410171, 1458857
640535428, 641840228, 1304800
641961828, 643421942, 1460114
643548114, 644845142, 1297028
644966856, 646425599, 1458743
646550514, 647859771, 1309257
647978742, 649453828, 1475086
649578285, 650871771, 1293486
650991999, 652452228, 1460229
652576571, 653853256, 1276685
653973485, 655434971, 1461486
655560914, 656840685, 1279771
656960228, 658421028, 1460800
658546628, 659866399, 1319771
659987314, 661470057, 1482743
661594399, 662872456, 1278057
662991771, 664446857, 1455086
664571657, 665849942, 1278285
665969256, 667422628, 1453372
667548342, 668844799, 1296457
668966171, 670421599, 1455428
670546514, 671840685, 1294171
671961599, 673416457, 1454858
673542171, 674831314, 1289143
674950742, 676418742, 1468000
676543771, 677840914, 1297143
677961256, 679416228, 1454972
679541942, 680832114, 1290172
680952342, 682432571, 1480229
682557828, 683848456, 1290628
683968228, 685426514, 1458286
685551428, 686843656, 1292228
686963885, 688421257, 1457372
688546514, 689843885, 1297371
689964914, 691415428, 1450514
691540114, 692841256, 1301142
692962971, 694422171, 1459200
694547085, 695845714, 1298629
695965371, 697426171, 1460800
697551428, 698869028, 1317600
698989028, 700458971, 1469943
700582971, 701866399, 1283428
701985828, 703452228, 1466400
703577257, 704927656, 1350399
705208457, 706592114, 1383657
706714399, 708157714, 1443315
708284228, 709626399, 1342171
709744914, 711235085, 1490171
711358399, 712757714, 1399315
712878628, 714325257, 1446629
714449485, 715826171, 1376686
715946628, 717407428, 1460800
717533485, 718829028, 1295543
718950514, 720414171, 1463657
720538628, 721878285, 1339657
721997828, 723529142, 1531314
723654056, 724996342, 1342286
725264799, 726597942, 1333143
726717256, 728018056, 1300800
728287657, 729618742, 1331085
729737942, 731229714, 1491772
731353485, 732678171, 1324686
732797028, 734274514, 1477486
734398514, 735738056, 1339542
735858514, 737312571, 1454057
737436114, 738816685, 1380571
738937828, 740411199, 1473371
740535771, 741827771, 1292000
741948114, 743406171, 1458057
743531314, 744823314, 1292000
744943771, 746412685, 1468914
746537257, 747827542, 1290285
747947199, 749419085, 1471886
749543771, 750876685, 1332914
750997942, 752470742, 1472800
752595999, 753871885, 1275886
753991771, 755457257, 1465486
755582399, 756878399, 1296000
756998514, 758466057, 1467543
758590514, 759867428, 1276914
759987199, 761463085, 1475886
761587428, 762882056, 1294628
763002399, 764466171, 1463772
764590399, 765874971, 1284572
765994742, 767451885, 1457143
767577028, 768853256, 1276228
768972228, 770423085, 1450857
770548914, 771859656, 1310742
771980685, 773445942, 1465257
773570628, 774853028, 1282400
774972914, 776429371, 1456457
776555199, 777841485, 1286286
777961828, 779421485, 1459657
779547771, 780863314, 1315543
780984685, 782469142, 1484457
782594514, 783878514, 1284000
784147314, 785466171, 1318857
785591314, 786864571, 1273257
786984114, 788461942, 1477828
788586971, 789887314, 1300343
790156685, 791478628, 1321943
791603999, 792888571, 1284572
793702514, 795318857, 1616343
795445142, 796806171, 1361029
796925828, 798402285, 1476457
798527314, 799827542, 1300228
799949256, 801419999, 1470743
801544799, 802831656, 1286857
802951656, 804413485, 1461829
804538628, 805839885, 1301257
805960799, 807412114, 1451315
807537142, 808835656, 1298514
808957599, 810428571, 1470972
810554399, 811863314, 1308915
811982514, 813455314, 1472800
813579999, 814873256, 1293257
814993485, 816455885, 1462400
816580685, 817856228, 1275543
817974856, 819429599, 1454743
819555085, 820861371, 1306286
820979999, 822450057, 1470058
822574057, 823875885, 1301828
823994856, 825455657, 1460801
825580114, 826864685, 1284571
826984114, 828464342, 1480228
828589142, 829931656, 1342514
830210971, 831534285, 1323314
831658171, 832937371, 1279200
833214628, 834602971, 1388343
834721942, 836020685, 1298743
836284799, 837610742, 1325943
837729714, 839188114, 1458400
839312571, 840652228, 1339657
840770742, 842252571, 1481829
842375999, 843712685, 1336686
843833142, 845331199, 1498057
845455657, 846769599, 1313942
846890971, 848355542, 1464571
848481142, 849777828, 1296686
849898171, 851396228, 1498057
851521371, 852823771, 1302400
852945485, 854409714, 1464229
854534742, 855850742, 1316000
855970856, 857428228, 1457372
857553257, 858838399, 1285142
858958399, 860418971, 1460572
860544571, 861855885, 1311314
861975885, 863444114, 1468229
863568228, 864870399, 1302171
864988914, 866462971, 1474057
866587657, 867865485, 1277828
867984799, 869496571, 1511772
869621256, 870906056, 1284800
871184914, 872510057, 1325143
872634857, 873907199, 1272342
874196571, 875532342, 1335771
875657371, 876949714, 1292343
877219999, 878542285, 1322286
878665371, 879948342, 1282971
880224914, 881554971, 1330057
881678056, 882959542, 1281486
883228457, 884614399, 1385942
884733485, 886159428, 1425943
886286171, 887612114, 1325943
887731428, 889218057, 1486629
889342285, 890662171, 1319886
890780342, 892269028, 1488686
892392799, 893741828, 1349029
893862514, 895319999, 1457485
895443999, 896772456, 1328457
896893142, 898352114, 1458972
898477257, 899807656, 1330399
899927999, 901398742, 1470743
901524342, 902860685, 1336343
902979885, 904454742, 1474857
904579085, 905861942, 1282857
905981599, 907437028, 1455429
907561257, 908894971, 1333714
909015085, 910495199, 1480114
910619885, 911902399, 1282514
912186971, 913516799, 1329828
913642056, 914918056, 1276000
915194857, 916526971, 1332114
916651085, 918002171, 1351086
918271428, 919599314, 1327886
919721942, 921200685, 1478743
921325828, 922701142, 1375314
922821942, 924306628, 1484686
924430628, 925817714, 1387086
925938628, 927408457, 1469829
927533142, 928914514, 1381372
929196799, 930521028, 1324229
930645142, 931913942, 1268800
932190285, 933517485, 1327200
933642171, 934949599, 1307428
935225257, 936567199, 1341942
936690856, 937975085, 1284229
938261599, 939588228, 1326629
939709599, 941000685, 1291086
941264685, 942605599, 1340914
942725028, 944219314, 1494286
944343999, 945699085, 1355086
945818742, 947285599, 1466857
947410971, 948762399, 1351428
948883771, 950342514, 1458743
950467314, 951802056, 1334742
951922628, 953391999, 1469371
953517257, 954838628, 1321371
954960799, 956418971, 1458172
956544114, 957863542, 1319428
957984228, 959446628, 1462400
959570628, 960867199, 1296571
960986056, 962447085, 1461029
962573142, 963850971, 1277829
963969828, 965425714, 1455886
965550857, 966846856, 1295999
966968571, 968417714, 1449143
968542857, 969832571, 1289714
969952571, 971400914, 1448343
971525828, 972825371, 1299543
972946171, 974413828, 1467657
974539314, 975878856, 1339542
975999656, 977464914, 1465258
977589599, 978865371, 1275772
978984114, 980441942, 1457828
980567542, 981912799, 1345257
982188685, 983574857, 1386172
983698628, 985183542, 1484914
985308685, 986703885, 1395200
986825599, 988294285, 1468686
988419199, 989776456, 1357257
989897028, 991421942, 1524914
991547428, 992901142, 1353714
993177828, 994499314, 1321486
994624571, 995964228, 1339657
996236114, 997622628, 1386514
997743656, 999228342, 1484686
999353599, 682742, -998670857
1505371, 2975314, 1469943
3248799, 4591199, 1342400
4711656, 6007885, 1296229
6274057, 7594171, 1320114
7711771, 9023314, 1311543
9296914, 10627085, 1330171
10746056, 12601142, 1855086
12728799, 14182399, 1453600
14306057, 15629142, 1323085
15746628, 17242628, 1496000
17365714, 18712914, 1347200
18832114, 20311314, 1479200
20434742, 21780685, 1345943
21900228, 23366399, 1466171
23490628, 24796114, 1305486
24916799, 26425371, 1508572
26550171, 27836799, 1286628
27955314, 29416114, 1460800
29539771, 30851656, 1311885
30971885, 32430171, 1458286
32554171, 33858856, 1304685
33977371, 35487542, 1510171
35611542, 36891542, 1280000
37009942, 38472457, 1462515
38595657, 39894171, 1298514
40162742, 41483314, 1320572
41607542, 42882399, 1274857
43149257, 44461828, 1312571
44587657, 45858856, 1271199
45978285, 47454171, 1475886
47577714, 49612228, 2034514
49739085, 51247314, 1508229
51371085, 52727656, 1356571
52847314, 54302399, 1455085
54426399, 55765714, 1339315
55885942, 57396799, 1510857
57520342, 58821714, 1301372
58942742, 60435199, 1492457
60562057, 61879199, 1317142
61999199, 63483885, 1484686
63607885, 64884228, 1276343
65151542, 66475314, 1323772
66599428, 67874971, 1275543
68147314, 69473371, 1326057
69597028, 70874856, 1277828
70993714, 72512228, 1518514
72636342, 73920114, 1283772
74191199, 75528228, 1337029
75651542, 76943428, 1291886
77215428, 78551085, 1335657
78677142, 80215885, 1538743
80338971, 81718171, 1379200
81838399, 83285371, 1446972
83410399, 84745371, 1334972
84865828, 86306285, 1440457
86430742, 87780342, 1349600
87900914, 89354057, 1453143
89480457, 90809599, 1329142
90929714, 92398514, 1468800
92525257, 93816914, 1291657
93937485, 95400342, 1462857
95524799, 96813028, 1288229
96933942, 98394628, 1460686
98520685, 99817599, 1296914
99938399, 101404799, 1466400
101530742, 102818628, 1287886
102939885, 104394057, 1454172
104518971, 105810056, 1291085
105931885, 107395885, 1464000
107522057, 108833256, 1311199
108961142, 110441942, 1480800
110566399, 111846742, 1280343
111967656, 113422971, 1455315
113547885, 114837828, 1289943
114957942, 116419885, 1461943
116546057, 117821371, 1275314
117941256, 119407314, 1466058
119532799, 120833485, 1300686
120954056, 122417828, 1463772
122543885, 123831999, 1288114
123952228, 125407885, 1455657
125534514, 126823999, 1289485
126945485, 128404114, 1458629
128530971, 129822742, 1291771
129943428, 131398628, 1455200
131524799, 132820799, 1296000
132942399, 134422514, 1480115
134548685, 135823656, 1274971
135943999, 137404799, 1460800
137530857, 138820914, 1290057
138942171, 140406514, 1464343
140533257, 141837942, 1304685
141959314, 143426514, 1467200
143554057, 144828685, 1274628
144949485, 146411199, 1461714
146537599, 147829942, 1292343
147951542, 149404228, 1452686
149529942, 150819885, 1289943
150942171, 152398742, 1456571
152523542, 153814971, 1291429
153936799, 155402742, 1465943
155529828, 156837828, 1308000
156958514, 158410857, 1452343
158535999, 159875885, 1339886
159997028, 161448685, 1451657
161573942, 162838514, 1264572
162958514, 164418285, 1459771
164543542, 165819656, 1276114
165939656, 167394857, 1455201
167521485, 168818171, 1296686
168940456, 170406514, 1466058
170534285, 171865714, 1331429
171985828, 173453028, 1467200
173578057, 174862856, 1284799
174983771, 176437371, 1453600
176562285, 177832456, 1270171
177953028, 179406057, 1453029
179532228, 180868685, 1336457
180990056, 182452228, 1462172
182577485, 183857485, 1280000
183978399, 185442285, 1463886
185567885, 186844571, 1276686
186965142, 188414171, 1449029
188539771, 189823656, 1283885
189944914, 191408342, 1463428
191534399, 192844228, 1309829
192965828, 194432571, 1466743
194558628, 195856456, 1297828
195978171, 197436799, 1458628
197562285, 198835428, 1273143
198957371, 200409257, 1451886
200535314, 201813485, 1278171
201935085, 203433257, 1498172
203560685, 204833714, 1273029
204953942, 206410857, 1456915
206538399, 207848456, 1310057
207969599, 209426057, 1456458
209552571, 210823999, 1271428
210945142, 212417714, 1472572
212544799, 213820456, 1275657
213942056, 215397942, 1455886
215525028, 216815428, 1290400
217655085, 219273485, 1618400
219400799, 220742514, 1341715
220863314, 222562285, 1698971
222688914, 224140457, 1451543
224268228, 225577714, 1309486
225701256, 226976571, 1275315
227245599, 228581828, 1336229
228701142, 229980456, 1279314
230250742, 231569485, 1318743
231693599, 232983199, 1289600
233257142, 234582857, 1325715
234707314, 235983428, 1276114
236266171, 237591771, 1325600
237713371, 239002856, 1289485
239273942, 240587314, 1313372
240708228, 241993485, 1285257
242262742, 243577828, 1315086
243700571, 244982971, 1282400
245266857, 246583199, 1316342
246706171, 247990971, 1284800
248259771, 249582171, 1322400
249701714, 250978628, 1276914
251248914, 252576685, 1327771
252699885, 253983428, 1283543
254261142, 255589142, 1328000
255711542, 256989714, 1278172
257259657, 258570514, 1310857
258693485, 259975885, 1282400
260246057, 261557142, 1311085
261680342, 262950856, 1270514
263226171, 264598057, 1371886
264718171, 265995771, 1277600
266264799, 267574742, 1309943
267697599, 268980114, 1282515
269250399, 270575657, 1325258
270699428, 271993256, 1293828
272264571, 273579771, 1315200
273703314, 274981028, 1277714
275264799, 276577028, 1312229
276699542, 277979085, 1279543
278246514, 279559885, 1313371
279683542, 280961942, 1278400
281232114, 282549485, 1317371
282673599, 283950514, 1276915
284228342, 285556457, 1328115
285679542, 286952571, 1273029
287222285, 288561599, 1339314
288685371, 289959656, 1274285
290228114, 291566171, 1338057
291690171, 292983542, 1293371
293256685, 294575199, 1318514
294698628, 295979085, 1280457
296248571, 297563428, 1314857
297687542, 298973485, 1285943
299243314, 300562857, 1319543
300687085, 301961599, 1274514
302236914, 303551657, 1314743
303675885, 304966514, 1290629
305234399, 306546857, 1312458
306669599, 307948799, 1279200
308228342, 309541828, 1313486
309665256, 310943885, 1278629
311222285, 312543199, 1320914
312666742, 313948114, 1281372
314234514, 315547885, 1313371
315671542, 316947771, 1276229
317226399, 318559314, 1332915
318683314, 319957714, 1274400
320228228, 321538742, 1310514
321663656, 322958628, 1294972
323229371, 324551885, 1322514
324675428, 325949599, 1274171
326216685, 327550628, 1333943
327674171, 328951314, 1277143
329221371, 330553828, 1332457
330676799, 331947199, 1270400
332223657, 333557828, 1334171
333680914, 334962171, 1281257
335232914, 336546399, 1313485
336670971, 337963314, 1292343
338238742, 339553828, 1315086
339676571, 340962514, 1285943
341239085, 342611314, 1372229
342730971, 344165371, 1434400
344292685, 345613256, 1320571
345733485, 347211657, 1478172
347337257, 348714856, 1377599
348835542, 350280228, 1444686
350406057, 351757942, 1351885
351878971, 353330399, 1451428
353455314, 354787999, 1332685
354909256, 356378857, 1469601
356504914, 357805142, 1300228
357926056, 359391771, 1465715
359518171, 360809942, 1291771
360931085, 362395771, 1464686
362522514, 363833485, 1310971
363954628, 365408571, 1453943
365533714, 366863656, 1329942
366983999, 368437828, 1453829
368562857, 369830056, 1267199
369949942, 371406857, 1456915
371532914, 372815656, 1282742
372935428, 374405257, 1469829
374531542, 375843314, 1311772
375964456, 377583314, 1618858
377706285, 379137599, 1431314
379265028, 380578857, 1313829
380702971, 381984914, 1281943
382252799, 383585371, 1332572
383704799, 384986171, 1281372
385252571, 386631314, 1378743
386759999, 388287542, 1527543
388411999, 389770399, 1358400
389890399, 391355657, 1465258
391480228, 392792342, 1312114
392912571, 394385714, 1473143
394510285, 395807656, 1297371
395928914, 397405714, 1476800
397529942, 398841371, 1311429
398960685, 400461371, 1500686
400585828, 402279885, 1694057
402408228, 403781599, 1373371
403902856, 405397942, 1495086
405523885, 407220685, 1696800
407346514, 408707199, 1360685
408827885, 410270742, 1442857
410395657, 411755085, 1359428
411875656, 413336799, 1461143
413462171, 414779542, 1317371
414900571, 416379542, 1478971
416505142, 417810171, 1305029
417932342, 419397828, 1465486
419522742, 420860228, 1337486
420980228, 422451428, 1471200
422576342, 423859085, 1282743
424660114, 426269257, 1609143
426395999, 427729599, 1333600
427850285, 429315428, 1465143
429439085, 430782856, 1343771
430903085, 432389828, 1486743
432514857, 433811999, 1297142
433933028, 435397257, 1464229
435523314, 436863199, 1339885
436983314, 438441371, 1458057
438565942, 439839542, 1273600
439959314, 441424228, 1464914
441549599, 442837256, 1287657
442957485, 444414742, 1457257
444538971, 445836685, 1297714
445958399, 447412571, 1454172
447538399, 448855885, 1317486
448977142, 450431085, 1453943
450556342, 451843085, 1286743
451962056, 453412342, 1450286
453537257, 454848685, 1311428
454968456, 456423999, 1455543
456549142, 457837942, 1288800
457957256, 459426628, 1469372
459551314, 460834628, 1283314
460954628, 462418857, 1464229
462543885, 463844571, 1300686
463964342, 465419428, 1455086
465544457, 466840685, 1296228
466961256, 468423657, 1462401
468548571, 469848685, 1300114
469967771, 471422057, 1454286
471547085, 472847656, 1300571
472966971, 474446514, 1479543
474577599, 475884456, 1306857
476005371, 477473942, 1468571
477598056, 478882971, 1284915
479162857, 480488114, 1325257
480612571, 481889256, 1276685
482008799, 483464457, 1455658
483588571, 484873485, 1284914
484993028, 486450057, 1457029
486574742, 487849256, 1274514
487968342, 489427199, 1458857
489552342, 490837028, 1284686
490955999, 492416457, 1460458
492542285, 493860456, 1318171
493980342, 495446742, 1466400
495571428, 496850399, 1278971
496970514, 498421142, 1450628
498546285, 499856114, 1309829
499976456, 501441942, 1465486
501566971, 502863885, 1296914
502983885, 504452799, 1468914
504576914, 505858056, 1281142
505977599, 507433599, 1456000
507558399, 508842056, 1283657
508961142, 510422399, 1461257
510547657, 511837828, 1290171
511957714, 513414171, 1456457
513539657, 514843314, 1303657
514964456, 516413942, 1449486
516538514, 517829256, 1290742
517949599, 519414628, 1465029
519539542, 520827999, 1288457
520947542, 522416571, 1469029
522541485, 523843085, 1301600
523964228, 525428342, 1464114
525553371, 526855999, 1302628
526974628, 528433942, 1459314
528559199, 529843314, 1284115
529963428, 531427999, 1464571
531554171, 532862056, 1307885
532983771, 534441485, 1457714
534566057, 535843656, 1277599
535965256, 537418742, 1453486
537545828, 538860114, 1314286
538981485, 540438628, 1457143
540564114, 541841371, 1277257
541960914, 543413257, 1452343
543538514, 544839199, 1300685
544960114, 546580228, 1620114
546712228, 548170057, 1457829
548295885, 549672799, 1376914
549791428, 551270857, 1479429
551395085, 552731656, 1336571
552851656, 554301714, 1450058
554426857, 555769142, 1342285
555889028, 557349142, 1460114
557473828, 558791428, 1317600
558913142, 560382285, 1469143
560506514, 561805485, 1298971
561925599, 563398514, 1472915
563523085, 564822514, 1299429
564944914, 566402857, 1457943
566527657, 567844799, 1317142
567964571, 569433942, 1469371
569559085, 570856456, 1297371
570977256, 572440685, 1463429
572565599, 573844914, 1279315
573965142, 575421942, 1456800
575547542, 577245485, 1697943
577373599, 578725828, 1352229
578852228, 580303314, 1451086
580427199, 581777371, 1350172
581898628, 583370514, 1471886
583495428, 584795085, 1299657
584916456, 586374857, 1458401
586499657, 587796342, 1296685
587916799, 589396685, 1479886
589521142, 590822514, 1301372
590943656, 592403542, 1459886
592528228, 593829028, 1300800
593950856, 595410628, 1459772
595536114, 596858056, 1321942
596977828, 598437142, 1459314
598561371, 599892114, 1330743
600012114, 601476914, 1464800
601602056, 602885028, 1282972
603004114, 604466971, 1462857
604591542, 605865714, 1274172
605985256, 607456228, 1470972
607580342, 608867199, 1286857
608986514, 610448342, 1461828
610574171, 611871771, 1297600
611992799, 613453028, 1460229
613578171, 614875199, 1297028
614995656, 616459771, 1464115
616585028, 617870514, 1285486
617990628, 619474971, 1484343
619599771, 620906171, 1306400
621191999, 622522057, 1330058
622647199, 623929942, 1282743
624206399, 625590856, 1384457
625711085, 627197942, 1486857
627323657, 628814056, 1490399
628937371, 630463771, 1526400
630588799, 631885256, 1296457
632702514, 634321828, 1619314
634447657, 635789485, 1341828
635909256, 637396457, 1487201
637521371, 638823314, 1301943
638945828, 640406399, 1460571
640531657, 641850742, 1319085
641971314, 643435999, 1464685
643561142, 644852914, 1291772
644973942, 646436571, 1462629
646561599, 647839542, 1277943
647959314, 649430514, 1471200
649555085, 650840799, 1285714
650960571, 652416342, 1455771
652541485, 653878056, 1336571
653998628, 655472571, 1473943
655597142, 656881714, 1284572
657148799, 658472457, 1323658
658596914, 659883771, 1286857
660168228, 661498285, 1330057
661622514, 662891656, 1269142
663158742, 664480571, 1321829
664605142, 665884914, 1279772
666152114, 667473828, 1321714
667599085, 668877485, 1278400
669153028, 670472799, 1319771
670597714, 671874628, 1276914
671993371, 673455085, 1461714
673579657, 674860685, 1281028
674979771, 676446971, 1467200
676571657, 677849942, 1278285
677969599, 679429714, 1460115
679555542, 680842742, 1287200
680962171, 682431885, 1469714
682557828, 683847199, 1289371
683966971, 685426514, 1459543
685551085, 686839314, 1288229
686960571, 688419314, 1458743
688544114, 689827428, 1283314
689947199, 691411314, 1464115
691536799, 692826171, 1289372
692946171, 694411314, 1465143
694535999, 695851885, 1315886
695971999, 697482514, 1510515
697606971, 698884914, 1277943
699166971, 700490971, 1324000
700614971, 701888228, 1273257
702007885, 703462057, 1454172
703587085, 704859885, 1272800
704979656, 706452914, 1473258
706577371, 707855885, 1278514
707974971, 709443314, 1468343
709567542, 710859999, 1292457
710981371, 712448228, 1466857
712572685, 713860685, 1288000
713980342, 715435885, 1455543
715560685, 716861028, 1300343
716980456, 718436342, 1455886
718561714, 719845485, 1283771
719964571, 721419771, 1455200
721544799, 722829142, 1284343
722948228, 724406971, 1458743
724532914, 725833142, 1300228
725953942, 727429942, 1476000
727554857, 728842171, 1287314
728961942, 730423885, 1461943
730549828, 731837485, 1287657
731957028, 733418171, 1461143
733542628, 734839314, 1296686
734960799, 736411085, 1450286
736536114, 737848228, 1312114
737969371, 739426285, 1456914
739551085, 740835199, 1284114
740954628, 742413828, 1459200
742538628, 743838971, 1300343
743959999, 745415314, 1455315
745541142, 746836685, 1295543
746957714, 748423657, 1465943
748548914, 749837485, 1288571
749957599, 751415085, 1457486
751540571, 752854971, 1314400
752976342, 754448914, 1472572
754572914, 755854399, 1281485
755973371, 757433599, 1460228
757558514, 758856914, 1298400
758978056, 760455657, 1477601
760580342, 761885371, 1305029
762012456, 763499999, 1487543
763624342, 764898056, 1273714
765176114, 766512799, 1336685
766637714, 767929142, 1291428
768210057, 769591656, 1381599
769714399, 771159542, 1445143
771286514, 772661028, 1374514
772778971, 774258742, 1479771
774382399, 775731885, 1349486
775852456, 777303085, 1450629
777427657, 778759314, 1331657
778879656, 780325599, 1445943
780450285, 781788914, 1338629
781909599, 783397599, 1488000
783522628, 784839885, 1317257
784959999, 786427085, 1467086
786551999, 787848342, 1296343
787969256, 789427085, 1457829
789552342, 790847885, 1295543
790968571, 792422742, 1454171
792547657, 793863314, 1315657
793983085, 795447657, 1464572
795573485, 796857599, 1284114
796976571, 798431199, 1454628
798556799, 799844571, 1287772
799964114, 801427885, 1463771
801553485, 802840114, 1286629
802959542, 804441942, 1482400
804569257, 805870285, 1301028
805990856, 807452799, 1461943
807577485, 808854285, 1276800
808973485, 810436342, 1462857
810562057, 811854285, 1292228
811974056, 813444228, 1470172
813569142, 814856571, 1287429
814975999, 816455199, 1479200
816579428, 817866628, 1287200
817986742, 819473599, 1486857
819600342, 820876342, 1276000
821145599, 822470171, 1324572
822596457, 823869485, 1273028
824145257, 825470057, 1324800
825595428, 826868114, 1272686
826988114, 828453599, 1465485
828579885, 829861371, 1281486
829982742, 831439999, 1457257
831565485, 832861828, 1296343
832983771, 834464914, 1481143
834590514, 835867656, 1277142
835987885, 837454057, 1466172
837579199, 838859314, 1280115
839697256, 841314399, 1617143
841439999, 842781142, 1341143
842901828, 844369828, 1468000
844494399, 845795314, 1300915
845915314, 847386628, 1471314
847511314, 848818285, 1306971
848939771, 850405257, 1465486
850530857, 851851542, 1320685
851971542, 853440457, 1468915
853565142, 854849714, 1284572
854969028, 856421485, 1452457
856546628, 857835771, 1289143
857955542, 859414399, 1458857
859539885, 860855771, 1315886
860982514, 862442171, 1459657
862566628, 863865256, 1298628
863985942, 865446057, 1460115
865571428, 866852799, 1281371
866972456, 868443085, 1470629
868567771, 869852342, 1284571
869971542, 871423885, 1452343
871548914, 872846399, 1297485
872968685, 874427657, 1458972
874553142, 875833714, 1280572
875952799, 877421028, 1468229
877546057, 878845714, 1299657
878964914, 880422514, 1457600
880547885, 881845485, 1297600
881966856, 883425485, 1458629
883550399, 884831542, 1281143
884951199, 886414857, 1463658
886540114, 887830056, 1289942
887949142, 889413142, 1464000
889538057, 890836456, 1298399
890957714, 892413599, 1455885
892539199, 893836342, 1297143
893958171, 895419314, 1461143
895544114, 896830285, 1286171
896951199, 898421028, 1469829
898545828, 899830742, 1284914
899950056, 901405142, 1455086
901530285, 902830856, 1300571
902952456, 904407542, 1455086
904532342, 905847885, 1315543
905968571, 907431999, 1463428
907557028, 908852228, 1295200
908971999, 910433257, 1461258
910558628, 911841599, 1282971
911961714, 913435428, 1473714
913559657, 914846971, 1287314
914966285, 916424228, 1457943
916549142, 917836456, 1287314
917957371, 919410628, 1453257
919536685, 920837371, 1300686
920958971, 922430628, 1471657
922555542, 923836799, 1281257
923956571, 925425142, 1468571
925550171, 926844342, 1294171
926963771, 928416799, 1453028
928542285, 929841714, 1299429
929963999, 931456114, 1492115
931582628, 932881028, 1298400
933153371, 934487771, 1334400
934612114, 935956685, 1344571
936227771, 937571085, 1343314
937695542, 938978971, 1283429
939248685, 940575428, 1326743
940698171, 941987656, 1289485
942255885, 943595085, 1339200
943717371, 945005256, 1287885
945269371, 946682742, 1413371
946803314, 948295657, 1492343
948419428, 949770171, 1350743
949890399, 951369142, 1478743
951493942, 952815656, 1321714
952935656, 954399085, 1463429
954524457, 955817828, 1293371
955937714, 957404114, 1466400
957529257, 958831771, 1302514
958953371, 960415999, 1462628
960541142, 961829485, 1288343
961949028, 963415657, 1466629
963540571, 964829714, 1289143
964949142, 966408571, 1459429
966533485, 967843085, 1309600
967964114, 969424457, 1460343
969549828, 970831085, 1281257
970950742, 972410057, 1459315
972534857, 973831999, 1297142
973952342, 975410171, 1457829
975534742, 976834171, 1299429
976955542, 978406971, 1451429
978531885, 979834285, 1302400
979955999, 980848685, 892686
980965485, 983371885, 2406400
983501028, 984855314, 1354286
984976456, 986472342, 1495886
986598857, 987949028, 1350171
988222628, 989543314, 1320686
989666856, 990936456, 1269600
991214285, 992538971, 1324686
992662399, 993934742, 1272343
994204228, 995511428, 1307200
995635999, 996916914, 1280915
997198514, 998516799, 1318285
998641599, 999909599, 1268000
195885, 1570285, 1374400
1691656, 2962514, 1270858
3231771, 4616457, 1384686
4735542, 6222742, 1487200
6346399, 7727771, 1381372
7847771, 9344571, 1496800
9468914, 10797599, 1328685
10921028, 12749256, 1828228
12883314, 14428685, 1545371
14553714, 15882856, 1329142
16002742, 17509942, 1507200
17634856, 18959542, 1324686
19229485, 20565142, 1335657
20686856, 21971199, 1284343
22240914, 23560571, 1319657
23681028, 24962285, 1281257
25231885, 26559657, 1327772
26682856, 27962742, 1279886
28233485, 29550742, 1317257
29674514, 30951085, 1276571
31233485, 32548914, 1315429
32672457, 33965028, 1292571
34235885, 35549485, 1313600
35672342, 36960914, 1288572
37233028, 38549599, 1316571
38673371, 39945371, 1272000
40215542, 41526171, 1310629
41650742, 42909028, 1258286
43187428, 44501371, 1313943
44626399, 45888799, 1262400
46158057, 47486285, 1328228
47611085, 49631314, 2020229
49758971, 51265028, 1506057
51929485, 53487314, 1557829
53613371, 54878056, 1264685
54997942, 56485485, 1487543
56610971, 57874399, 1263428
58146628, 59467771, 1321143
59591656, 60919999, 1328343
61199885, 62517485, 1317600
62642057, 63981942, 1339885
64251314, 65564342, 1313028
65686628, 67170628, 1484000
67298628, 68629257, 1330629
68748799, 70232799, 1484000
70357371, 71693485, 1336114
71814285, 73289828, 1475543
73415199, 74755085, 1339886
74875771, 76322857, 1447086
76447771, 77757942, 1310171
77880342, 79322971, 1442629
79446628, 80758971, 1312343
80881942, 82347314, 1465372
82473257, 83769028, 1295771
83889942, 85362742, 1472800
85488914, 86806285, 1317371
86930056, 88384799, 1454743
88511199, 89805714, 1294515
89927085, 91389942, 1462857
91515657, 92855428, 1339771
92975656, 94429942, 1454286
94554857, 95832685, 1277828
95951885, 97411885, 1460000
97537942, 98814399, 1276457
98934171, 100392571, 1458400
100519314, 101811999, 1292685
101932685, 103396457, 1463772
103522628, 104831428, 1308800
104952228, 106418285, 1466057
106543771, 107815656, 1271885
107936228, 109394742, 1458514
109520799, 110803999, 1283200
110925256, 112389371, 1464115
112515314, 113805714, 1290400
113927656, 115376571, 1448915
115504342, 116807314, 1302972
116928571, 118384457, 1455886
118510857, 119817828, 1306971
119939542, 121401942, 1462400
121528571, 122818171, 1289600
122939542, 124393028, 1453486
124519428, 125809714, 1290286
125930399, 127380914, 1450515
127506857, 128802514, 1295657
128923771, 130378514, 1454743
130505485, 131805256, 1299771
131925828, 133384571, 1458743
133510971, 134825028, 1314057
134945371, 136405257, 1459886
136531428, 137810399, 1278971
137930971, 139395657, 1464686
139522514, 140817142, 1294628
140938971, 142404799, 1465828
142531428, 143827085, 1295657
143948799, 145409257, 1460458
145535771, 146813371, 1277600
146934171, 148379885, 1445714
148506171, 149810971, 1304800
149931885, 151385828, 1453943
151512914, 152802285, 1289371
152923428, 154376571, 1453143
154501828, 155798056, 1296228
155919656, 157415999, 1496343
157546171, 158838971, 1292800
158958628, 160410857, 1452229
160536228, 161825371, 1289143
161946742, 163396914, 1450172
163524228, 164900685, 1376457
165170285, 166500914, 1330629
166625828, 168306285, 1680457
168435199, 169774742, 1339543
169895999, 171397257, 1501258
171522285, 172810171, 1287886
172930971, 174377599, 1446628
174503885, 175812114, 1308229
175932799, 177397942, 1465143
177526399, 178816914, 1290515
178938856, 180396228, 1457372
180523999, 181819542, 1295543
181941371, 183401599, 1460228
183527657, 184809828, 1282171
184931085, 186401371, 1470286
186527657, 187818285, 1290628
187939771, 189392228, 1452457
189518171, 190810971, 1292800
190942056, 192405257, 1463201
192531314, 193820685, 1289371
193941256, 195405028, 1463772
195532457, 196826056, 1293599
196947885, 198401599, 1453714
198527085, 199828685, 1301600
199958285, 201423314, 1465029
201549714, 202838742, 1289028
202959885, 204411199, 1451314
204536457, 205827542, 1291085
205949142, 207403199, 1454057
207528342, 208872228, 1343886
208993485, 210447885, 1454400
210574971, 211887542, 1312571
212172228, 213490285, 1318057
213615885, 214909371, 1293486
215190171, 216514285, 1324114
216639771, 217904114, 1264343
218193942, 219510057, 1316115
219635085, 220896799, 1261714
221164799, 222488571, 1323772
222613142, 223876342, 1263200
223997142, 225449828, 1452686
225574742, 226867199, 1292457
227146514, 228462399, 1315885
228587314, 229883085, 1295771
230012914, 230896228, 883314
231012228, 243284571, 12272343
243413142, 244765486, 1352344
244893029, 246390515, 1497486
246516800, 247867200, 1350400
247988343, 249478629, 1490286
249603772, 250889143, 1285371
251186858, 252566857, 1379999
252691200, 253550057, 858857
253671657, 255904686, 2233029
256179315, 257568229, 1388914
257692800, 258983543, 1290743
259250972, 260688914, 1437942
260809943, 262265143, 1455200
262390400, 263759886, 1369486
263882514, 265363086, 1480572
265488800, 266797943, 1309143
266918400, 268427886, 1509486
268553829, 269912571, 1358742
270185829, 271572000, 1386171
271696457, 273191429, 1494972
273848114, 275453029, 1604915
275581143, 276913371, 1332228
277193829, 278582286, 1388457
278705257, 280192915, 1487658
280318057, 281710400, 1392343
281830743, 283336686, 1505943
283460572, 284838400, 1377828
284959200, 286460572, 1501372
286585372, 287879314, 1293942
288008114, 289526629, 1518515
289651543, 291006057, 1354514
291270400, 292601943, 1331543
292720914, 294007543, 1286629
294276457, 295655772, 1379315
295773371, 297253029, 1479658
297376115, 298717829, 1341714
298846400, 300286515, 1440115
300410857, 301760800, 1349943
301888686, 303357943, 1469257
303482857, 304851886, 1369029
304973029, 306483200, 1510171
306607772, 307951657, 1343885
308223772, 309545943, 1322171
309669372, 310973829, 1304457
311243886, 312571772, 1327886
312694629, 314005828, 1311199
314275315, 315654743, 1379428
315773371, 317253257, 1479886
317376915, 318727886, 1350971
318849486, 320294400, 1444914
320419543, 321744686, 1325143
321864457, 323328800, 1464343
323453372, 324792914, 1339542
324913600, 326379886, 1466286
326505257, 327810400, 1305143
327932343, 329393943, 1461600
329518972, 330829486, 1310514
330951886, 332410286, 1458400
332535314, 333847543, 1312229
333968686, 335432229, 1463543
335557600, 336859429, 1301829
336978514, 338451200, 1472686
338575772, 339881829, 1306057
340001371, 341463543, 1462172
341588572, 342931314, 1342742
343211543, 344552114, 1340571
344676000, 345965257, 1289257
346237943, 347589600, 1351657
347709943, 348991314, 1281371
349255200, 350598286, 1343086
350718172, 352206058, 1487886
352330629, 353643543, 1312914
353762857, 355244343, 1481486
355369257, 356770514, 1401257
356891200, 358371886, 1480686
358496915, 359792800, 1295885
359912343, 361370057, 1457714
361495200, 362815429, 1320229
362935429, 364401600, 1466171
364526857, 365825714, 1298857
365947429, 367398972, 1451543
367523886, 368829600, 1305714
368950971, 370405143, 1454172
370530857, 371844457, 1313600
371965600, 373431315, 1465715
373556686, 374841257, 1284571
374960571, 376412572, 1452001
376537600, 377831771, 1294171
377950971, 379729372, 1778401
379849371, 381296572, 1447201
381421372, 382765257, 1343885
382885486, 384353257, 1467771
384478857, 385800229, 1321372
385920686, 387393029, 1472343
387518172, 388844229, 1326057
388964229, 390423886, 1459657
390549029, 391842629, 1293600
391963543, 393415086, 1451543
393539772, 394830286, 1290514
394950286, 396410057, 1459771
396535200, 397828114, 1292914
397948229, 399414743, 1466514
399539314, 400843657, 1304343
400964686, 402417143, 1452457
402542286, 403832571, 1290285
403953371, 405416115, 1462744
405541486, 406834629, 1293143
406954971, 408685372, 1730401
408816343, 410456915, 1640572
410585486, 411923314, 1337828
412199658, 413521372, 1321714
413645714, 414933371, 1287657
415206858, 416542400, 1335542
416666057, 417964914, 1298857
418237029, 419558629, 1321600
419682514, 420974629, 1292115
421243886, 422572800, 1328914
422695657, 424003657, 1308000
424271657, 425677714, 1406057
425798514, 427285143, 1486629
427408915, 428763543, 1354628
428884686, 430343772, 1459086
430468115, 431778743, 1310628
431899200, 433358286, 1459086
433483429, 434837486, 1354057
434958057, 436414515, 1456458
436540114, 437836229, 1296115
437956914, 439427543, 1470629
439553257, 440852000, 1298743
440973029, 442424800, 1451771
442549829, 443839314, 1289485
443959086, 445406857, 1447771
445532914, 446834971, 1302057
446956686, 448418057, 1461371
448542972, 449838057, 1295085
449957600, 451421829, 1464229
451546972, 452851771, 1304799
452973143, 454438515, 1465372
454563086, 455842286, 1279200
455961714, 457415315, 1453601
457540800, 458827771, 1286971
458947543, 460411657, 1464114
460536114, 461826400, 1290286
461947086, 463412686, 1465600
463538514, 464834400, 1295886
464954743, 466409257, 1454514
466534743, 467828686, 1293943
467951429, 469417143, 1465714
469543314, 470836686, 1293372
470957600, 472413372, 1455772
472539314, 473834514, 1295200
473957143, 475413943, 1456800
475539886, 476845257, 1305371
476966514, 478427772, 1461258
478553486, 479842171, 1288685
479962286, 481433143, 1470857
482263657, 483661600, 1397943
483782514, 485266857, 1484343
485391086, 486753257, 1362171
486873600, 488354629, 1481029
488479429, 489779314, 1299885
489899200, 491387886, 1488686
491512686, 492828229, 1315543
492949486, 494418286, 1468800
494543086, 495840343, 1297257
495961600, 497413029, 1451429
497539200, 498846971, 1307771
498967086, 500429257, 1462171
500555086, 501843543, 1288457
501963429, 503418743, 1455314
503543314, 504832457, 1289143
504951886, 506407543, 1455657
506532343, 507830857, 1298514
507951771, 509406057, 1454286
509531314, 510822743, 1291429
510943200, 512403772, 1460572
512528343, 513852343, 1324000
513974857, 515445715, 1470858
515571314, 516855086, 1283772
516975771, 518439657, 1463886
518564457, 519847657, 1283200
519968229, 521432800, 1464571
521558972, 522839886, 1280914
522960457, 524413600, 1453143
524538286, 525839543, 1301257
525961486, 527414857, 1453371
527539886, 528835657, 1295771
528956914, 530427886, 1470972
530552572, 531838857, 1286285
531958286, 533416572, 1458286
533541486, 534845029, 1303543
534967086, 536427772, 1460686
536553714, 537839086, 1285372
537958857, 539683543, 1724686
539805257, 541296915, 1491658
541421372, 542773257, 1351885
542894171, 544349829, 1455658
544474629, 545792686, 1318057
545913143, 547376572, 1463429
547500914, 548819886, 1318972
548940914, 550407200, 1466286
550531886, 551838514, 1306628
551960229, 553416229, 1456000
553541143, 554828229, 1287086
554948000, 556408343, 1460343
556533257, 557834400, 1301143
557955886, 559414286, 1458400
559538972, 560835657, 1296685
560956000, 562412229, 1456229
562538286, 563831429, 1293143
563951086, 565413486, 1462400
565538286, 566830857, 1292571
566951200, 568422857, 1471657
568548229, 569838857, 1290628
569958400, 571413829, 1455429
571538514, 572839657, 1301143
572961371, 574424115, 1462744
574548686, 575829943, 1281257
575949486, 577406515, 1457029
577532229, 578831429, 1299200
578952686, 580416229, 1463543
580541829, 581845943, 1304114
581967314, 583427543, 1460229
583552686, 584837600, 1284914
584957029, 586422629, 1465600
586547772, 587839886, 1292114
587959543, 589418743, 1459200
589543657, 590844457, 1300800
590965714, 591851657, 885943
591967886, 605162285, 13194399
605294171, 606158744, 864573
606285373, 608270973, 1985600
608399087, 609700915, 1301828
609828572, 611361944, 1533372
611489258, 612834515, 1345257
612955886, 614464687, 1508801
614589487, 615932801, 1343314
616214744, 617536344, 1321600
617661372, 618936686, 1275314
619214058, 620520230, 1306172
620644915, 621936229, 1291314
622208573, 623539430, 1330857
623667429, 625183201, 1515772
625312458, 626692001, 1379543
626814172, 628276001, 1461829
628401258, 629741372, 1340114
629863201, 631307544, 1444343
631432687, 632765715, 1333028
632887086, 634354401, 1467315
634479430, 635800915, 1321485
635922629, 637370630, 1448001
637497030, 638788001, 1290971
638908801, 640361258, 1452457
640487315, 641794286, 1306971
641915201, 643388230, 1473029
643514858, 644802744, 1287886
644923544, 646418744, 1495200
646545601, 647855658, 1310057
647982286, 649469030, 1486744
649593944, 650891658, 1297714
651167087, 652485487, 1318400
652610401, 653902058, 1291657
654171430, 655503544, 1332114
655628115, 656900801, 1272686
657172916, 658500915, 1327999
658625258, 659896115, 1270857
660171430, 661499201, 1327771
661624115, 662888229, 1264114
663165030, 664496344, 1331314
664621830, 665909829, 1287999
666190630, 667500801, 1310171
667625144, 668885029, 1259885
669154401, 670456458, 1302057
670581372, 671871429, 1290057
671991543, 673447544, 1456001
673572115, 674850858, 1278743
674971429, 676427773, 1456344
676553372, 677826172, 1272800
677947315, 679406858, 1459543
679533601, 680828344, 1294743
680950172, 682408230, 1458058
682534515, 683831315, 1296800
683953715, 685413601, 1459886
685540687, 686818286, 1277599
686939772, 688409830, 1470058
688537030, 689848001, 1310971
689971201, 691443201, 1472000
691569487, 692839086, 1269599
692960001, 694425144, 1465143
694552801, 695839086, 1286285
695961143, 697420801, 1459658
697547087, 698822629, 1275542
698944001, 700402287, 1458286
701233716, 702721715, 1487999
702844229, 704300230, 1456001
704424458, 705779658, 1355200
705899544, 707396230, 1496686
707522744, 708861715, 1338971
708983201, 710736572, 1753371
710860344, 712572801, 1712457
712700344, 714142059, 1441715
714269830, 715606515, 1336685
715725829, 717008115, 1282286
717278173, 718597944, 1319771
718717372, 720001372, 1284000
720270858, 721586287, 1315429
721710972, 723178287, 1467315
723304230, 724613030, 1308800
724732801, 726160573, 1427772
726289716, 727611087, 1321371
727731315, 729224230, 1492915
729350287, 730732115, 1381828
730856572, 732306858, 1450286
732432230, 733774858, 1342628
733896458, 735369830, 1473372
735496001, 736790515, 1294514
736912344, 738366401, 1454057
738492687, 739790401, 1297714
739910972, 741375201, 1464229
741501830, 742802744, 1300914
742924344, 744376115, 1451771
744501830, 745795886, 1294056
745916572, 747373944, 1457372
747500115, 748813144, 1313029
748936915, 750389258, 1452343
750515658, 751811658, 1296000
751933144, 753394744, 1461600
753521715, 754810401, 1288686
754930972, 756398858, 1467886
756525715, 757823086, 1297371
757944801, 759412687, 1467886
759538744, 760828686, 1289942
760949258, 762407773, 1458515
762534172, 763815201, 1281029
763935658, 765412344, 1476686
765538744, 766835201, 1296457
766956686, 768419773, 1463087
768546515, 769826172, 1279657
769946972, 771407430, 1460458
771534172, 772819886, 1285714
772940686, 774404344, 1463658
774530858, 775825829, 1294971
775947315, 777399430, 1452115
777524915, 778818286, 1293371
778940458, 780392001, 1451543
780518515, 781816001, 1297486
781938172, 783406173, 1468001
783532572, 784827658, 1295086
784949715, 786405030, 1455315
786531087, 787819544, 1288457
787940229, 789414173, 1473944
789540915, 790828229, 1287314
790948686, 792409830, 1461144
792536115, 793820801, 1284686
793941258, 795398973, 1457715
795525258, 796821601, 1296343
796944001, 798397144, 1453143
798523658, 800196916, 1673258
800325258, 801637487, 1312229
801757029, 803239316, 1482287
803364687, 804702401, 1337714
804823658, 806284458, 1460800
806408687, 807754401, 1345714
807876001, 809324230, 1448229
809448573, 810765487, 1316914
810893944, 812351887, 1457943
812478058, 813777258, 1299200
813898058, 815360458, 1462400
815486287, 816778401, 1292114
816899201, 818364687, 1465486
818491772, 819786286, 1294514
819907201, 821373487, 1466286
821500001, 822798058, 1298057
822919772, 824394287, 1474515
824520915, 825838515, 1317600
825961829, 827424573, 1462744
827549487, 828829372, 1279885
828949601, 830406973, 1457372
830533601, 831829601, 1296000
831951429, 833402858, 1451429
833528572, 834819544, 1290972
834942172, 836408344, 1466172
836535201, 837827201, 1292000
837948458, 839411544, 1463086
839537944, 840825144, 1287200
840945944, 842404687, 1458743
842530972, 843826172, 1295200
843947658, 845414287, 1466629
845541030, 846832229, 1291199
846953258, 848423544, 1470286
848549487, 849830972, 1281485
849951315, 851408915, 1457600
851535772, 852824458, 1288686
852944915, 854406858, 1461943
854533144, 855815429, 1282285
855936344, 857396458, 1460114
857523430, 858813258, 1289828
858933601, 860402973, 1469372
860529944, 861825372, 1295428
861946858, 863401487, 1454629
863526858, 864820229, 1293371
864942172, 866404001, 1461829
866529944, 867812458, 1282514
867932801, 869400573, 1467772
869527087, 870822858, 1295771
870945144, 872404115, 1458971
872530401, 873396230, 865829
873520458, 875504801, 1984343
875632801, 876934629, 1301828
877208344, 878541487, 1333143
878664572, 879955772, 1291200
880228001, 881574515, 1346514
881698744, 882996343, 1297599
883269487, 884602287, 1332800
884721715, 886160001, 1438286
886286630, 887608458, 1321828
887728915, 889228916, 1500001
889353373, 890700229, 1346856
890822286, 892293487, 1471201
892417944, 893804229, 1386285
893925486, 895406630, 1481144
895531772, 896841829, 1310057
896964229, 898424801, 1460572
898550858, 899832915, 1282057
899952801, 901420573, 1467772
901546172, 902833944, 1287772
902954286, 904422973, 1468687
904549144, 905842972, 1293828
905964686, 907421030, 1456344
907547201, 908827201, 1280000
909669944, 911313258, 1643314
911440001, 912792801, 1352800
912913029, 914376458, 1463429
914500801, 915805029, 1304228
915925258, 917381715, 1456457
917507887, 918830058, 1322171
918951429, 920406630, 1455201
920531887, 921828915, 1297028
921949372, 923418173, 1468801
923543544, 924829144, 1285600
924949601, 926411544, 1461943
926536230, 927824572, 1288342
927944572, 929407544, 1462972
929532001, 930826744, 1294743
930946744, 932406630, 1459886
932531087, 933832001, 1300914
933953601, 935416915, 1463314
935541601, 936839315, 1297714
936958972, 938418173, 1459201
938543430, 939832344, 1288914
939952001, 941418973, 1466972
941544572, 942831658, 1287086
942952001, 944420687, 1468686
944545830, 945838744, 1292914
945958401, 947427430, 1469029
947552572, 948836572, 1284000
948956344, 950420573, 1464229
950546172, 951836344, 1290172
951956115, 953422401, 1466286
953546744, 954830172, 1283428
954949829, 956416344, 1466515
956541830, 957845601, 1303771
957967201, 959427544, 1460343
959552572, 960834972, 1282400
960955201, 962451773, 1496572
962579315, 963856686, 1277371
963976229, 965436001, 1459772
965561030, 966848001, 1286971
966968229, 968431315, 1463086
968556572, 969843772, 1287200
969964343, 971424115, 1459772
971549258, 972842858, 1293600
972963544, 974421715, 1458171
974547087, 975848458, 1301371
975970515, 977435544, 1465029
977560687, 978840686, 1279999
978960229, 980413487, 1453258
980539201, 981826286, 1287085
981946515, 983417373, 1470858
983542287, 984833144, 1290857
984953715, 986417944, 1464229
986543201, 987841715, 1298514
987963201, 989423544, 1460343
989548572, 990860572, 1312000
990983429, 992518058, 1534629
992640572, 993916801, 1276229
994194287, 995539544, 1345257
995662515, 997009829, 1347314
997279316, 998609601, 1330285
998731315, 16115, -998715200
288001, 1615201, 1327200
1732458, 3217716, 1485258
3341715, 4675544, 1333829
4792458, 6272230, 1479772
6394744, 7718972, 1324228
7838058, 9281144, 1443086
9403544, 10757372, 1353828
10876572, 12328801, 1452229
12454287, 14306973, 1852686
14435773, 15833601, 1397828
15953943, 17458973, 1505030
17582630, 18904344, 1321714
19024915, 20483658, 1458743
20608115, 21940686, 1332571
22220230, 23541715, 1321485
23664915, 25006629, 1341714
25274401, 26617487, 1343086
26735315, 28217258, 1481943
28341601, 29663544, 1321943
29781601, 31264001, 1482400
31387201, 32720229, 1333028
32839201, 34286973, 1447772
34411087, 35763201, 1352114
35883429, 37347087, 1463658
37471315, 38800572, 1329257
38919772, 40395658, 1475886
40519887, 41822744, 1302857
41943429, 43402173, 1458744
43525944, 44814629, 1288685
44933715, 46399658, 1465943
46524001, 48467773, 1943772
48614172, 50241373, 1627201
50364915, 51723201, 1358286
51842058, 53286401, 1444343
53409715, 54754287, 1344572
54874172, 56325144, 1450972
56448687, 57789944, 1341257
57909372, 59369715, 1460343
59493601, 60791772, 1298171
60910972, 62396801, 1485829
62520344, 63821486, 1301142
63942058, 65404230, 1462172
65528915, 66829372, 1300457
66950401, 67840229, 889828
67956458, 69665029, 1708571
69782401, 71248458, 1466057
71372573, 72756801, 1384228
72877486, 74342973, 1465487
74467544, 75764229, 1296685
75884801, 77339430, 1454629
77463658, 78810287, 1346629
78931544, 80400344, 1468800
80526058, 81822286, 1296228
81942972, 83402515, 1459543
83527544, 85207544, 1680000
85335773, 86719658, 1383885
86842629, 88287430, 1444801
88412687, 89739772, 1327085
89860344, 91312801, 1452457
91437030, 92769144, 1332114
92890286, 94348344, 1458058
94473601, 95840458, 1366857
95961372, 97442287, 1480915
97569030, 98844115, 1275085
98963772, 100432115, 1468343
100558401, 101914401, 1356000
102194858, 103517830, 1322972
103642629, 104911772, 1269143
105190630, 106503430, 1312800
106629030, 107901372, 1272342
108187201, 109505258, 1318057
109630629, 110897486, 1266857
111169258, 112477715, 1308457
112604572, 113893029, 1288457
114172801, 115481944, 1309143
115608230, 116879886, 1271656
117150630, 118462058, 1311428
118588115, 119864344, 1276229
119985601, 121441830, 1456229
121568572, 122868572, 1300000
122990972, 124448573, 1457601
125302973, 126731544, 1428571
126855429, 128305030, 1449601
128429715, 129771429, 1341714
129892801, 131340115, 1447314
131466058, 132831886, 1365828
132953144, 134420115, 1466971
134546858, 135827544, 1280686
135948001, 137420344, 1472343
137546744, 138835772, 1289028
138957029, 140409601, 1452572
140536115, 141820001, 1283886
141941486, 143410058, 1468572
143536458, 144817601, 1281143
144938286, 146395887, 1457601
146522744, 147815086, 1292342
147937029, 149396458, 1459429
149522744, 150815544, 1292800
150936572, 152396001, 1459429
152520915, 153814172, 1293257
153935544, 155389030, 1453486
155516458, 156806744, 1290286
156927886, 158413487, 1485601
158543087, 159826972, 1283885
159946858, 161413373, 1466515
161540344, 162833486, 1293142
162955544, 164417601, 1462057
164544344, 165830058, 1285714
165950401, 167409258, 1458857
167534858, 168828115, 1293257
168949144, 170406973, 1457829
170533030, 171824229, 1291199
171945601, 173423201, 1477600
173548915, 174825944, 1277029
174946744, 176412001, 1465257
176538058, 177830744, 1292686
177952686, 179425830, 1473144
179551544, 180872915, 1321371
180993029, 182448001, 1454972
182573372, 183835315, 1261943
183955201, 185418744, 1463543
185544344, 186832572, 1288228
186954286, 188407658, 1453372
188532801, 189830972, 1298171
189952801, 191422401, 1469600
191548915, 192852686, 1303771
192972915, 194425487, 1452572
194551315, 195843201, 1291886
195964343, 197423201, 1458858
197548801, 198834401, 1285600
198955429, 200429944, 1474515
200556344, 201893258, 1336914
202013486, 203483430, 1469944
203608687, 204875886, 1267199
204996001, 206451544, 1455543
206576687, 207842172, 1265485
207963429, 209409373, 1445944
209536230, 210827086, 1290856
210949258, 212406058, 1456800
212532344, 213817144, 1284800
213938172, 215647658, 1709486
215770515, 217265030, 1494515
217390630, 218724115, 1333485
218846172, 220295544, 1449372
220421830, 221759315, 1337485
221881372, 223325144, 1443772
223450973, 224791087, 1340114
224911429, 226383201, 1471772
226509601, 227803886, 1294285
227926515, 229386973, 1460458
229513715, 230810858, 1297143
230932458, 232401715, 1469257
232527658, 233823429, 1295771
233945143, 235402515, 1457372
235528001, 236817829, 1289828
236940001, 238398173, 1458172
238524458, 239816229, 1291771
239938172, 241409715, 1471543
241536687, 242830629, 1293942
242952344, 244405144, 1452800
244530172, 245821715, 1291543
245942972, 247394973, 1452001
247520801, 248806858, 1286057
248929258, 250381715, 1452457
250508344, 251807658, 1299314
251928915, 253385030, 1456115
253510630, 254848801, 1338171
254970172, 256425715, 1455543
256552001, 257825944, 1273943
257946515, 259405144, 1458629
259532115, 260843544, 1311429
260966629, 262434973, 1468344
262560115, 263828915, 1268800
263949258, 265402858, 1453600
265529372, 266824915, 1295543
266946515, 268420915, 1474400
268548344, 269822858, 1274514
269942972, 271407773, 1464801
271534630, 272826858, 1292228
272949372, 274402858, 1453486
274528458, 275822972, 1294514
275944001, 277411887, 1467886
277538515, 278824801, 1286286
278946401, 280413715, 1467314
280539087, 281828801, 1289714
281950286, 283454744, 1504458
283583887, 284860229, 1276342
284979543, 286441715, 1462172
286567430, 287833258, 1265828
287953372, 289416573, 1463201
289543544, 290820915, 1277371
290942172, 292404458, 1462286
292530287, 293828344, 1298057
293949943, 295410173, 1460230
295535201, 296829258, 1294057
296950629, 298411201, 1460572
298537372, 299823201, 1285829
299944001, 301402515, 1458514
301529372, 302825601, 1296229
302947544, 304407658, 1460114
304534630, 305823201, 1288571
305944572, 307406515, 1461943
307533258, 308807772, 1274514
308928915, 310395315, 1466400
310522858, 311819544, 1296686
311942972, 313416687, 1473715
313542744, 314823772, 1281028
314945144, 316417258, 1472114
316544344, 317819658, 1275314
317941258, 319398973, 1457715
319526515, 320820115, 1293600
320942172, 322406858, 1464686
322534058, 323822629, 1288571
323944458, 325402515, 1458057
325528458, 326807772, 1279314
326930058, 328375087, 1445029
328502515, 330191773, 1689258
330323658, 331739772, 1416114
332617144, 334232344, 1615200
334359087, 335700687, 1341600
335821372, 337281601, 1460229
337407315, 338741601, 1334286
338862515, 340304458, 1441943
340428573, 341780344, 1351771
341901829, 343359773, 1457944
343485944, 344786401, 1300457
344908686, 346373030, 1464344
346499430, 347801486, 1302056
347923658, 349367887, 1444229
349493715, 350783887, 1290172
350905029, 352356915, 1451886
352482858, 353771772, 1288914
353893715, 355344344, 1450629
355470630, 356768801, 1298171
356890629, 358355201, 1464572
358481601, 359784801, 1303200
359907201, 361361944, 1454743
361488115, 362789829, 1301714
362910172, 364380573, 1470401
364507087, 365811201, 1304114
365933944, 367385601, 1451657
367512001, 368801487, 1289486
368923658, 370407430, 1483772
370535087, 371831315, 1296228
371952801, 373409487, 1456686
373535087, 374823886, 1288799
374945258, 376409373, 1464115
376535772, 377813944, 1278172
377934744, 379389944, 1455200
379515430, 380897372, 1381942
381178401, 382507201, 1328800
382631658, 383904344, 1272686
384188687, 385497944, 1309257
385623087, 387293144, 1670057
387422858, 388778858, 1356000
388900344, 390379201, 1478857
390505144, 391800801, 1295657
391922515, 393368115, 1445600
393494858, 394792344, 1297486
394913829, 396387315, 1473486
396512915, 397810172, 1297257
397932115, 399401030, 1468915
399527772, 400818629, 1290857
400940572, 402405944, 1465372
402533487, 403813944, 1280457
403934858, 405440801, 1505943
405568115, 406898744, 1330629
407020001, 408478744, 1458743
408604115, 409865372, 1261257
409985715, 411761715, 1776000
411882972, 413575087, 1692115
413703087, 415004458, 1301371
415273373, 416594744, 1321371
416714858, 418160344, 1445486
418286173, 419609601, 1323428
419729258, 421030058, 1300800
421299316, 422628458, 1329142
422747087, 424172230, 1425143
424297830, 425612801, 1314971
425732115, 427155544, 1423429
427281716, 428616115, 1334399
428734972, 430223087, 1488115
430348801, 431215544, 866743
431338630, 435282972, 3944342
435410172, 436287886, 877714
436410857, 439225257, 2814400
439353257, 440664571, 1311314
440782628, 442252572, 1469944
442377486, 443701943, 1324457
443822743, 445268686, 1445943
445394172, 446741486, 1347314
446863543, 448558857, 1695314
448685943, 449962857, 1276914
450229715, 451543429, 1313714
451667543, 452955543, 1288000
453229715, 454535771, 1306056
454659314, 455917714, 1258400
456193029, 457507200, 1314171
457632343, 458899200, 1266857
459174286, 460501486, 1327200
460626743, 462281257, 1654514
462411543, 463754971, 1343428
463876800, 465313943, 1437143
465439086, 466755200, 1316114
466876114, 468326743, 1450629
468452457, 469781828, 1329371
469903771, 471370057, 1466286
471496800, 472807200, 1310400
472930514, 474412114, 1481600
474536686, 475857828, 1321142
475979771, 477451314, 1471543
477577143, 478865943, 1288800
478985828, 480440572, 1454744
480566057, 481901257, 1335200
482170972, 483494743, 1323771
483619771, 484880686, 1260915
485148915, 486447886, 1298971
486572800, 487843543, 1270743
487964457, 489421372, 1456915
489546629, 490820343, 1273714
490940800, 492399657, 1458857
492525829, 493814286, 1288457
493935771, 495386857, 1451086
495513714, 496806971, 1293257
496928571, 498376114, 1447543
498501943, 499793943, 1292000
499915314, 501365372, 1450058
501491314, 502782857, 1291543
502904343, 504344457, 1440114
504471543, 505789028, 1317485
505910743, 507366172, 1455429
507492800, 508771771, 1278971
508893028, 510347429, 1454401
510474743, 511761028, 1286285
511882857, 513324000, 1441143
513448457, 514766286, 1317829
514888228, 516334515, 1446287
516460114, 517786057, 1325943
517907428, 519376800, 1469372
519502857, 520786743, 1283886
520908685, 522358743, 1450058
522486172, 523792800, 1306628
523916685, 525358400, 1441715
525485029, 526780800, 1295771
526902628, 528339429, 1436801
528464800, 529789028, 1324228
529911200, 531363772, 1452572
531490057, 532809257, 1319200
532931085, 534402629, 1471544
534529829, 535825371, 1295542
535948343, 537413372, 1465029
537540457, 538825943, 1285486
538947428, 540401714, 1454286
540528914, 541836571, 1307657
542637714, 544241486, 1603772
544370172, 545699428, 1329256
545820800, 547291200, 1470400
547417257, 548755428, 1338171
548877143, 550326400, 1449257
550452114, 551766971, 1314857
551897371, 553364572, 1467201
553488914, 554809371, 1320457
554931314, 556395772, 1464458
556522514, 557811771, 1289257
557933485, 559398857, 1465372
559525486, 560811657, 1286171
560933828, 562391543, 1457715
562516914, 563804686, 1287772
563926057, 565368800, 1442743
565495086, 566789600, 1294514
566912228, 568347086, 1434858
568472114, 569768228, 1296114
569890057, 571338057, 1448000
571463086, 572774057, 1310971
572895200, 574361029, 1465829
574486972, 575805028, 1318056
575925828, 577368914, 1443086
577495086, 578796686, 1301600
578918628, 580369143, 1450515
580495200, 581803314, 1308114
581926971, 583384000, 1457029
583510171, 584803657, 1293486
584925257, 586389257, 1464000
586516457, 587810400, 1293943
587932228, 589400914, 1468686
589526171, 590811886, 1285715
590933371, 592381943, 1448572
592508229, 593800457, 1292228
593922628, 595364686, 1442058
595490857, 597178057, 1687200
597308343, 598675543, 1367200
598797828, 600269600, 1471772
600396686, 601742286, 1345600
601864914, 603296115, 1431201
603421143, 604753828, 1332685
604875086, 606311886, 1436800
606438057, 607760571, 1322514
607882285, 609331200, 1448915
609456000, 610762057, 1306057
610884114, 612360572, 1476458
612488114, 613411886, 923772
613537029, 615181257, 1644228
615309600, 616710628, 1401028
616832571, 618283315, 1450744
618408800, 619751771, 1342971
619873371, 621318286, 1444915
621444229, 622780914, 1336685
622907543, 624378857, 1471314
624505029, 625803428, 1298399
625926400, 627373600, 1447200
627499657, 628796800, 1297143
628921028, 630553600, 1632572
630684457, 632008000, 1323543
632274400, 633601143, 1326743
633721371, 634999200, 1277829
635265143, 636645943, 1380800
636775543, 638265943, 1490400
638390514, 639746628, 1356114
639869257, 641314400, 1445143
641440114, 642784114, 1344000
642905714, 644370286, 1464572
644496114, 645792228, 1296114
645915085, 647363314, 1448229
647489372, 648794286, 1304914
648916571, 650384343, 1467772
650510743, 651814857, 1304114
651938400, 653400343, 1461943
653527314, 654822286, 1294972
654944571, 656403772, 1459201
656530057, 657823314, 1293257
657945828, 659404114, 1458286
659530286, 660822286, 1292000
660945257, 662402057, 1456800
662528343, 663822514, 1294171
663946285, 665416114, 1469829
665542971, 666834857, 1291886
666957714, 668414172, 1456458
668541029, 669835657, 1294628
669958857, 671420229, 1461372
671546743, 672827543, 1280800
672948228, 674414743, 1466515
674541257, 675820000, 1278743
675941257, 677411772, 1470515
677538629, 678861143, 1322514
678993943, 680474743, 1480800
680599200, 681891657, 1292457
682178286, 683510400, 1332114
683635429, 684901485, 1266056
685174629, 686494514, 1319885
686620457, 687892685, 1272228
688166629, 689488000, 1321371
689613600, 690890743, 1277143
691173372, 692497829, 1324457
692622971, 693897371, 1274400
694164800, 695496229, 1331429
695622171, 696889257, 1267086
697160000, 698487314, 1327314
698613143, 699886514, 1273371
700158172, 701484914, 1326742
701610400, 702886285, 1275885
703008114, 704469029, 1460915
704594286, 705897714, 1303428
706176343, 707516571, 1340228
707642057, 708924000, 1281943
709193943, 710510629, 1316686
710634743, 711907771, 1273028
712187086, 713808457, 1621371
713933943, 715408572, 1474629
715535429, 716859657, 1324228
716981828, 718440114, 1458286
718566400, 719842971, 1276571
719964228, 721420229, 1456001
721546286, 722832686, 1286400
722955314, 724410057, 1454743
724536914, 725830171, 1293257
725953485, 727414514, 1461029
727540571, 728848800, 1308229
728970285, 730441829, 1471544
730570171, 731852571, 1282400
731976000, 733437829, 1461829
733564800, 734866057, 1301257
734988685, 736456343, 1467658
736583771, 737854514, 1270743
737977257, 739449714, 1472457
739576800, 740864457, 1287657
740987428, 742473943, 1486515
742599657, 743884228, 1284571
744151772, 745487200, 1335428
745613143, 746892457, 1279314
747176115, 748502857, 1326742
748629029, 750305257, 1676228
750954171, 752535657, 1581486
752663314, 753939543, 1276229
754214629, 755548686, 1334057
755671200, 756949371, 1278171
757214743, 758550171, 1335428
758673486, 759952000, 1278514
760225829, 761550629, 1324800
761675086, 762955657, 1280571
763220572, 763955428, 734856
764632686, 765975085, 1342399
766241829, 767569029, 1327200
767692000, 768994400, 1302400
769261257, 770640571, 1379314
770768571, 772264686, 1496115
772390057, 773744343, 1354286
773867085, 775310400, 1443315
775435657, 776758628, 1322971
776881028, 778329600, 1448572
778455314, 779786171, 1330857
779908114, 781362972, 1454858
781489029, 782790857, 1301828
782913257, 784364343, 1451086
784490743, 785798171, 1307428
785921828, 787402857, 1481029
787529600, 788848343, 1318743
788970400, 790425943, 1455543
790551771, 791844914, 1293143
791967543, 793417143, 1449600
793544686, 794836114, 1291428
794959543, 796418286, 1458743
796546057, 797831314, 1285257
797954400, 798841486, 887086
798960457, 803271542, 4311085
803400914, 804765143, 1364229
804886515, 806385029, 1498514
806509029, 807812800, 1303771
807934971, 809388915, 1453944
809513257, 810825257, 1312000
810946971, 812411886, 1464915
812536114, 813848800, 1312686
813968229, 815418629, 1450400
815544229, 816855200, 1310971
816976686, 818438057, 1461371
818562857, 819855200, 1292343
819976114, 821455772, 1479658
821580229, 822872914, 1292685
822991657, 824458515, 1466858
824583429, 825857943, 1274514
825977943, 827427429, 1449486
827552914, 828859543, 1306629
828978743, 830489715, 1510972
830613943, 832308800, 1694857
832438057, 833801143, 1363086
833921143, 835401029, 1479886
835526172, 836825943, 1299771
836947200, 838417943, 1470743
838542514, 839850743, 1308229
839969600, 841429829, 1460229
841555657, 842866514, 1310857
842987314, 844518400, 1531086
844642629, 845924343, 1281714
846203429, 847541829, 1338400
847665486, 848943086, 1277600
849221372, 850567772, 1346400
850691200, 852146629, 1455429
852275315, 853601600, 1326285
853724000, 855231315, 1507315
855355200, 856724800, 1369600
856844457, 858295772, 1451315
858420572, 859768000, 1347428
859888686, 861346057, 1457371
861470743, 862798857, 1328114
862922057, 864401829, 1479772
864526400, 865828571, 1302171
865950629, 867413143, 1462514
867538514, 868839200, 1300686
868960914, 870435315, 1474401
870559429, 871864686, 1305257
871983771, 873448000, 1464229
873572572, 874847200, 1274628
874966171, 876420800, 1454629
876545943, 877856800, 1310857
877977143, 879436686, 1459543
879561600, 880847200, 1285600
880967657, 882429257, 1461600
882553829, 883844000, 1290171
883963543, 885429029, 1465486
885554172, 886865714, 1311542
886986857, 888447429, 1460572
888571429, 889844343, 1272914
889963886, 891425600, 1461714
891550057, 892846857, 1296800
892967086, 894457829, 1490743
894583314, 895874971, 1291657
895996114, 897458857, 1462743
897582972, 898863086, 1280114
898983771, 900462629, 1478858
900587772, 901888800, 1301028
902176915, 903496229, 1319314
903620000, 904898629, 1278629
905168572, 906490629, 1322057
906615886, 907894857, 1278971
908172000, 909499657, 1327657
909624343, 910902400, 1278057
911188000, 912577943, 1389943
912700800, 913996343, 1295543
914265143, 915593029, 1327886
915712343, 917007086, 1294743
917275315, 918596686, 1321371
918718629, 920172229, 1453600
920296343, 921666286, 1369943
921789029, 922674972, 885943
922792800, 927250742, 4457942
927381485, 928732342, 1350857
928854856, 930338285, 1483429
930468342, 931872685, 1404343
931994514, 933465599, 1471085
933591999, 934877028, 1285029
934998056, 936486399, 1488343
936611199, 937887656, 1276457
938163657, 939488685, 1325028
939613599, 940887542, 1273943
941175314, 942501485, 1326171
942627771, 943904342, 1276571
944183771, 945517257, 1333486
945645028, 946921485, 1276457
947195199, 948518057, 1322858
948644228, 949925028, 1280800
950201257, 951529599, 1328342
951656571, 952928456, 1271885
953205828, 954548457, 1342629
954672456, 955955314, 1282858
956229257, 957551885, 1322628
957676799, 958960914, 1284115
959238628, 960581257, 1342629
960705714, 962151428, 1445714
962278057, 963602514, 1324457
964463657, 965937371, 1473714
966211428, 967567314, 1355886
967690056, 968988799, 1298743
969255542, 970583885, 1328343
970705142, 972002514, 1297372
972271428, 973606514, 1335086
973727199, 975184914, 1457715
975310399, 976630171, 1319772
976749485, 978239885, 1490400
978365485, 979708799, 1343314
979830971, 981281599, 1450628
981407085, 982750742, 1343657
982871999, 984324571, 1452572
984449714, 985790628, 1340914
985911542, 987405142, 1493600
987531999, 988857828, 1325829
988979771, 990449942, 1470171
990576457, 991858856, 1282399
991980571, 993461371, 1480800
993587542, 994876456, 1288914
995000114, 996481028, 1480914
996607999, 997887085, 1279086
998164342, 999491657, 1327315
999616914, 908114, -998708800
1186057, 2505142, 1319085
2629028, 3901714, 1272686
4176457, 5502399, 1325942
5626628, 6894514, 1267886
7172457, 8508114, 1335657
8632456, 9912228, 1279772
10193257, 11531885, 1338628
11657028, 12931428, 1274400
13205485, 14882514, 1677029
15015885, 16509714, 1493829
16634171, 17910514, 1276343
18186399, 19565942, 1379543
19688342, 21028571, 1340229
21301485, 22700228, 1398743
22821599, 23709828, 888229
23827428, 25652342, 1824914
25773256, 27277599, 1504343
27402742, 28771085, 1368343
28890628, 30347428, 1456800
30470628, 31844571, 1373943
31964571, 32846971, 882400
32962628, 39441715, 6479087
39573600, 40459772, 886172
40582743, 42433600, 1850857
42562514, 43930286, 1367772
44207886, 45583429, 1375543
45704457, 47197829, 1493372
47321486, 49353143, 2031657
49481372, 50857486, 1376114
50977486, 52486172, 1508686
52610629, 53947543, 1336914
54223886, 55605143, 1381257
55724343, 57222058, 1497715
57344800, 58664000, 1319200
58781486, 60265715, 1484229
60389372, 61764800, 1375428
61884343, 63353143, 1468800
63476457, 64830971, 1354514
64951543, 66457829, 1506286
66581829, 67864114, 1282285
67982857, 69511315, 1528458
69635657, 70503086, 867429
70623200, 74523543, 3900343
74652800, 75973829, 1321029
76249029, 77650172, 1401143
77767657, 79257943, 1490286
79381372, 80781714, 1400342
80901486, 82368915, 1467429
82492915, 83841257, 1348342
83960686, 85466857, 1506171
85591086, 86890400, 1299314
87009828, 88510629, 1500801
88636114, 89984457, 1348343
90255543, 91646743, 1391200
91764914, 93248343, 1483429
93371657, 94240000, 868343
94361600, 99272114, 4910514
99401371, 100779086, 1377715
100899543, 102423086, 1523543
102549143, 103879314, 1330171
104002171, 105531200, 1529029
105656000, 106942057, 1286057
107209715, 108588914, 1379199
108711657, 110192000, 1480343
110318057, 111714400, 1396343
111836000, 113341486, 1505486
113468343, 114841600, 1373257
114963886, 116477372, 1513486
116602857, 117938400, 1335543
118213258, 119590286, 1377028
119712572, 121210515, 1497943
121335429, 122650400, 1314971
122769486, 124249715, 1480229
124374629, 125755086, 1380457
125876457, 127369029, 1492572
127494629, 128841371, 1346742
128963429, 130467886, 1504457
130592686, 131938629, 1345943
132219658, 133595772, 1376114
133719200, 134589029, 869829
134706629, 136309143, 1602514
136436000, 137316343, 880343
137439315, 138901829, 1462514
139175772, 140553486, 1377714
140676457, 142161258, 1484801
142287886, 143631657, 1343771
143763772, 145257143, 1493371
145382972, 146782514, 1399542
146903657, 148376915, 1473258
148502743, 149846971, 1344228
149969257, 151481143, 1511886
151606057, 152953600, 1347543
153227658, 154611200, 1383542
154730743, 156222972, 1492229
156348800, 157728686, 1379886
157851086, 159307086, 1456000
159432457, 160805371, 1372914
160927086, 162427886, 1500800
162555429, 163903771, 1348342
164184000, 165564343, 1380343
165687657, 167019771, 1332114
167287772, 168690857, 1403085
168813029, 170284800, 1471771
170411543, 171794057, 1382514
171916114, 173432229, 1516115
173559657, 174887086, 1327429
175009486, 176534172, 1524686
176660457, 178157029, 1496572
178285143, 179665372, 1380229
179785257, 181263200, 1477943
181389715, 182259772, 870057
182385600, 183886514, 1500914
184008457, 185473372, 1464915
185598743, 186931886, 1333143
187211315, 188578857, 1367542
188702514, 189565372, 862858
189685143, 191429486, 1744343
192267200, 193686857, 1419657
193809029, 195279315, 1470286
195404686, 196760571, 1355885
196881714, 198382972, 1501258
198509372, 199844000, 1334628
199965714, 201464686, 1498972
201590057, 202918400, 1328343
203201486, 204565257, 1363771
204688686, 206020571, 1331885
206288229, 207696114, 1407885
207817829, 209275086, 1457257
209400229, 210722286, 1322057
210853143, 212343429, 1490286
212469143, 213834629, 1365486
213956114, 215453600, 1497486
215578743, 216918286, 1339543
217198858, 218568457, 1369599
218692343, 220155886, 1463543
220283543, 221654172, 1370629
221772572, 223238172, 1465600
223363543, 224748343, 1384800
224870171, 226318629, 1448458
226443315, 227777943, 1334628
227899429, 229345943, 1446514
229471772, 230337029, 865257
230461143, 234611999, 4150856
234737942, 236244114, 1506172
236368571, 237774971, 1406400
237895314, 239366857, 1471543
239491542, 240841371, 1349829
240962171, 242469828, 1507657
242594742, 243925599, 1330857
244207085, 245590857, 1383772
245712799, 247193485, 1480686
247317942, 248707885, 1389943
248828342, 250293142, 1464800
250417599, 251777599, 1360000
251897371, 253411771, 1514400
253536114, 254869256, 1333142
254988914, 256491542, 1502628
256615885, 257962856, 1346971
258260571, 259650742, 1390171
259770285, 261258057, 1487772
261382628, 262778971, 1396343
262900228, 264408457, 1508229
264533599, 265874399, 1340800
265995314, 267507314, 1512000
267631885, 268957142, 1325257
269229028, 270607199, 1378171
270727656, 272215428, 1487772
272339657, 273718056, 1378399
273838399, 275342399, 1504000
275467314, 276841942, 1374628
276962514, 278433485, 1470971
278558857, 279886056, 1327199
280005142, 281518514, 1513372
281642285, 282973599, 1331314
283244342, 284624228, 1379886
284742285, 286224685, 1482400
286348571, 287674399, 1325828
287792228, 289268457, 1476229
289393485, 290725828, 1332343
290845942, 292309714, 1463772
292434171, 293776228, 1342057
293896799, 295384114, 1487315
295508342, 296855314, 1346972
296975428, 298435428, 1460000
298560457, 299851999, 1291542
299972342, 301428914, 1456572
301554857, 302849714, 1294857
302969828, 304426285, 1456457
304552342, 305867542, 1315200
305987771, 307469142, 1481371
307594399, 308870056, 1275657
308989828, 310467085, 1477257
310591656, 311869485, 1277829
312144457, 313463771, 1319314
313587542, 314865828, 1278286
314986514, 316460114, 1473600
316584114, 317859771, 1275657
317978856, 319439199, 1460343
319563885, 320846056, 1282171
320965599, 322427199, 1461600
322552685, 323837028, 1284343
323957028, 325412799, 1455771
325538171, 326854399, 1316228
326974628, 328465828, 1491200
328591771, 329885714, 1293943
330005028, 331470628, 1465600
331595771, 332883085, 1287314
333002742, 334460571, 1457829
334584685, 335863199, 1278514
335982171, 337439771, 1457600
337564685, 338863542, 1298857
338982514, 340449028, 1466514
340574628, 341878171, 1303543
341999199, 343462285, 1463086
343586514, 344860456, 1273942
344980114, 346456114, 1476000
346580457, 347457485, 877028
347580342, 350725828, 3145486
350845599, 351715771, 870172
351834056, 353642971, 1808915
353764456, 355261599, 1497143
355385942, 356767428, 1381486
356887999, 358354514, 1466515
358479428, 359778399, 1298971
359898399, 361365485, 1467086
361489714, 362815085, 1325371
362934971, 364440457, 1505486
364565485, 365847999, 1282514
365967542, 367477485, 1509943
367602057, 368880571, 1278514
369157599, 370539885, 1382286
370664342, 371939999, 1275657
372209028, 373601714, 1392686
373720799, 375211085, 1490286
375335999, 376722628, 1386629
376843771, 378303199, 1459428
378427657, 379774514, 1346857
379895542, 381381942, 1486400
381506742, 383190171, 1683429
383317828, 384730514, 1412686
384850971, 386300799, 1449828
386426171, 387779428, 1353257
387901028, 389384114, 1483086
389510171, 390810399, 1300228
390932914, 392389714, 1456800
392515314, 393837028, 1321714
393958171, 395426057, 1467886
395552114, 396845371, 1293257
396967542, 398416799, 1449257
398542628, 399838514, 1295886
399960342, 401418857, 1458515
401544571, 402835314, 1290743
402957028, 404417599, 1460571
404544457, 406237942, 1693485
406888228, 408507771, 1619543
408634742, 409923885, 1289143
410203999, 411590628, 1386629
411709942, 413393828, 1683886
413519771, 414812914, 1293143
414933828, 416398742, 1464914
416523771, 417822742, 1298971
417941942, 419404685, 1462743
419530171, 420832571, 1302400
420953828, 422418514, 1464686
422543542, 423852571, 1309029
423972914, 425433142, 1460228
425558057, 426842171, 1284114
426961599, 428414742, 1453143
428539542, 429829371, 1289829
429949371, 431419885, 1470514
431545485, 432833599, 1288114
432953028, 434421714, 1468686
434546971, 435837142, 1290171
435956228, 437411428, 1455200
437536457, 438853371, 1316914
438973256, 440432571, 1459315
440557257, 441853028, 1295771
441972456, 443441485, 1469029
443566514, 444858856, 1292342
444979771, 446455199, 1475428
446579999, 447859542, 1279543
447978971, 449461028, 1482057
449585714, 450877599, 1291885
451152114, 452471542, 1319428
452595656, 453871656, 1276000
453991656, 455454057, 1462401
455579314, 456860228, 1280914
456980456, 458449599, 1469143
458574171, 459860342, 1286171
459979999, 461464114, 1484115
461589142, 462870399, 1281257
462989599, 464456114, 1466515
464580799, 465863771, 1282972
465982971, 467433599, 1450628
467558399, 469242857, 1684458
469370628, 470711999, 1341371
470832914, 472328114, 1495200
472452685, 473799656, 1346971
473919771, 475402285, 1482514
475527085, 476850514, 1323429
476970742, 478422628, 1451886
478547199, 479828456, 1281257
479947656, 481410742, 1463086
481536114, 482854742, 1318628
482975199, 484441714, 1466515
484566628, 485848114, 1281486
485967428, 487424799, 1457371
487550057, 488837028, 1286971
488956571, 490417257, 1460686
490542057, 491844114, 1302057
491965142, 493419999, 1454857
493545485, 494841028, 1295543
494962056, 496426628, 1464572
496551314, 497838171, 1286857
497957599, 499421485, 1463886
499547542, 500843999, 1296457
500965256, 502419314, 1454058
502545257, 503842171, 1296914
503964114, 505419199, 1455085
505544342, 506848799, 1304457
506969714, 508420342, 1450628
508545828, 509842399, 1296571
509963999, 511417257, 1453258
511542628, 512835542, 1292914
512957256, 514417028, 1459772
514541714, 515855885, 1314171
515976228, 517433599, 1457371
517559199, 518846171, 1286972
518965599, 520434971, 1469372
520560685, 522253828, 1693143
522380914, 523720799, 1339885
523841371, 525291771, 1450400
525416571, 526762056, 1345485
526882171, 528340342, 1458171
528465257, 529776799, 1311542
529898056, 530792685, 894629
530910171, 536950514, 6040343
537228229, 538555086, 1326857
538678514, 539959543, 1281029
540237372, 541561714, 1324342
541685372, 542962743, 1277371
543233372, 544564343, 1330971
544688000, 545982743, 1294743
546257143, 547573829, 1316686
547697714, 548972343, 1274629
549242629, 550564000, 1321371
550687657, 551973714, 1286057
552243772, 553557143, 1313371
553681029, 554961371, 1280342
555238400, 556554172, 1315772
556677486, 557955771, 1278285
558224572, 559541143, 1316571
559664686, 560942514, 1277828
561221486, 562556457, 1334971
562680572, 563957029, 1276457
564235543, 565553257, 1317714
565676572, 566953143, 1276571
567221600, 568539314, 1317714
568663429, 569936914, 1273485
570216458, 571530629, 1314171
571654400, 572929943, 1275543
573200343, 574537943, 1337600
574662857, 575935086, 1272229
576210629, 577546743, 1336114
577670172, 578958629, 1288457
579230286, 580560114, 1329828
580683886, 581958743, 1274857
582228572, 583568572, 1340000
583693029, 584979771, 1286742
585255429, 586612114, 1356685
586739086, 588271086, 1532000
588394743, 589744914, 1350171
589874514, 591336229, 1461715
591460686, 592801257, 1340571
592921600, 594391886, 1470286
594516343, 595852114, 1335771
595971314, 597434743, 1463429
597560686, 598849257, 1288571
598970171, 600437715, 1467544
600562743, 601846286, 1283543
601967086, 603451657, 1484571
603579772, 604866057, 1286285
604986400, 606450515, 1464115
606575657, 607853143, 1277486
607973829, 609432229, 1458400
609558857, 610863429, 1304572
610984800, 612464915, 1480115
612590857, 613870171, 1279314
613990514, 615457257, 1466743
615582514, 616859657, 1277143
617670972, 619283543, 1612571
619410629, 620763886, 1353257
620884800, 622359200, 1474400
622483543, 623785486, 1301943
623906057, 625391315, 1485258
625517143, 626831543, 1314400
626952800, 628417143, 1464343
628542286, 629844571, 1302285
629966286, 631417143, 1450857
631542172, 632845143, 1302971
632966171, 634426515, 1460344
634551200, 635842629, 1291429
635962629, 637435429, 1472800
637560914, 638853029, 1292115
638973600, 640437029, 1463429
640561372, 641855429, 1294057
641975771, 643438286, 1462515
643563200, 644844800, 1281600
644964343, 646428572, 1464229
646554514, 647853943, 1299429
647975657, 649448000, 1472343
649573143, 650857486, 1284343
650976914, 652422172, 1445258
652547086, 653836114, 1289028
653956343, 655422857, 1466514
655548114, 656828343, 1280229
656948229, 658410857, 1462628
658535543, 659832571, 1297028
659953714, 661410515, 1456801
661535086, 662858057, 1322971
662978057, 664436686, 1458629
664561486, 665855086, 1293600
665976229, 667426515, 1450286
667552457, 668849714, 1297257
668970286, 670427315, 1457029
670552572, 671844571, 1291999
671965600, 673427886, 1462286
673553486, 674858743, 1305257
674979657, 676433829, 1454172
676559543, 677845600, 1286057
677966057, 679432915, 1466858
679557943, 680850057, 1292114
680969714, 682421600, 1451886
682546857, 683842057, 1295200
683963314, 685416457, 1453143
685541257, 686827314, 1286057
686947429, 688409486, 1462057
688534400, 689855314, 1320914
689975200, 691440000, 1464800
691565943, 692850629, 1284686
692969143, 694436572, 1467429
694561372, 695842171, 1280799
695961257, 697417029, 1455772
697541943, 698839771, 1297828
698961029, 700412115, 1451086
700538172, 701835429, 1297257
701957257, 703425257, 1468000
703549486, 704850171, 1300685
704971886, 706449257, 1477371
706574172, 707857943, 1283771
707977600, 709446515, 1468915
709571543, 710856343, 1284800
710975886, 711868457, 892571
711984343, 715232229, 3247886
715361715, 716701486, 1339771
716822857, 718305257, 1482400
718430057, 719766172, 1336115
719887314, 721337257, 1449943
721462743, 722791200, 1328457
722912914, 724372000, 1459086
724497029, 725841714, 1344685
725963086, 727422857, 1459771
727548457, 728840000, 1291543
728961829, 730415200, 1453371
730540686, 731829143, 1288457
731950171, 733409486, 1459315
733536000, 734825943, 1289943
734946971, 736407429, 1460458
736533714, 737809714, 1276000
737930400, 739392115, 1461715
739519086, 740808000, 1288914
740928800, 742390743, 1461943
742517029, 743822857, 1305828
743944000, 745403086, 1459086
745529486, 746813029, 1283543
746932686, 748391543, 1458857
748517829, 749805714, 1287885
749926743, 751389943, 1463200
751516915, 752810514, 1293599
752932114, 754382286, 1450172
754509143, 755805371, 1296228
755927314, 757389372, 1462058
757514857, 758805029, 1290172
758926400, 760388115, 1461715
760514057, 761854171, 1340114
761975200, 763446286, 1471086
763571429, 764846629, 1275200
764968457, 766424572, 1456115
766550400, 767841943, 1291543
767963657, 769419315, 1455658
769544686, 770826171, 1281485
770947543, 772405486, 1457943
772531429, 773822857, 1291428
773944000, 775409029, 1465029
775536114, 776956571, 1420457
777235315, 778561257, 1325942
778684686, 779971200, 1286514
780241372, 781558172, 1316800
781682172, 782965143, 1282971
783235086, 784565829, 1330743
784689829, 785964800, 1274971
786233486, 787556457, 1322971
787679657, 788959543, 1279886
789230743, 790548457, 1317714
790672686, 791950171, 1277485
792228229, 793545143, 1316914
793668572, 795358057, 1689485
795486286, 796826514, 1340228
796950171, 798413257, 1463086
798540914, 799824000, 1283086
799945029, 801402400, 1457371
801529829, 802809829, 1280000
802930743, 804404229, 1473486
804531429, 805846286, 1314857
805967771, 807433486, 1465715
807559086, 808831886, 1272800
808953714, 810417372, 1463658
810544686, 812226972, 1682286
812355543, 813705143, 1349600
813827200, 815288915, 1461715
815414057, 816749600, 1335543
816871543, 818318857, 1447314
818444115, 819776914, 1332799
819899200, 821370057, 1470857
821497600, 822810057, 1312457
822933143, 824397029, 1463886
824524686, 825816229, 1291543
826666286, 828279086, 1612800
828406057, 829763543, 1357486
829884686, 831351086, 1466400
831476800, 832806971, 1330171
832928229, 834389829, 1461600
834516229, 835817943, 1301714
835938857, 837413029, 1474172
837540000, 838829943, 1289943
838952229, 840426857, 1474628
840551886, 841838743, 1286857
841960229, 843410857, 1450628
843536114, 844826171, 1290057
844947200, 846399657, 1452457
846526057, 847814171, 1288114
847935086, 849383086, 1448000
849510400, 850822171, 1311771
850943543, 852405600, 1462057
852532114, 853824457, 1292343
853945943, 855401372, 1455429
855526514, 856829829, 1303315
856950857, 858413600, 1462743
858539200, 859825943, 1286743
859947543, 861419086, 1471543
861546629, 862834400, 1287771
862956343, 864406515, 1450172
864531772, 865824457, 1292685
865945829, 867407200, 1461371
867533600, 868830400, 1296800
868951886, 870416800, 1464914
870543200, 871822057, 1278857
871942514, 873401257, 1458743
873527657, 874812800, 1285143
874933829, 876395657, 1461828
876522286, 877816000, 1293714
877937943, 879399315, 1461372
879524686, 880816229, 1291543
880937486, 882401829, 1464343
882528686, 883824800, 1296114
883945600, 885405600, 1460000
885531200, 886826629, 1295429
886947543, 888405829, 1458286
888532343, 889822286, 1289943
889943771, 891404000, 1460229
891530286, 892818743, 1288457
892939314, 894400572, 1461258
894528114, 895866400, 1338286
895987543, 897453600, 1466057
897577943, 898849143, 1271200
898969486, 900419315, 1449829
900545143, 901847771, 1302628
901969029, 903430857, 1461828
903555886, 904832571, 1276685
904953829, 906408457, 1454628
906534286, 907812229, 1277943
907933371, 909399086, 1465715
909525029, 910813143, 1288114
910934400, 912390743, 1456343
912516114, 913792914, 1276800
913913600, 915381943, 1468343
915508572, 916800800, 1292228
916922171, 918369143, 1446972
918494515, 919812686, 1318171
919933829, 921394400, 1460571
921521600, 922817143, 1295543
922939429, 924399657, 1460228
924524914, 925841714, 1316800
925962171, 927425486, 1463315
927550857, 928827657, 1276800
928948457, 930405372, 1456915
930532914, 931825714, 1292800
931947200, 933403772, 1456572
933529143, 934833257, 1304114
934954171, 936433029, 1478858
936558857, 937831657, 1272800
937952229, 939412229, 1460000
939538857, 940818629, 1279772
940939200, 942395429, 1456229
942521486, 943810857, 1289371
943932114, 945380572, 1448458
945507657, 946805257, 1297600
946926743, 948376457, 1449714
948504000, 949812229, 1308229
949932571, 951393143, 1460572
951519429, 952823657, 1304228
952945486, 954408343, 1462857
954533943, 955819886, 1285943
955941257, 957412115, 1470858
957539772, 958828457, 1288685
958950171, 960411200, 1461029
960537829, 961822514, 1284685
961943086, 963400457, 1457371
963526514, 964820000, 1293486
964941371, 966402515, 1461144
966528229, 967823657, 1295428
967945600, 969407772, 1462172
969534972, 970825486, 1290514
970946514, 972401257, 1454743
972526514, 973818514, 1292000
973940000, 975395886, 1455886
975521257, 976810400, 1289143
976932000, 978386857, 1454857
978513486, 979805600, 1292114
979926514, 981387429, 1460915
981513372, 982812114, 1298742
982933486, 984395886, 1462400
984522286, 985811543, 1289257
985932229, 987382972, 1450743
987509715, 988799657, 1289942
988920457, 990372229, 1451772
990499543, 991786857, 1287314
991907314, 993369600, 1462286
993496686, 994787543, 1290857
994909486, 996364343, 1454857
996491772, 997791200, 1299428
997912800, 999411315, 1498515
999539543, 836000, -998703543
959086, 2417143, 1458057
2540229, 3822629, 1282400
3943429, 5406400, 1462971
5530286, 6814057, 1283771
6933829, 8386286, 1452457
8511200, 9806057, 1294857
9925829, 11395200, 1469371
11521029, 12388115, 867086
12512686, 19254400, 6741714
19384343, 20767886, 1383543
20887886, 22385143, 1497257
22510057, 23814857, 1304800
23937029, 25406286, 1469257
25530857, 26836343, 1305486
26957600, 28468572, 1510972
28592457, 29930286, 1337829
30211543, 31600343, 1388800
31719886, 33205143, 1485257
33329715, 34672457, 1342742
34804114, 36286972, 1482858
36412115, 37806629, 1394514
37927200, 39379315, 1452115
39503886, 40823429, 1319543
41666629, 43275315, 1608686
43400343, 44769943, 1369600
44890171, 46358515, 1468344
46482857, 48548914, 2066057
48684000, 50295543, 1611543
50419657, 51781943, 1362286
51902629, 53378515, 1475886
53502286, 54823886, 1321600
54943200, 56402857, 1459657
56526514, 57844343, 1317829
57963200, 59420915, 1457715
59546286, 60835543, 1289257
60954400, 62417486, 1463086
62541943, 63841714, 1299771
63960800, 65416457, 1455657
65540343, 66840571, 1300228
66961714, 68408457, 1446743
68532914, 69845943, 1313029
69965371, 71433486, 1468115
71557600, 72845143, 1287543
72964229, 74425600, 1461371
74550972, 75889486, 1338514
76160800, 77541257, 1380457
77663886, 79013829, 1349943
79278057, 80598857, 1320800
80717143, 82014171, 1297028
82278172, 83601600, 1323428
83719429, 85216229, 1496800
85338857, 86709943, 1371086
86829943, 88277257, 1447314
88399886, 89728343, 1328457
89847543, 91288572, 1441029
91412115, 92761943, 1349828
92881600, 94358857, 1477257
94484229, 95820114, 1335885
95939771, 97399772, 1460001
97524457, 98819886, 1295429
98941486, 100398286, 1456800
100523315, 101821829, 1298514
101943886, 103409372, 1465486
103533829, 104834857, 1301028
104957257, 106404000, 1446743
106529257, 107825943, 1296686
107947886, 109415886, 1468000
109541143, 110848229, 1307086
110968114, 112421486, 1453372
112547086, 113845486, 1298400
113967086, 115424915, 1457829
115549829, 116830400, 1280571
116950629, 118410172, 1459543
118534514, 119829143, 1294629
119949143, 121408115, 1458972
121533943, 122828571, 1294628
122948571, 124408115, 1459544
124533029, 125837143, 1304114
125957943, 127418629, 1460686
127542972, 128833829, 1290857
128953486, 130408572, 1455086
130533372, 131817600, 1284228
131937943, 133391086, 1453143
133515886, 134807086, 1291200
134927314, 136397143, 1469829
136521715, 137824571, 1302856
137946743, 139405829, 1459086
139531086, 140830971, 1299885
140952229, 142412800, 1460571
142537829, 143836914, 1299085
143958400, 145409029, 1450629
145534400, 146847886, 1313486
146970514, 148445829, 1475315
148570857, 149865600, 1294743
149986857, 151453257, 1466400
151577486, 152856114, 1278628
152975771, 154433600, 1457829
154557829, 155838743, 1280914
155958514, 157420800, 1462286
157547086, 158841257, 1294171
158962857, 160417372, 1454515
160543086, 161844343, 1301257
161966171, 163440800, 1474629
163565372, 164848457, 1283085
164968114, 166436115, 1468001
166560800, 167854743, 1293943
167974971, 169457029, 1482058
169581829, 170908343, 1326514
171187429, 172518057, 1330628
172642629, 173935200, 1292571
174214172, 175533714, 1319542
175658172, 176958171, 1299999
177226058, 178548800, 1322742
178672114, 180004457, 1332343
180270286, 181696343, 1426057
181816686, 183299315, 1482629
183423315, 184770286, 1346971
184890743, 186350857, 1460114
186476000, 187829371, 1353371
187949943, 189406629, 1456686
189531086, 190828571, 1297485
190949829, 192411429, 1461600
192537029, 193828343, 1291314
193949714, 195404800, 1455086
195529143, 196820457, 1291314
196940343, 198407429, 1467086
198532572, 199832914, 1300342
199954629, 201403086, 1448457
201529143, 202827429, 1298286
202949371, 204407772, 1458401
204533029, 205825943, 1292914
205945714, 207407086, 1461372
207531886, 208832229, 1300343
208953371, 210404686, 1451315
210529257, 211831886, 1302629
211953143, 213414743, 1461600
213539086, 214829371, 1290285
214948914, 216410743, 1461829
216536114, 217841714, 1305600
217962743, 219414057, 1451314
219539886, 220842743, 1302857
220963314, 222427086, 1463772
222551657, 223836229, 1284572
223956457, 225419657, 1463200
225544800, 226831657, 1286857
226951771, 228407543, 1455772
228532000, 229834629, 1302629
229955657, 231403772, 1448115
231529714, 233227543, 1697829
233356115, 234704000, 1347885
234825371, 236307429, 1482058
236432343, 237778743, 1346400
237900114, 239373143, 1473029
239498514, 240818629, 1320115
240939429, 242404343, 1464914
242529829, 243828914, 1299085
243950743, 245407772, 1457029
245533257, 247218515, 1685258
247347657, 248696114, 1348457
248818629, 250266515, 1447886
250391543, 251743200, 1351657
251864114, 253333029, 1468915
253990514, 254954857, 964343
255220115, 259209485, 3989370
259338514, 260699542, 1361028
260820456, 262260342, 1439886
262385257, 263783885, 1398628
263904914, 265389599, 1484685
265516114, 266809714, 1293600
266931199, 268382171, 1450972
268508571, 269804228, 1295657
269925028, 271373599, 1448571
271500228, 272791999, 1291771
272912456, 274384342, 1471886
274510514, 275799428, 1288914
275920571, 277374285, 1453714
277500114, 278803999, 1303885
278924571, 280387314, 1462743
280513257, 281801371, 1288114
281921828, 283388571, 1466743
283514628, 284803314, 1288686
284924342, 286372685, 1448343
286498971, 287815885, 1316914
287937599, 289405142, 1467543
289531885, 290839428, 1307543
290962514, 292405142, 1442628
292531542, 294223771, 1692229
294352457, 295761599, 1409142
295883428, 297364799, 1481371
297490514, 298807656, 1317142
298930399, 300399314, 1468915
300525599, 301813599, 1288000
301934856, 303384914, 1450058
303511199, 304853028, 1341829
304974285, 306449028, 1474743
306573828, 307843656, 1269828
307963999, 309421257, 1457258
309546628, 310820114, 1273486
310940342, 312387428, 1447086
312513371, 313805714, 1292343
313927199, 315380914, 1453715
315508228, 316849942, 1341714
316970628, 318432342, 1461714
318558514, 319842285, 1283771
319963656, 321431199, 1467543
321556114, 322834514, 1278400
322954971, 324413714, 1458743
324540342, 325821371, 1281029
325942856, 327397714, 1454858
327524228, 328812228, 1288000
328933714, 330393942, 1460228
330521028, 331813485, 1292457
331934628, 333387085, 1452457
333513599, 334807542, 1293943
334929028, 336379657, 1450629
336505828, 337789714, 1283886
337910628, 339377828, 1467200
339502857, 340785028, 1282171
340906514, 342383999, 1477485
342510742, 344205942, 1695200
344335199, 345658628, 1323429
345777142, 347259771, 1482629
347385599, 348730056, 1344457
348850628, 350280799, 1430171
350405485, 351733371, 1327886
351854628, 353290057, 1435429
353416342, 354763885, 1347543
354887085, 356348457, 1461372
356475199, 357784456, 1309257
357906971, 359362742, 1455771
359488914, 360771999, 1283085
360892914, 362372799, 1479885
362499428, 363790171, 1290743
363911428, 365373142, 1461714
365499885, 366785485, 1285600
366906399, 368376914, 1470515
368502628, 369791999, 1289371
369912914, 371362857, 1449943
371488914, 372809714, 1320800
372930971, 374626171, 1695200
374748571, 376243314, 1494743
376368228, 377721028, 1352800
377841714, 379299199, 1457485
379423885, 380766056, 1342171
380887199, 382342057, 1454858
382468114, 383789599, 1321485
383910856, 385583199, 1672343
385704456, 386972228, 1267772
387241371, 388558514, 1317143
388682856, 389983771, 1300915
390253599, 391563314, 1309715
391686399, 393154628, 1468229
393282285, 394615542, 1333257
394735199, 396162399, 1427200
396292228, 397606399, 1314171
397726628, 399157828, 1431200
399283657, 400597828, 1314171
400717828, 402202857, 1485029
402327771, 403641714, 1313943
403760456, 405240228, 1479772
405365257, 406703199, 1337942
406824456, 408292342, 1467886
408416571, 409760456, 1343885
409884799, 411581599, 1696800
411707771, 413160685, 1452914
413289257, 414853942, 1564685
414976342, 416458628, 1482286
416584342, 417853599, 1269257
417973828, 419440571, 1466743
419566514, 420842171, 1275657
420962399, 422417942, 1455543
422543199, 423833142, 1289943
423954171, 425411542, 1457371
425537942, 426822514, 1284572
426943771, 428395999, 1452228
428522171, 429804571, 1282400
429924914, 431398742, 1473828
431524799, 432855428, 1330629
432978285, 434444914, 1466629
434569714, 435913028, 1343314
436187885, 437496457, 1308572
437621257, 438879085, 1257828
438999428, 440516114, 1516686
440640914, 442294514, 1653600
442424228, 443762971, 1338743
443883885, 445342285, 1458400
445466742, 446804914, 1338172
446926285, 448385599, 1459314
448510971, 449804799, 1293828
449925485, 451391085, 1465600
451516799, 452815314, 1298515
452937256, 454400685, 1463429
454525942, 455814628, 1288686
455934856, 457404342, 1469486
457530399, 458828685, 1298286
458950399, 460403085, 1452686
460528914, 461821371, 1292457
461943542, 463408228, 1464686
463533485, 464823542, 1290057
465656457, 467275428, 1618971
467401142, 468753371, 1352229
468874399, 470332685, 1458286
470457257, 471792342, 1335085
471912914, 473390171, 1477257
473514742, 474815771, 1301029
474937485, 476400685, 1463200
476525371, 477820914, 1295543
477941256, 479399542, 1458286
479524457, 480828685, 1304228
480950514, 482404114, 1453600
482529257, 483829714, 1300457
483951199, 485414514, 1463315
485540228, 486820685, 1280457
486941371, 488397371, 1456000
488523428, 489820456, 1297028
489942285, 491404228, 1461943
491529257, 492829256, 1299999
492951542, 494426857, 1475315
494552457, 495842171, 1289714
495961942, 497417942, 1456000
497542399, 498843771, 1301372
498965256, 500418171, 1452915
500543199, 501844342, 1301143
501965828, 503421028, 1455200
503546285, 504833828, 1287543
504954514, 506424685, 1470171
506551085, 507848342, 1297257
507970171, 509433485, 1463314
509558399, 510846514, 1288115
510966171, 512422399, 1456228
512547885, 513833256, 1285371
513953828, 515429257, 1475429
515554857, 516839542, 1284685
516958971, 518428799, 1469828
518553942, 520242742, 1688800
520369599, 521753485, 1383886
521874285, 523347199, 1472914
523472114, 524773371, 1301257
524893714, 526356457, 1462743
526481257, 527811085, 1329828
527931085, 529402742, 1471657
529527885, 530831542, 1303657
530952914, 532418971, 1466057
532543542, 533832456, 1288914
533951999, 535422971, 1470972
535547885, 536846971, 1299086
536969485, 538426514, 1457029
538552114, 539834399, 1282285
539953942, 541422742, 1468800
541548571, 542834971, 1286400
542955314, 544421142, 1465828
544547428, 545844799, 1297371
545966056, 547424114, 1458058
547549142, 548829256, 1280114
548950628, 550424685, 1474057
550549599, 551853256, 1303657
551974742, 553442285, 1467543
553567771, 554876228, 1308457
554997028, 556518857, 1521829
556642285, 557938171, 1295886
558206742, 559534171, 1327429
559657828, 560953485, 1295657
561222514, 562573371, 1350857
562696571, 564406628, 1710057
564535542, 565834628, 1299086
565955314, 567426857, 1471543
567553028, 568841714, 1288686
568960685, 570420114, 1459429
570545942, 571840228, 1294286
571960799, 573420114, 1459315
573545257, 574832114, 1286857
574951885, 576425942, 1474057
576550857, 577836114, 1285257
577955999, 579413257, 1457258
579538171, 580842171, 1304000
580963542, 582418857, 1455315
582544799, 583841714, 1296915
583963314, 585439771, 1476457
585566628, 586844914, 1278286
586964571, 588431657, 1467086
588557714, 589854856, 1297142
589976571, 591441257, 1464686
591566171, 592845371, 1279200
592965599, 594433714, 1468115
594557714, 595851085, 1293371
595971085, 597434514, 1463429
597559771, 598841599, 1281828
598960914, 600429371, 1468457
600554514, 601839314, 1284800
601958971, 603411771, 1452800
603537142, 604828914, 1291772
604948571, 606415085, 1466514
606540342, 607830056, 1289714
607950742, 609422057, 1471315
609548799, 610862856, 1314057
610988914, 612473485, 1484571
612596456, 613878628, 1282172
613998399, 615466399, 1468000
615590971, 616466628, 875657
616588228, 623021485, 6433257
623298515, 624628343, 1329828
624748229, 626234629, 1486400
626359657, 627691086, 1331429
627812000, 629291657, 1479657
629416457, 630759086, 1342629
630880343, 632541029, 1660686
632672800, 633988800, 1316000
634259315, 635600686, 1341371
635720114, 637001828, 1281714
637296686, 638610172, 1313486
638730057, 640218629, 1488572
640343657, 641726057, 1382400
641846743, 643285829, 1439086
643411200, 644762514, 1351314
644885143, 646350743, 1465600
646475429, 647798171, 1322742
647919543, 649383543, 1464000
649510515, 650810171, 1299656
650931886, 652392229, 1460343
652519086, 653819086, 1300000
653941143, 655405486, 1464343
655530514, 656828571, 1298057
656951543, 658411543, 1460000
658538629, 659820571, 1281942
659942057, 661403886, 1461829
661530286, 662813600, 1283314
662935086, 664394515, 1459429
664521714, 665840229, 1318515
665963771, 667427657, 1463886
667554057, 668834057, 1280000
668955657, 670417257, 1461600
670544800, 671825943, 1281143
671947886, 673420572, 1472686
673547657, 675238858, 1691201
675367429, 676712343, 1344914
677530400, 678982971, 1452571
679257258, 680633943, 1376685
680754171, 682203429, 1449258
682328343, 683635200, 1306857
683753372, 685231429, 1478057
685357600, 686710514, 1352914
686831086, 688297943, 1466857
688423886, 689764114, 1340228
689886629, 691336115, 1449486
691461486, 692780114, 1318628
692901600, 694347315, 1445715
694473943, 695814400, 1340457
695935314, 697400686, 1465372
697527657, 698818857, 1291200
698939771, 700395886, 1456115
700521829, 701814286, 1292457
701935657, 703394286, 1458629
703520800, 704816114, 1295314
704937714, 706394972, 1457258
706521029, 707840686, 1319657
707962286, 709422172, 1459886
709548457, 710828114, 1279657
710948229, 712412457, 1464228
712538857, 713836914, 1298057
713959086, 715412915, 1453829
715539200, 716824686, 1285486
716945371, 718424686, 1479315
718551200, 719831543, 1280343
719952686, 721416343, 1463657
721542172, 722827314, 1285142
722948114, 724399657, 1451543
724525714, 725820229, 1294515
725941714, 727402972, 1461258
727528572, 728817143, 1288571
728938514, 730399429, 1460915
730525257, 731812457, 1287200
731932686, 733396915, 1464229
733523200, 734818286, 1295086
734940571, 736394057, 1453486
736521486, 737818857, 1297371
737940914, 739400229, 1459315
739525257, 740815771, 1290514
740936914, 742403086, 1466172
742529029, 743822971, 1293942
743944343, 745400915, 1456572
745526629, 746820914, 1294285
746942286, 748391200, 1448914
748518629, 749817943, 1299314
749939657, 751400343, 1460686
751526743, 752822629, 1295886
752944114, 754409257, 1465143
754534514, 755819771, 1285257
755941257, 757393600, 1452343
757519772, 758824914, 1305142
758952800, 760436572, 1483772
760561257, 761876229, 1314972
761997257, 763527200, 1529943
763650400, 764928457, 1278057
765202858, 766528686, 1325828
766653029, 767941600, 1288571
768214858, 769543314, 1328456
769666629, 770963771, 1297142
771232458, 772616000, 1383542
772735429, 774230172, 1494743
774354172, 775753372, 1399200
775873829, 777330743, 1456914
777455657, 778794400, 1338743
778914857, 780389029, 1474172
780514172, 781821943, 1307771
781943429, 783419657, 1476228
783545714, 784826400, 1280686
784946971, 786418629, 1471658
786543886, 787842971, 1299085
787964800, 789419429, 1454629
789545143, 790838400, 1293257
790960343, 792420800, 1460457
792545714, 793828114, 1282400
793948457, 795420000, 1471543
795544800, 796855200, 1310400
796974171, 798486857, 1512686
798612229, 799891657, 1279428
800164686, 801481715, 1317029
801607086, 802880229, 1273143
803158400, 804469029, 1310629
804593486, 805868686, 1275200
805988114, 807442743, 1454629
807567429, 808847657, 1280228
808967314, 810425715, 1458401
810551429, 811832229, 1280800
811951657, 813418515, 1466858
813542857, 814832914, 1290057
814951771, 816417486, 1465715
816542172, 817846057, 1303885
817968000, 819437943, 1469943
819562514, 820857486, 1294972
820978629, 822427657, 1449028
822552800, 823830400, 1277600
823949943, 825416800, 1466857
825542514, 826833257, 1290743
826952914, 828412686, 1459772
828538743, 829837600, 1298857
829958286, 831422400, 1464114
831546857, 832846514, 1299657
832966514, 834420229, 1453715
834545714, 835843314, 1297600
835964000, 837414057, 1450057
837539200, 838836457, 1297257
838957829, 840422286, 1464457
840547429, 841836800, 1289371
841956571, 843422972, 1466401
843548800, 844835771, 1286971
844955886, 846675772, 1719886
846798057, 848299772, 1501715
848423772, 849781829, 1358057
849902971, 851364572, 1461601
851489372, 852789371, 1299999
852910171, 854419429, 1509258
854544229, 855835886, 1291657
855955200, 857426629, 1471429
857551772, 858852800, 1301028
858973143, 860425829, 1452686
860551314, 861868800, 1317486
861988914, 863451086, 1462172
863576800, 864855657, 1278857
864976571, 866435543, 1458972
866561143, 867858514, 1297371
867979200, 869434515, 1455315
869560686, 870856914, 1296228
870978857, 872446629, 1467772
872572000, 873873257, 1301257
873993029, 875467772, 1474743
875592686, 876886971, 1294285
877007886, 878475086, 1467200
878601143, 879875886, 1274743
879996686, 881479886, 1483200
881606172, 882884000, 1277828
883153600, 884491086, 1337486
885350857, 886784343, 1433486
886906286, 888368115, 1461829
888493029, 889791429, 1298400
889912343, 891392343, 1480000
891517029, 892825371, 1308342
892947771, 894900800, 1953029
895193372, 896582286, 1388914
896707086, 898429257, 1722171
898558057, 899860000, 1301943
899980457, 901448457, 1468000
901573257, 902848114, 1274857
902967429, 904428457, 1461028
904553372, 905859086, 1305714
905978400, 907447772, 1469372
907573714, 908911314, 1337600
909032457, 910522057, 1489600
910645486, 911929829, 1284343
912204458, 913539429, 1334971
913663543, 914965371, 1301828
915236000, 916577486, 1341486
916700686, 917997714, 1297028
918270286, 919612343, 1342057
919731657, 921172572, 1440915
921297257, 922610514, 1313257
922729143, 924180115, 1450972
924305029, 925619429, 1314400
925739314, 927226858, 1487544
927350629, 928668343, 1317714
928786857, 930268800, 1481943
930393257, 931753143, 1359886
931876114, 933326972, 1450858
933451657, 934800571, 1348914
934920686, 936385943, 1465257
936510514, 937816114, 1305600
937937714, 939405943, 1468229
939530400, 940829486, 1299086
940950743, 942419543, 1468800
942544000, 943828229, 1284229
943948114, 945412115, 1464001
945537829, 946840571, 1302742
946961829, 948417600, 1455771
948542857, 949838743, 1295886
949960229, 951417257, 1457028
951541829, 952853943, 1312114
952980229, 954447086, 1466857
954571886, 955879771, 1307885
956151315, 957477143, 1325828
957601143, 958872000, 1270857
959145029, 960462972, 1317943
960587772, 961877829, 1290057
961997829, 963461029, 1463200
963585714, 964881143, 1295429
964999657, 966473943, 1474286
966598857, 967871314, 1272457
967990286, 969458400, 1468114
969583429, 970869486, 1286057
971144686, 972464800, 1320114
972589943, 973881257, 1291314
974001029, 975478172, 1477143
975601943, 976877600, 1275657
977144800, 977884571, 739771
978000229, 980257715, 2257486
980386972, 981743657, 1356685
981864800, 983313486, 1448686
983437829, 984815886, 1378057
984937943, 986403086, 1465143
986529372, 987823657, 1294285
987945371, 989417143, 1471772
989542286, 990833829, 1291543
990955657, 992406629, 1450972
992532457, 993821829, 1289372
993943200, 995413600, 1470400
995539657, 996816343, 1276686
996936571, 998381143, 1444572
998507314, 999802857, 1295543
999924114, 1402629, -998521485
1530972, 2818857, 1287885
2939200, 4397372, 1458172
4522857, 5819086, 1296229
5939200, 7384457, 1445257
7509600, 8804686, 1295086
8925143, 10396229, 1471086
10521257, 11818171, 1296914
11938971, 13403772, 1464801
13529029, 14820343, 1291314
14941143, 16739429, 1798286
16872914, 18389257, 1516343
18515200, 19813943, 1298743
19934286, 21393257, 1458971
21518629, 22810743, 1292114
22932343, 24384915, 1452572
24510400, 25805371, 1294971
25926400, 27375772, 1449372
27501372, 28792571, 1291199
28912800, 30386057, 1473257
30512572, 31805143, 1292571
31926286, 33375315, 1449029
33500800, 34800914, 1300114
34921371, 36374400, 1453029
36500114, 37791771, 1291657
37912343, 39382629, 1470286
39507086, 40792571, 1285485
40913600, 42373829, 1460229
42500114, 43794743, 1294629
43915543, 45370629, 1455086
45495886, 46800800, 1304914
46921486, 48980114, 2058628
49278172, 50698629, 1420457
50819429, 52291429, 1472000
52416343, 53767200, 1350857
53886971, 55392457, 1505486
55517600, 56852686, 1335086
56973371, 58466857, 1493486
58590857, 59913943, 1323086
60193143, 61536457, 1343314
61659200, 62990971, 1331771
63260800, 64581714, 1320914
64703772, 65996571, 1292799
66264572, 67639200, 1374628
67757143, 69237258, 1480115
69361486, 70704457, 1342971
70824686, 72285829, 1461143
72409600, 73750400, 1340800
73871314, 75318286, 1446972
75443886, 76772914, 1329028
76892914, 78347657, 1454743
78474972, 79809143, 1334171
79930857, 81407200, 1476343
81533943, 82828457, 1294514
82950286, 84414515, 1464229
84540914, 85849714, 1308800
85970857, 87440000, 1469143
87564686, 88852343, 1287657
88972457, 90430972, 1458515
90556229, 91832457, 1276228
91953029, 93417143, 1464114
93543886, 94871771, 1327885
94992343, 99926171, 4933828
100250286, 101658857, 1408571
101780457, 103314629, 1534172
103441829, 104808343, 1366514
105654514, 107278057, 1623543
107405257, 108752914, 1347657
108874629, 110319886, 1445257
110443886, 111790971, 1347085
111912000, 113373257, 1461257
113499657, 114796457, 1296800
114917943, 116384115, 1466172
116510400, 117799314, 1288914
117921143, 119365257, 1444114
119490743, 120798286, 1307543
120919314, 122377143, 1457829
122503543, 123797829, 1294286
123919314, 125387657, 1468343
125513943, 126810400, 1296457
126931886, 128412229, 1480343
128539086, 129813829, 1274743
129934743, 131399200, 1464457
131525600, 132817600, 1292000
132939657, 134405486, 1465829
134530857, 135828229, 1297372
135949829, 137409486, 1459657
137535886, 138811771, 1275885
138932457, 140389600, 1457143
140515543, 141798857, 1283314
141919314, 143387086, 1467772
143513715, 144804571, 1290856
144926743, 146391772, 1465029
146518629, 147814057, 1295428
147935657, 149414857, 1479200
149541257, 150836457, 1295200
150956000, 152408915, 1452915
152534743, 153823086, 1288343
153944571, 155409143, 1464572
155534743, 156816343, 1281600
156936343, 158401029, 1464686
158527429, 159834400, 1306971
159955086, 161411429, 1456343
161536686, 162877371, 1340685
162998400, 164465257, 1466857
164591086, 165862629, 1271543
165982743, 167466515, 1483772
167591657, 168865143, 1273486
168985143, 170439200, 1454057
170563886, 171846743, 1282857
171967886, 173421372, 1453486
173546743, 174834286, 1287543
174955429, 176425943, 1470514
176553029, 177826286, 1273257
177947543, 179418286, 1470743
179544457, 180849257, 1304800
180970857, 182474857, 1504000
182600114, 183873029, 1272915
184146972, 185466515, 1319543
185592000, 186856343, 1264343
186977029, 188439429, 1462400
188564686, 189830857, 1266171
189951086, 191406515, 1455429
191532686, 192814400, 1281714
192935886, 194400686, 1464800
194525372, 195813829, 1288457
195935771, 197412000, 1476229
197538857, 198812800, 1273943
198933143, 200412572, 1479429
200537829, 201826400, 1288571
201947314, 203405715, 1458401
203531314, 204824571, 1293257
204946286, 206412000, 1465714
206537943, 207827086, 1289143
207947771, 209419657, 1471886
209546057, 210846171, 1300114
210974857, 212460800, 1485943
212586057, 213851200, 1265143
213971086, 215436915, 1465829
215561486, 216850171, 1288685
216971086, 218427429, 1456343
218553486, 219864114, 1310628
219985257, 221448572, 1463315
221573486, 222839429, 1265943
222959314, 224417829, 1458515
224544114, 225854857, 1310743
225976000, 227433600, 1457600
227559886, 228886171, 1326285
229006400, 230459772, 1453372
230584686, 231851200, 1266514
231971543, 233430629, 1459086
233555772, 234850514, 1294742
234970971, 236421600, 1450629
236547200, 237836114, 1288914
237957257, 239412686, 1455429
239538514, 240838286, 1299772
240960343, 242416457, 1456114
242542057, 243831314, 1289257
243953257, 245416800, 1463543
245543314, 246838171, 1294857
246958514, 248416343, 1457829
248543429, 249837257, 1293828
249959086, 251417029, 1457943
251542972, 252849486, 1306514
252970171, 254425257, 1455086
254551200, 255848457, 1297257
255968457, 257424115, 1455658
257549372, 258835886, 1286514
258957600, 260410172, 1452572
260536000, 261824000, 1288000
261945486, 263437715, 1492229
263564114, 264841600, 1277486
264961257, 266430515, 1469258
266556000, 267829371, 1273371
267949371, 269409029, 1459658
269534400, 270819314, 1284914
270940571, 272400686, 1460115
272528343, 273818629, 1290286
273940000, 275400915, 1460915
275527314, 276814857, 1287543
276937029, 278396572, 1459543
278523200, 279820914, 1297714
279943429, 281406057, 1462628
281532457, 282936800, 1404343
283216458, 284554972, 1338514
284679086, 285949029, 1269943
286217143, 287526629, 1309486
287650514, 288940686, 1290172
289220115, 290541829, 1321714
290666400, 291952457, 1286057
292226058, 293542743, 1316685
293666972, 294947543, 1280571
295220000, 296540000, 1320000
296664343, 297935771, 1271428
298208800, 299584572, 1375772
299705257, 301141486, 1436229
301270400, 302581143, 1310743
302705257, 303990743, 1285486
304258857, 305576343, 1317486
305699772, 306986286, 1286514
307254058, 308582629, 1328571
308702743, 309994971, 1292228
310267315, 311597943, 1330628
312495314, 313954971, 1459657
314233715, 315613714, 1379999
315733600, 317166972, 1433372
317292115, 318605600, 1313485
318725143, 319997714, 1272571
320266057, 321597372, 1331315
321717257, 323139658, 1422401
323266972, 324596800, 1329828
324719657, 326005371, 1285714
326273143, 327588343, 1315200
327710857, 328993486, 1282629
329262743, 330593486, 1330743
330713143, 331998514, 1285371
332268686, 333583314, 1314628
333707086, 334991428, 1284342
335258858, 336574286, 1315428
336694286, 338411200, 1716914
338542743, 339421829, 879086
339546857, 341742743, 2195886
341862629, 343334515, 1471886
343459200, 344802629, 1343429
344922971, 346383886, 1460915
346508686, 347854743, 1346057
347975429, 349434629, 1459200
349559543, 350848457, 1288914
350968457, 352432800, 1464343
352557372, 353843886, 1286514
353964571, 355412343, 1447772
355538514, 356853714, 1315200
356974286, 358479200, 1504914
358603543, 359900000, 1296457
360167200, 361494743, 1327543
361619314, 362895886, 1276572
363162400, 364481829, 1319429
364606057, 365897714, 1291657
366175200, 367495429, 1320229
367620343, 368890286, 1269943
369174515, 370519772, 1345257
370643657, 371926171, 1282514
372204115, 373547086, 1342971
373669829, 374961257, 1291428
375236800, 376554857, 1318057
376679200, 377966514, 1287314
378237943, 379580686, 1342743
379700914, 381001828, 1300914
381266286, 382592686, 1326400
382711657, 384000457, 1288800
384268800, 385595886, 1327086
385718172, 387378400, 1660228
387504572, 388812571, 1307999
388932800, 390405943, 1473143
390530972, 391830629, 1299657
391951886, 393405372, 1453486
393530514, 394842629, 1312115
394963543, 396427086, 1463543
396552686, 397851543, 1298857
397971086, 399426515, 1455429
399552229, 400861257, 1309028
400982286, 402440115, 1457829
402565372, 403866629, 1301257
403985600, 405449143, 1463543
405574400, 406849257, 1274857
406968343, 408421600, 1453257
408546972, 409860000, 1313028
409980114, 411435200, 1455086
411559543, 412862514, 1302971
412981600, 414454972, 1473372
414579429, 415878971, 1299542
415998971, 417819543, 1820572
417940343, 419404572, 1464229
419530286, 420866400, 1336114
420985714, 422453486, 1467772
422578172, 423854629, 1276457
423973829, 425477829, 1504000
425602286, 426898514, 1296228
427174629, 428500457, 1325828
428624572, 429899429, 1274857
430183543, 431504800, 1321257
431629143, 432937486, 1308343
433217943, 434567657, 1349714
434689943, 435984914, 1294971
436258057, 437599886, 1341829
437720114, 439005943, 1285829
439271315, 440589943, 1318628
440710057, 441996686, 1286629
442266400, 443584000, 1317600
443703772, 444999771, 1295999
445260572, 446585486, 1324914
446705257, 447998171, 1292914
448265029, 449597257, 1332228
449716800, 451010514, 1293714
451272915, 452589143, 1316228
452708457, 453994514, 1286057
454258172, 455604686, 1346514
455723200, 457016000, 1292800
457279315, 458595772, 1316457
458714972, 460140800, 1425828
460267086, 461593029, 1325943
461715543, 463003886, 1288343
463265829, 464603200, 1337371
464722172, 466242058, 1519886
466367200, 467775429, 1408229
467895886, 469368457, 1472571
469493943, 470797600, 1303657
470919429, 472377257, 1457828
472501829, 473801486, 1299657
473922057, 475387543, 1465486
475512572, 476816457, 1303885
476938629, 478414743, 1476114
478539200, 479834171, 1294971
479954400, 481412000, 1457600
481537486, 482855657, 1318171
482976229, 484437029, 1460800
484562286, 485865029, 1302743
485984229, 487459543, 1475314
487584114, 488858629, 1274515
488978057, 490483657, 1505600
490607657, 491912571, 1304914
492190629, 493520000, 1329371
493643200, 494936000, 1292800
495213258, 496556572, 1343314
496679772, 498393029, 1713257
498521486, 499843314, 1321828
499963086, 501428800, 1465714
501555429, 502863086, 1307657
502983886, 504457715, 1473829
504583543, 505857600, 1274057
505977714, 507473143, 1495429
507602057, 508883086, 1281029
509153600, 510480572, 1326972
510605829, 511881829, 1276000
512159658, 513487657, 1327999
513612800, 514887086, 1274286
515007428, 516487429, 1480001
516613029, 517889829, 1276800
518158858, 519482857, 1323999
520323543, 521794514, 1470971
521917600, 523392229, 1474629
523517715, 524838629, 1320914
524958629, 526437143, 1478514
526561943, 527852000, 1290057
527971086, 529480800, 1509714
529606057, 530883429, 1277372
531153715, 532486400, 1332685
532612000, 533894743, 1282743
534172686, 535504000, 1331314
535628686, 536929486, 1300800
537204800, 538546743, 1341943
538670286, 539954400, 1284114
540223886, 541608800, 1384914
541728114, 543220229, 1492115
543344115, 544737943, 1393828
544858629, 546320343, 1461714
546444915, 547799886, 1354971
547920343, 549396343, 1476000
549521143, 550819886, 1298743
550940686, 552411772, 1471086
552536000, 553859771, 1323771
553980000, 555456572, 1476572
555581257, 556863886, 1282629
556983314, 558448000, 1464686
558572457, 559897943, 1325486
560180800, 561514400, 1333600
561637943, 562930971, 1293028
563211772, 564532914, 1321142
564656457, 565950629, 1294172
566221715, 567562286, 1340571
567686857, 568988800, 1301943
569254286, 570597257, 1342971
570717143, 572000000, 1282857
572265486, 573585486, 1320000
573704800, 574999543, 1294743
575264457, 576592800, 1328343
576712114, 578176115, 1464001
578303772, 579615429, 1311657
579734286, 581179429, 1445143
581304572, 582617943, 1313371
582736229, 584225486, 1489257
584349600, 585716343, 1366743
585836571, 587280229, 1443658
587404115, 588749486, 1345371
588869943, 590322972, 1453029
590447200, 591761943, 1314743
591882857, 593329943, 1447086
593455772, 594791886, 1336114
594912457, 596394400, 1481943
596519429, 597820229, 1300800
597941371, 599405029, 1463658
599529600, 600825257, 1295657
600945600, 602412457, 1466857
602538172, 603936229, 1398057
604206743, 605537714, 1330971
605663314, 606936000, 1272686
607211429, 608545029, 1333600
608669143, 609940914, 1271771
610213372, 611553372, 1340000
611677257, 612965486, 1288229
613239200, 614572686, 1333486
614695200, 615987314, 1292114
616258400, 617576457, 1318057
617700686, 618981143, 1280457
619264915, 620596000, 1331085
620716000, 621991771, 1275771
622257486, 623572800, 1315314
623695200, 624989714, 1294514
625262629, 626577372, 1314743
626700800, 628134972, 1434172
628262515, 629572686, 1310171
629697029, 630983657, 1286628
631253600, 632574400, 1320800
632697372, 633984343, 1286971
634256343, 635587886, 1331543
635711314, 636994057, 1282743
637261258, 638577829, 1316571
638700343, 639989943, 1289600
640257715, 641584914, 1327199
641704457, 642984000, 1279543
643250629, 644564343, 1313714
644687429, 645960229, 1272800
646237258, 647548800, 1311542
647672114, 648968229, 1296115
649238172, 650552457, 1314285
650676229, 651966743, 1290514
652237372, 653559429, 1322057
653682857, 654963429, 1280572
655238629, 656567772, 1329143
656691543, 658001257, 1309714
658267543, 659872686, 1605143
659996571, 661474629, 1478058
661598972, 662871657, 1272685
663151429, 664473029, 1321600
664598857, 665899200, 1300343
666181715, 667497143, 1315428
667621600, 668887657, 1266057
669157829, 670497600, 1339771
670625143, 671904343, 1279200
672174058, 673500800, 1326742
673626857, 674899086, 1272229
675168343, 676488572, 1320229
676614172, 677887086, 1272914
678154400, 679482857, 1328457
679608000, 680894743, 1286743
681176686, 682518400, 1341714
682644914, 683912686, 1267772
684191315, 685529600, 1338285
685654972, 686925829, 1270857
687202515, 688519200, 1316685
688642972, 689942400, 1299428
690224686, 691546286, 1321600
691670286, 692943657, 1273371
693221029, 694552114, 1331085
694676000, 695947543, 1271543
696217029, 697596343, 1379314
697716686, 699146629, 1429943
699274400, 700589257, 1314857
700708229, 701570286, 862057
702251886, 703646514, 1394628
703765257, 705250058, 1484801
705375315, 706720229, 1344914
706841029, 708343429, 1502400
708469143, 709837143, 1368000
709959086, 711424000, 1464914
711550857, 712843657, 1292800
712964229, 714433715, 1469486
714560343, 715860800, 1300457
715983200, 717471200, 1488000
717598743, 718877486, 1278743
719159772, 720485257, 1325485
720610743, 721881600, 1270857
722002171, 723499772, 1497601
723627657, 724898514, 1270857
725178400, 726500457, 1322057
726626057, 727890057, 1264000
728715429, 730304229, 1588800
730430515, 731781029, 1350514
731904343, 733395315, 1490972
733521715, 734924800, 1403085
735204800, 736542172, 1337372
736665372, 737940800, 1275428
738210858, 739552686, 1341828
739677143, 740948686, 1271543
741248000, 742575200, 1327200
742698400, 744394400, 1696000
744524000, 745817371, 1293371
745937714, 747397600, 1459886
747524343, 748842057, 1317714
748962629, 750422172, 1459543
750547657, 751830971, 1283314
751951314, 753413715, 1462401
753540343, 754880800, 1340457
755001943, 756458972, 1457029
756584114, 757856343, 1272229
757976571, 759441715, 1465144
759567086, 760838171, 1271085
760959771, 762417257, 1457486
762543429, 763858400, 1314971
763979771, 765427772, 1448001
765553143, 766858286, 1305143
766980000, 768434172, 1454172
768560229, 769828800, 1268571
769949029, 771407429, 1458400
771533943, 772835543, 1301600
772956571, 774411200, 1454629
774536800, 775829943, 1293143
775960000, 777432115, 1472115
777558057, 778832000, 1273943
778952229, 780417486, 1465257
780544229, 781830400, 1286171
781950171, 783407315, 1457144
783533829, 784821257, 1287428
784942514, 786399543, 1457029
786525600, 787822400, 1296800
787944686, 789408457, 1463771
789534972, 790830171, 1295199
790951771, 792417715, 1465944
792544000, 793834171, 1290171
793955543, 795416572, 1461029
795541714, 796843086, 1301372
796964571, 798425486, 1460915
798551772, 799850400, 1298628
799970171, 801426972, 1456801
801552800, 802842286, 1289486
802964000, 804413372, 1449372
804539886, 805834971, 1295085
805957029, 807419772, 1462743
807545714, 808825829, 1280115
808946400, 810402400, 1456000
810528686, 811837029, 1308343
811958171, 813411429, 1453258
813537143, 814839771, 1302628
814960800, 816423772, 1462972
816549486, 817854857, 1305371
817976114, 819434629, 1458515
819559772, 820830743, 1270971
820950286, 822406400, 1456114
822533486, 823825486, 1292000
823947543, 825403657, 1456114
825529714, 826825600, 1295886
826946514, 828463086, 1516572
828593372, 830276915, 1683543
830406057, 831758972, 1352915
831880229, 833332229, 1452000
833458172, 834779771, 1321599
834901486, 836372572, 1471086
836498400, 837791429, 1293029
837912914, 839389600, 1476686
839515200, 840798514, 1283314
840919314, 842402057, 1482743
842527429, 843815886, 1288457
843937257, 845390400, 1453143
845516343, 846806057, 1289714
846927200, 848381257, 1454057
848507657, 849804457, 1296800
849925829, 851393029, 1467200
851520000, 852861029, 1341029
852983086, 854453715, 1470629
854578286, 855853143, 1274857
855973943, 857423086, 1449143
857549714, 858858514, 1308800
858979429, 860432229, 1452800
860557029, 861834743, 1277714
861956571, 863408572, 1452001
863535543, 864821714, 1286171
864943429, 866397372, 1453943
866524229, 867802971, 1278742
867924114, 869390972, 1466858
869517029, 870808571, 1291542
870929943, 872392229, 1462286
872518514, 873805257, 1286743
873927200, 875628229, 1701029
875751429, 877221372, 1469943
877346286, 878658972, 1312686
878776800, 880252229, 1475429
880377143, 881710629, 1333486
881832114, 883279886, 1447772
883405600, 884272686, 867086
884395772, 891004914, 6609142
891282285, 892717943, 1435658
892838286, 894284572, 1446286
894408686, 895747200, 1338514
895867200, 897313943, 1446743
897437829, 898781372, 1343543
898901029, 900370743, 1469714
900495429, 901793371, 1297942
901913486, 903402286, 1488800
903526857, 904866514, 1339657
904985486, 906451315, 1465829
906575543, 907864914, 1289371
907984000, 909451200, 1467200
909575429, 910867543, 1292114
910988229, 912442857, 1454628
912567657, 913857943, 1290286
913978171, 915470743, 1492572
915594972, 916878400, 1283428
916997486, 918490972, 1493486
918617486, 919912914, 1295428
920033371, 921525943, 1492572
921650286, 923347200, 1696914
923477143, 924794400, 1317257
924917257, 926380229, 1462972
926505829, 927805714, 1299885
927927886, 929404343, 1476457
929529600, 930849029, 1319429
930970400, 932437029, 1466629
932563200, 933844800, 1281600
933964686, 935424229, 1459543
935550172, 936846171, 1295999
936968457, 938448000, 1479543
938573486, 939863429, 1289943
939984571, 941461715, 1477144
942328343, 943787771, 1459428
943909371, 945418629, 1509258
945545829, 946836000, 1290171
946955543, 948419543, 1464000
948545257, 949864914, 1319657
949985714, 951443543, 1457829
951568114, 952846857, 1278743
952966629, 954429372, 1462743
954553829, 955837943, 1284114
955957257, 957418172, 1460915
957542857, 958844229, 1301372
958965257, 960421143, 1455886
960547772, 961844000, 1296228
961965600, 963425600, 1460000
963550629, 964852000, 1301371
964972114, 966431315, 1459201
966557600, 967841829, 1284229
967961714, 969424343, 1462629
969549714, 970858057, 1308343
970979200, 972440572, 1461372
972565486, 973856800, 1291314
973976571, 975460000, 1483429
975584343, 976863886, 1279543
976982857, 978453257, 1470400
978578857, 979863086, 1284229
979982400, 981440457, 1458057
981564800, 982844000, 1279200
982963200, 984426057, 1462857
984550743, 985833029, 1282286
985952343, 987414629, 1462286
987539657, 988839657, 1300000
988960914, 990429143, 1468229
990554629, 991840686, 1286057
991960914, 993428000, 1467086
993553372, 994862629, 1309257
994981486, 996450172, 1468686
996575200, 997856457, 1281257
997975886, 999434515, 1458629
999559657, 858857, -998700800
981714, 2441486, 1459772
2564572, 3845600, 1281028
3963543, 5475200, 1511657
5598172, 6875771, 1277599
6993029, 8453486, 1460457
8576229, 9855086, 1278857
9973029, 11437829, 1464800
11561372, 12849029, 1287657
12968343, 14426629, 1458286
14551314, 15840914, 1289600
15960457, 17769257, 1808800
17904800, 19406057, 1501257
19530743, 20844114, 1313371
20963543, 22419657, 1456114
22544229, 23839200, 1294971
23960457, 25429486, 1469029
25554514, 26840229, 1285715
26959200, 28423543, 1464343
28547314, 29835657, 1288343
29954286, 31422400, 1468114
31545943, 32838629, 1292686
32956343, 34409029, 1452686
34533029, 35403200, 870171
35526400, 38981371, 3454971
39257371, 40583771, 1326400
40706056, 41977142, 1271086
42245828, 43630971, 1385143
43748456, 45212685, 1464229
45336799, 46716685, 1379886
46836914, 48902742, 2065828
49190171, 50537257, 1347086
50660571, 51954856, 1294285
52227999, 53605028, 1377029
53724571, 55207999, 1483428
55331999, 56711199, 1379200
56831542, 58291657, 1460115
58416342, 59767542, 1351200
59888685, 61348114, 1459429
61474628, 62817256, 1342628
62938285, 64431771, 1493486
64556114, 65875199, 1319085
65994856, 67447999, 1453143
67573371, 68845485, 1272114
68965828, 70465942, 1500114
70590285, 71874399, 1284114
71994171, 73462057, 1467886
73586628, 74870171, 1283543
74990856, 76458285, 1467429
76582171, 77868571, 1286400
77988342, 79445942, 1457600
79571199, 80858399, 1287200
