
Start_ns, stop_ns,  spent_ns
52417715, 53977027, 1559312
54255427, 55615084, 1359657
55736913, 57250172, 1513259
57375772, 58733600, 1357828
58855543, 60331886, 1476343
60457029, 61828571, 1371542
61950629, 63443086, 1492457
63568914, 64876229, 1307315
65146629, 66501715, 1355086
66626857, 67925600, 1298743
68203200, 69558057, 1354857
69681829, 70978971, 1297142
71250172, 72614400, 1364228
72736457, 74189258, 1452801
74317029, 75674857, 1357828
75795200, 77298286, 1503086
77423886, 78789943, 1366057
78912457, 80399086, 1486629
80525029, 81839771, 1314742
81962629, 83436115, 1473486
83561029, 84870629, 1309600
84992800, 86484915, 1492115
86610057, 87906743, 1296686
88189258, 89550743, 1361485
89674857, 90975429, 1300572
91244572, 92581257, 1336685
92703429, 94427772, 1724343
94555429, 95877714, 1322285
96000228, 97499772, 1499544
97625829, 98916800, 1290971
99199886, 100558400, 1358514
100682857, 102193143, 1510286
102319315, 103649257, 1329942
103770400, 105272686, 1502286
105399772, 106760343, 1360571
106882400, 108358515, 1476115
108484229, 109807429, 1323200
109930857, 111424000, 1493143
111551657, 112872000, 1320343
112994514, 114485029, 1490515
114610400, 115908343, 1297943
116194629, 117547657, 1353028
117673143, 118975200, 1302057
119246172, 120586972, 1340800
120709143, 122020686, 1311543
122290400, 123204000, 913600
123745943, 124706057, 960114
124827429, 127474857, 2647428
127605257, 128923429, 1318172
129206058, 130619886, 1413828
130742172, 132211315, 1469143
132337600, 133682857, 1345257
133805257, 135314400, 1509143
135441372, 136843429, 1402057
136965943, 138446172, 1480229
138573372, 139904000, 1330628
140187886, 141544457, 1356571
141668114, 143175772, 1507658
143305257, 144735314, 1430057
144857600, 146345143, 1487543
146471315, 147829029, 1357714
147951086, 149443429, 1492343
149569372, 150942171, 1372799
151223429, 152586743, 1363314
152710857, 154189372, 1478515
154315429, 155723200, 1407771
155845943, 157326515, 1480572
157452686, 158852914, 1400228
158975771, 160460915, 1485144
160586743, 161902743, 1316000
162189715, 163592000, 1402285
163716000, 165183200, 1467200
165310743, 166718514, 1407771
166841371, 168330629, 1489258
168456686, 169784000, 1327314
169905943, 171416457, 1510514
171543772, 172877257, 1333485
172999771, 174497829, 1498058
174623543, 175934971, 1311428
176214400, 177580000, 1365600
177704343, 179166858, 1462515
179294972, 180629486, 1334514
180752000, 182259658, 1507658
182386400, 183740800, 1354400
183862857, 185348572, 1485715
185476572, 186819657, 1343085
186942171, 188441829, 1499658
188569943, 189897257, 1327314
190019886, 191526629, 1506743
191652457, 193168115, 1515658
193297600, 194653943, 1356343
194775429, 196289257, 1513828
196415086, 197818057, 1402971
197940114, 199426972, 1486858
199553714, 200932571, 1378857
201212229, 202557257, 1345028
202681714, 203999086, 1317372
204294629, 205744800, 1450171
205867886, 207353372, 1485486
207480000, 208815314, 1335314
208938400, 210427086, 1488686
210553829, 211932000, 1378171
212207086, 213562972, 1355886
213687200, 215170858, 1483658
215297486, 216631200, 1333714
216753943, 218272572, 1518629
218398286, 219788914, 1390628
219911086, 221405600, 1494514
221532457, 222844800, 1312343
222968457, 224446286, 1477829
224572114, 225878057, 1305943
226001714, 227496229, 1494515
227622972, 228926171, 1303199
229201143, 230596457, 1395314
230720686, 232172115, 1451429
232300115, 233721143, 1421028
233844000, 235334400, 1490400
235461143, 236826286, 1365143
236948343, 238449029, 1500686
238574400, 239878286, 1303886
240001028, 241493829, 1492801
241618857, 242924571, 1305714
243202858, 244547086, 1344228
244674172, 245980000, 1305828
246254972, 247594172, 1339200
247718972, 249186858, 1467886
249315086, 250740343, 1425257
250863771, 252355315, 1491544
252483086, 253811200, 1328114
253934629, 255425486, 1490857
255552457, 256928457, 1376000
257210286, 258553714, 1343428
258678743, 260014171, 1335428
260284000, 261625372, 1341372
261748914, 263271657, 1522743
263398057, 264780343, 1382286
264903543, 266406515, 1502972
266534172, 267896571, 1362399
268751657, 270351315, 1599658
270479543, 271809714, 1330171
271932000, 273421600, 1489600
273548914, 274899429, 1350515
275175200, 276515429, 1340229
276641029, 277946057, 1305028
278229372, 279595886, 1366514
279718400, 281176229, 1457829
281305829, 282663314, 1357485
282785143, 284302400, 1517257
284428229, 285795429, 1367200
285918286, 287427429, 1509143
287555086, 288937143, 1382057
289220115, 290585943, 1365828
290710057, 292166058, 1456001
292293943, 293642743, 1348800
293765029, 295281372, 1516343
295407429, 296819771, 1412342
296942057, 298696686, 1754629
298818971, 300328000, 1509029
300454515, 301856343, 1401828
301978629, 303470972, 1492343
303599657, 304545486, 945829
304668229, 314385828, 9717599
314517257, 315916000, 1398743
316200115, 317609943, 1409828
317732000, 319255658, 1523658
319381372, 320740114, 1358742
320863314, 322349715, 1486401
322476000, 323809829, 1333829
323932800, 325421600, 1488800
325548800, 326874971, 1326171
326996914, 328482629, 1485715
328607886, 329913486, 1305600
330195772, 331544114, 1348342
331669143, 332979086, 1309943
333247886, 334606286, 1358400
334730857, 336247772, 1516915
336374515, 337754400, 1379885
337877029, 339369600, 1492571
339496115, 340824343, 1328228
340948000, 342438057, 1490057
342564914, 343891429, 1326515
344180915, 345523086, 1342171
345649714, 346947200, 1297486
347219886, 348579314, 1359428
348702857, 350023314, 1320457
350296000, 351646057, 1350057
351768914, 353274972, 1506058
353402172, 354761486, 1359314
354884000, 356383429, 1499429
356509714, 357836229, 1326515
357959886, 359440115, 1480229
359566972, 360877600, 1310628
361001143, 362491886, 1490743
362616800, 363954514, 1337714
364230172, 365578972, 1348800
365703429, 367169715, 1466286
367299429, 368634857, 1335428
368757257, 370267429, 1510172
370393372, 371750400, 1357028
371872343, 373366286, 1493943
373492343, 374820343, 1328000
374944114, 376432000, 1487886
376558972, 377937486, 1378514
378214972, 379577029, 1362057
379700800, 381162743, 1461943
381290972, 382642514, 1351542
382765486, 384282857, 1517371
384409257, 385806857, 1397600
385929486, 387423200, 1493714
387549943, 388921486, 1371543
389205829, 390558972, 1353143
390683314, 392144115, 1460801
392273257, 393617257, 1344000
393740343, 395256686, 1516343
395383086, 396749371, 1366285
396871314, 398369829, 1498515
398496000, 399823543, 1327543
399947086, 401428115, 1481029
401555086, 402915886, 1360800
403189372, 404546057, 1356685
404670172, 405987886, 1317714
406262286, 407601943, 1339657
407725714, 409243658, 1517944
409369143, 410744343, 1375200
410866057, 412355772, 1489715
412482057, 413802171, 1320114
413924686, 415420800, 1496114
415547314, 416928000, 1380686
417208115, 418609257, 1401142
418732000, 420253486, 1521486
420379543, 421735543, 1356000
421857714, 423341715, 1484001
423467886, 424799314, 1331428
424923657, 426423543, 1499886
426550286, 427865257, 1314971
427988571, 429496115, 1507544
429624914, 430946857, 1321943
431225715, 432628572, 1402857
432751771, 434270057, 1518286
434396229, 435781486, 1385257
435904571, 437413715, 1509144
437540457, 438918629, 1378172
439203429, 440550286, 1346857
440674172, 441985600, 1311428
442256343, 443603657, 1347314
443725943, 445247658, 1521715
445373486, 446753600, 1380114
446876914, 448365029, 1488115
448491543, 449818057, 1326514
449941486, 451417372, 1475886
451543886, 452872000, 1328114
452993371, 454478629, 1485258
454603657, 455928914, 1325257
456211543, 457618743, 1407200
457741829, 459262857, 1521028
459389372, 460822171, 1432799
460945371, 462434172, 1488801
462560686, 463873257, 1312571
463996914, 465471772, 1474858
465596800, 466965257, 1368457
467240115, 468637486, 1397371
468760686, 470277029, 1516343
470403772, 471813829, 1410057
471936914, 473473372, 1536458
473600114, 474974286, 1374172
475249029, 476650057, 1401028
476773029, 478292457, 1519428
478419543, 479834743, 1415200
479958286, 481487657, 1529371
481614057, 482988000, 1373943
483261943, 484166515, 904572
484294857, 486334286, 2039429
486465600, 487851543, 1385943
487975657, 489456800, 1481143
489584114, 490885714, 1301600
491701143, 493342057, 1640914
493470629, 494788914, 1318285
494912000, 496409715, 1497715
496536800, 497912571, 1375771
498196229, 499554629, 1358400
499678972, 501003543, 1324571
501273600, 502605486, 1331886
502728229, 504240800, 1512571
504367086, 505725486, 1358400
505847429, 507335315, 1487886
507462172, 508795886, 1333714
508918971, 510408343, 1489372
510534286, 511854286, 1320000
511977257, 513474400, 1497143
513600000, 514890857, 1290857
515168800, 516509829, 1341029
516635543, 518005257, 1369714
518276343, 519680114, 1403771
519801943, 521299200, 1497257
521426057, 522785600, 1359543
522908229, 524410286, 1502057
524537257, 525853600, 1316343
525976000, 527453715, 1477715
527580000, 528881257, 1301257
529003657, 530485486, 1481829
530611200, 531907543, 1296343
532190972, 533594057, 1403085
533718972, 535166400, 1447428
535296800, 536732229, 1435429
536855429, 538339429, 1484000
538465829, 539797829, 1332000
539920686, 541414515, 1493829
541540914, 542859086, 1318172
542981943, 544470400, 1488457
544596572, 545894629, 1298057
546173143, 547512115, 1338972
547638057, 549004228, 1366171
549276000, 550627886, 1351886
550749714, 552251086, 1501372
552377257, 553757829, 1380572
553881371, 555365943, 1484572
555491657, 556801371, 1309714
556923543, 558413829, 1490286
558540114, 559846286, 1306172
559969371, 561460572, 1491201
561586172, 562885029, 1298857
563157143, 564496000, 1338857
564621829, 565950971, 1329142
566232686, 567591086, 1358400
567716000, 569188800, 1472800
569315543, 570729829, 1414286
570852800, 572324229, 1471429
572451086, 573812800, 1361714
573935886, 575432000, 1496114
575559200, 576853600, 1294400
576976686, 578445715, 1469029
578572229, 579869029, 1296800
579992114, 581466629, 1474515
581592800, 582888114, 1295314
583177600, 584517486, 1339886
584643314, 585932343, 1289029
586225258, 587581486, 1356228
587706743, 589007428, 1300685
589280000, 590640686, 1360686
590762400, 592268686, 1506286
592394286, 593755314, 1361028
593878286, 595374172, 1495886
595501829, 596808914, 1307085
596930857, 598421943, 1491086
598548686, 599904000, 1355314
600180229, 601538514, 1358285
601664457, 602957600, 1293143
603231200, 604584343, 1353143
604708572, 606018857, 1310285
606287657, 607621486, 1333829
607743086, 609244458, 1501372
609371086, 610733257, 1362171
610855886, 612337829, 1481943
612463086, 613817143, 1354057
613940686, 615426857, 1486171
615553029, 616850743, 1297714
616974057, 618454972, 1480915
618581600, 619885029, 1303429
620008229, 621499086, 1490857
621624686, 622921829, 1297143
623201372, 624601143, 1399771
624723429, 626186629, 1463200
626313029, 627640914, 1327885
627761829, 629272343, 1510514
629398172, 630808800, 1410628
630932457, 632450400, 1517943
632575543, 633877257, 1301714
634163543, 635514400, 1350857
635641143, 636531657, 890514
636653143, 638452800, 1799657
638578972, 639893143, 1314171
640016457, 641502172, 1485715
641627772, 643456915, 1829143
643588686, 645341486, 1752800
645470629, 646826171, 1355542
646950171, 648439772, 1489601
648566972, 649882286, 1315314
650005029, 651503315, 1498286
651629257, 652932800, 1303543
653207200, 654607314, 1400114
654731657, 656251429, 1519772
656377143, 657748343, 1371200
657871771, 659343543, 1471772
659471543, 660792914, 1321371
660915886, 662410629, 1494743
662537257, 663841486, 1304229
663964343, 665453943, 1489600
665580457, 666881029, 1300572
667005028, 668501257, 1496229
668626629, 669978971, 1352342
670254172, 671594057, 1339885
671718400, 673239429, 1521029
673365257, 674727429, 1362172
674850514, 676321943, 1471429
676448686, 677804343, 1355657
677926857, 679409600, 1482743
679536800, 680845600, 1308800
680969143, 682456686, 1487543
682584229, 683908571, 1324342
684193715, 685598857, 1405142
685722400, 687192000, 1469600
687321143, 688672800, 1351657
688795429, 690297372, 1501943
690424115, 691832000, 1407885
691955200, 693436229, 1481029
693563086, 694874743, 1311657
694998057, 696484572, 1486515
696611200, 697919086, 1307886
698203886, 699553714, 1349828
699679200, 700992114, 1312914
701263429, 702615772, 1352343
703441143, 704928571, 1487428
705210515, 706554514, 1343999
706680000, 707982743, 1302743
708258286, 709597143, 1338857
709721486, 711232915, 1511429
711358743, 712720114, 1361371
712842286, 714313715, 1471429
714440915, 715795086, 1354171
715917600, 717424343, 1506743
717550972, 718854400, 1303428
718977371, 720456000, 1478629
720581372, 721887771, 1306399
722011314, 723501257, 1489943
723627657, 724944571, 1316914
725223429, 726584000, 1360571
726708114, 728219543, 1511429
728345486, 729742857, 1397371
729865371, 731350515, 1485144
731477257, 732825257, 1348000
732953257, 734507200, 1553943
734633829, 735948914, 1315085
736225372, 737577943, 1352571
737701029, 739020228, 1319199
739290857, 740738743, 1447886
740862514, 742345715, 1483201
742471886, 743804686, 1332800
743927657, 745417486, 1489829
745544229, 746850171, 1305942
746974171, 748445600, 1471429
748572572, 749871771, 1299199
749994629, 751480457, 1485828
751606514, 752907543, 1301029
753191772, 754551543, 1359771
754675886, 756147772, 1471886
756277715, 757621600, 1343885
757743200, 759248915, 1505715
759374743, 760738286, 1363543
760860571, 762345943, 1485372
762473715, 763807543, 1333828
763931657, 765412343, 1480686
765539657, 767268572, 1728915
767397600, 768780343, 1382743
768902743, 770648343, 1745600
770770971, 772294629, 1523658
772421486, 773773486, 1352000
773896114, 775672686, 1776572
775804571, 777306857, 1502286
777433600, 778798857, 1365257
778921486, 780411886, 1490400
780539543, 781864914, 1325371
781988686, 783510972, 1522286
783638514, 785161600, 1523086
785291886, 786725257, 1433371
786848571, 788333372, 1484801
788460229, 789787200, 1326971
789909829, 791408343, 1498514
791535657, 792840686, 1305029
792963429, 794716000, 1752571
794846057, 796325029, 1478972
796452572, 797795657, 1343085
797918514, 799414629, 1496115
799541600, 800845829, 1304229
800969257, 802464800, 1495543
802590972, 803899086, 1308114
804184000, 805541486, 1357486
805668457, 807141943, 1473486
807272572, 808617943, 1345371
808740343, 810193258, 1452915
810321372, 811728343, 1406971
811851314, 813328457, 1477143
813455429, 814787771, 1332342
814910629, 816409943, 1499314
816536572, 817840571, 1303999
817963543, 819433600, 1470057
819560457, 820877143, 1316686
821148915, 822492343, 1343428
822618286, 823916571, 1298285
824461257, 825866971, 1405714
825989486, 827489029, 1499543
827615772, 828922171, 1306399
829207543, 830605943, 1398400
830729372, 832186858, 1457486
832314400, 833662057, 1347657
833784000, 835279772, 1495772
835406972, 836763886, 1356914
836886286, 838388000, 1501714
838514743, 839849829, 1335086
839977257, 841465600, 1488343
841591086, 842894857, 1303771
843018628, 844523772, 1505144
844650972, 845537257, 886285
845658514, 849962742, 4304228
850238971, 851590628, 1351657
851715199, 853191199, 1476000
853317485, 854651885, 1334400
854773485, 856285485, 1512000
856411199, 857774285, 1363086
857896914, 859403657, 1506743
859531428, 860894628, 1363200
861174742, 862574857, 1400115
862698742, 864150628, 1451886
864277942, 865615885, 1337943
865737485, 867254057, 1516572
867379885, 868771085, 1391200
868894056, 870397028, 1502972
870522971, 871851314, 1328343
871973485, 873458628, 1485143
873584571, 874892456, 1307885
875163771, 876500799, 1337028
876625714, 877933256, 1307542
878217714, 879582971, 1365257
879707085, 881017485, 1310400
881285142, 882619314, 1334172
882740571, 884252914, 1512343
884379085, 885728685, 1349600
885851542, 887331199, 1479657
887457028, 888789714, 1332686
888912456, 890411314, 1498858
890538628, 891859885, 1321257
891982628, 893465028, 1482400
893590856, 894905942, 1315086
895189371, 896552799, 1363428
896678742, 898137485, 1458743
898267999, 899612114, 1344115
899734285, 901213828, 1479543
901339999, 902718742, 1378743
902841485, 904313028, 1471543
904439885, 905843199, 1403314
905966399, 907444799, 1478400
907571885, 908878514, 1306629
909002171, 910484342, 1482171
910610628, 911922628, 1312000
912206399, 913542857, 1336458
913669371, 914974742, 1305371
915249142, 916592228, 1343086
916718056, 918194057, 1476001
918320914, 919730628, 1409714
920537485, 921966171, 1428686
922241828, 923589714, 1347886
923713256, 925238399, 1525143
925364799, 926717599, 1352800
926840228, 928314285, 1474057
928439542, 929786742, 1347200
929909942, 931410171, 1500229
931536914, 932871656, 1334742
933145257, 934486628, 1341371
934612114, 935913371, 1301257
936197257, 937557028, 1359771
937681485, 938993714, 1312229
939263999, 940606628, 1342629
940728685, 942247657, 1518972
942373599, 943731542, 1357943
943853599, 945387771, 1534172
945514514, 946837256, 1322742
946960456, 948439428, 1478972
948566171, 949882628, 1316457
950005256, 951490514, 1485258
951616342, 952918399, 1302057
953203199, 954556571, 1353372
954680342, 956000685, 1320343
956274514, 957613028, 1338514
957734856, 959253714, 1518858
959379314, 960744685, 1365371
960867428, 962354514, 1487086
962481028, 963809714, 1328686
963931999, 965420457, 1488458
965546857, 966851085, 1304228
966974514, 968443542, 1469028
968569485, 969875656, 1306171
969998514, 971483542, 1485028
971610056, 972971542, 1361486
973244228, 974595085, 1350857
974717256, 976234857, 1517601
976359771, 977722856, 1363085
977845714, 979320571, 1474857
979446057, 980799542, 1353485
980923656, 982410285, 1486629
982535885, 983892342, 1356457
984015199, 985512914, 1497715
985638856, 986958285, 1319429
987233028, 988582057, 1349029
988705828, 990022971, 1317143
990291885, 991659999, 1368114
991780799, 993282514, 1501715
993409714, 994813028, 1403314
994936114, 996419885, 1483771
996546514, 997903885, 1357371
998179771, 999589142, 1409371
999712914, 1170399, -998542515
1299657, 2717942, 1418285
2839199, 4310742, 1471543
4435314, 5797028, 1361714
5918285, 7416914, 1498629
7542171, 8853599, 1311428
8975314, 10450285, 1474971
10575085, 11895314, 1320229
12172114, 13527314, 1355200
13651199, 14954171, 1302972
15232228, 16578399, 1346171
16701714, 18155771, 1454057
18284685, 19721828, 1437143
19843199, 21357028, 1513829
21482857, 22801942, 1319085
22923656, 24409828, 1486172
24536114, 25437485, 901371
25559428, 31502629, 5943201
31632000, 32961371, 1329371
33235886, 34592229, 1356343
34716114, 36164343, 1448229
36293943, 37725943, 1432000
37847886, 39329715, 1481829
39455429, 40809371, 1353942
40931886, 42488115, 1556229
42614400, 43920343, 1305943
44203200, 45547772, 1344572
45671086, 46977486, 1306400
47251886, 49288229, 2036343
49417372, 50843657, 1426285
50965486, 52450743, 1485257
52577143, 53877943, 1300800
53999771, 55480229, 1480458
55605943, 56916800, 1310857
57204572, 58557600, 1353028
58681714, 59983771, 1302057
60254172, 61600457, 1346285
61722400, 63239658, 1517258
63365143, 64726857, 1361714
64848571, 66328457, 1479886
66454400, 67817486, 1363086
67940114, 69431200, 1491086
69557714, 70858514, 1300800
70980229, 72479429, 1499200
72604572, 73902629, 1298057
74180343, 75537257, 1356914
75663772, 76962971, 1299199
77233372, 78578743, 1345371
78702400, 80220115, 1517715
80346172, 81720229, 1374057
81849371, 83374515, 1525144
83501829, 84846629, 1344800
84967771, 86451315, 1483544
86576686, 87880914, 1304228
88166629, 89521600, 1354971
89646743, 90947086, 1300343
91218743, 92856686, 1637943
92980686, 94474057, 1493371
94599200, 95962971, 1363771
96239543, 97588572, 1349029
97712457, 99227543, 1515086
99354515, 100714400, 1359885
100837257, 102312915, 1475658
102439315, 103785372, 1346057
103908686, 105410515, 1501829
105537372, 106867657, 1330285
106991314, 108467772, 1476458
108593600, 109892800, 1299200
110182629, 111582514, 1399885
111705143, 113203200, 1498057
113331429, 114710972, 1379543
114834057, 116360000, 1525943
116486400, 117799771, 1313371
117922743, 119412000, 1489257
119539200, 120863200, 1324000
120986857, 122470057, 1483200
122595657, 123913029, 1317372
124198629, 125609486, 1410857
125733029, 127252115, 1519086
127378972, 128751086, 1372114
128873943, 130376000, 1502057
130503314, 131877143, 1373829
132152343, 133495315, 1342972
133621943, 134994057, 1372114
135269486, 136623314, 1353828
136747086, 138266286, 1519200
138393143, 139754286, 1361143
139878057, 141379543, 1501486
141507772, 142829600, 1321828
142954629, 144438172, 1483543
145253600, 146768229, 1514629
146892114, 148405143, 1513029
148532572, 149857600, 1325028
149979771, 151481486, 1501715
151607314, 152900800, 1293486
153191315, 154531086, 1339771
154655429, 156139429, 1484000
156271086, 157655886, 1384800
157782857, 159293372, 1510515
159420229, 160813143, 1392914
160935657, 162424457, 1488800
162552229, 163860229, 1308000
163983771, 165466743, 1482972
165592457, 166907886, 1315429
167179886, 168525372, 1345486
168649943, 169973143, 1323200
170245715, 171583200, 1337485
171707657, 173156800, 1449143
173287657, 174634857, 1347200
174757486, 176269715, 1512229
176395543, 177763543, 1368000
177886171, 179383657, 1497486
179509943, 180830400, 1320457
180953829, 182432915, 1479086
182560000, 183864686, 1304686
183987771, 185479086, 1491315
185605600, 186906514, 1300914
187192458, 188541829, 1349371
188668800, 189972229, 1303429
190244915, 191604572, 1359657
191727314, 193246058, 1518744
193372000, 194755543, 1383543
194879086, 196371657, 1492571
196498172, 197835886, 1337714
197957943, 199441829, 1483886
199568343, 200872229, 1303886
201145486, 202484457, 1338971
202610514, 203924571, 1314057
204209829, 205558743, 1348914
205683200, 206574857, 891657
206694286, 210318515, 3624229
210449715, 211839429, 1389714
211962057, 213455200, 1493143
213580686, 214887771, 1307085
215011200, 216497600, 1486400
216622857, 217933600, 1310743
218219543, 219562972, 1343429
219686972, 221137486, 1450514
221266400, 222604572, 1338172
222726057, 224242515, 1516458
224368115, 225763543, 1395428
225885943, 227381372, 1495429
227508457, 228836800, 1328343
228960571, 230436343, 1475772
230562743, 231879429, 1316686
232150172, 233517715, 1367543
233643657, 234946743, 1303086
235225943, 236570057, 1344114
236694514, 238000571, 1306057
238269372, 239690514, 1421142
239814171, 241312343, 1498172
241437372, 242805029, 1367657
242928686, 244418629, 1489943
244545943, 245869143, 1323200
245992229, 247471429, 1479200
247597029, 248895657, 1298628
249019086, 250521029, 1501943
250646857, 251952571, 1305714
252230743, 253571200, 1340457
253694857, 255004457, 1309600
255269943, 256668572, 1398629
256796686, 258308915, 1512229
258434629, 259798971, 1364342
259921943, 261422515, 1500572
261550057, 262862171, 1312114
262984914, 264465143, 1480229
264590514, 265887086, 1296572
266163315, 267505029, 1341714
267630857, 268935543, 1304686
269214515, 270556572, 1342057
270680343, 271988000, 1307657
272256915, 273625486, 1368571
273747200, 275262743, 1515543
275389143, 276787429, 1398286
276909829, 278411429, 1501600
278538172, 279859886, 1321714
279982629, 281466286, 1483657
281592000, 282917714, 1325714
283198972, 284601943, 1402971
284725943, 286242972, 1517029
286368229, 287762286, 1394057
287884343, 289396915, 1512572
289524229, 290844571, 1320342
290968914, 292445372, 1476458
292572229, 293873943, 1301714
293996686, 295511200, 1514514
295638514, 296934514, 1296000
297207658, 298544800, 1337142
298670057, 299970286, 1300229
300245029, 301586400, 1341371
301710972, 303184572, 1473600
303311086, 304650972, 1339886
304772800, 306281943, 1509143
306408000, 307817486, 1409486
307939886, 309428229, 1488343
309555543, 310868914, 1313371
310992343, 312473715, 1481372
312598743, 313896914, 1298171
314184229, 315591543, 1407314
315716229, 317174172, 1457943
317302857, 318725486, 1422629
318847657, 320361943, 1514286
320488229, 321817714, 1329485
321940114, 323436229, 1496115
323563657, 324878286, 1314629
325163543, 326518514, 1354971
326643772, 327944571, 1300799
328217715, 329569372, 1351657
329693143, 331017714, 1324571
331287657, 332706972, 1419315
332830057, 334306629, 1476572
334432572, 335777257, 1344685
335900000, 337392000, 1492000
337520572, 338844229, 1323657
338968343, 340462172, 1493829
340589372, 341888571, 1299199
342012914, 343502629, 1489715
343629372, 344925829, 1296457
345204686, 346553372, 1348686
346678743, 347974400, 1295657
348250286, 349605029, 1354743
349729372, 351242743, 1513371
351368800, 352742857, 1374057
352866286, 354348115, 1481829
354475543, 355804914, 1329371
355927657, 357413943, 1486286
357540686, 358851086, 1310400
359673486, 361315315, 1641829
361442286, 362775200, 1332914
362898057, 364389600, 1491543
364516572, 365838286, 1321714
365960800, 367442857, 1482057
367568572, 368877371, 1308799
369157372, 370488686, 1331314
370613943, 371908686, 1294743
372190058, 373557143, 1367085
373680914, 375179200, 1498286
375308343, 376650857, 1342514
376772000, 378281600, 1509600
378408229, 379789714, 1381485
379912343, 381405943, 1493600
381531886, 382854514, 1322628
382978400, 384468343, 1489943
384594857, 385893714, 1298857
386182172, 387515200, 1333028
387640229, 388955543, 1315314
389231315, 390656343, 1425028
390778400, 392276572, 1498172
392402743, 393784229, 1381486
393907200, 395434400, 1527200
395560343, 396880686, 1320343
397003543, 398498172, 1494629
398623314, 399974057, 1350743
400248229, 401607314, 1359085
401731657, 403243886, 1512229
403370515, 404753714, 1383199
404875886, 406362515, 1486629
406489600, 407822629, 1333029
407944800, 409437829, 1493029
409565257, 410868457, 1303200
411147429, 412492229, 1344800
412617486, 413927086, 1309600
414204915, 415552457, 1347542
415676800, 416992114, 1315314
417270286, 418603200, 1332914
418727886, 420246629, 1518743
420372686, 421744229, 1371543
421866057, 423350743, 1484686
423477829, 424799200, 1321371
424921257, 426416915, 1495658
426543657, 427853829, 1310172
427976457, 429462629, 1486172
429587772, 430888800, 1301028
431160686, 432518172, 1357486
432643657, 433953257, 1309600
434232000, 435572572, 1340572
435696114, 437002628, 1306514
437270400, 438683772, 1413372
438806743, 440310972, 1504229
440436915, 441803200, 1366285
441926400, 443416572, 1490172
443544686, 444853371, 1308685
444976914, 446470400, 1493486
446595314, 447957714, 1362400
448233143, 449571429, 1338286
449696000, 451152115, 1456115
451278400, 452172115, 893715
452297943, 462314514, 10016571
462445714, 463864115, 1418401
463986972, 465554972, 1568000
465679086, 467197029, 1517943
467324915, 468737829, 1412914
468861257, 470347772, 1486515
470474515, 471846400, 1371885
471970286, 473486057, 1515771
473612000, 474980571, 1368571
475255658, 476596800, 1341142
476719543, 478236800, 1517257
478362972, 479748114, 1385142
479871314, 481376915, 1505601
481504572, 482859086, 1354514
482981600, 484481829, 1500229
484608686, 485930171, 1321485
486215200, 487567086, 1351886
487691314, 489143886, 1452572
489273143, 490630057, 1356914
490753029, 492261372, 1508343
492387315, 493732114, 1344799
493855429, 495339086, 1483657
495465486, 496797943, 1332457
496922743, 498412800, 1490057
498540000, 499857600, 1317600
499980343, 501455886, 1475543
501581829, 502875771, 1293942
502998743, 504481943, 1483200
504607657, 505917486, 1309829
506207543, 507555886, 1348343
507681029, 508996686, 1315657
509272229, 510631314, 1359085
510754057, 512269372, 1515315
512395886, 513763314, 1367428
513885600, 515385029, 1499429
515511657, 516826514, 1314857
516950171, 518426629, 1476458
518553143, 519857714, 1304571
519980229, 521460572, 1480343
521587200, 522896343, 1309143
523173143, 524514400, 1341257
524640914, 525956457, 1315543
526227429, 527570857, 1343428
527695086, 529008800, 1313714
529282629, 530760114, 1477485
530885143, 532392572, 1507429
532519772, 533839543, 1319771
533963771, 535462857, 1499086
535588572, 536922743, 1334171
537209372, 538560914, 1351542
538685143, 539999086, 1313943
540274172, 541718743, 1444571
541841829, 543315429, 1473600
543442172, 544802514, 1360342
544925257, 546418057, 1492800
546545029, 547863314, 1318285
547987086, 549469143, 1482057
549595657, 550892457, 1296800
551175429, 552523200, 1347771
552649829, 553956571, 1306742
554236229, 555589600, 1353371
555714172, 557235086, 1520914
557360572, 558719429, 1358857
558842857, 560330972, 1488115
560458743, 561798057, 1339314
561920914, 563411657, 1490743
563539772, 564872914, 1333142
564996571, 566482515, 1485944
566608800, 567973486, 1364686
568251315, 569652686, 1401371
569776000, 571288000, 1512000
571414972, 572780914, 1365942
572904457, 574449029, 1544572
574575429, 575941143, 1365714
576222629, 577588686, 1366057
577713943, 579231543, 1517600
579850400, 581455429, 1605029
581583086, 582886171, 1303085
583158515, 584563086, 1404571
584687314, 585992000, 1304686
586261372, 587660457, 1399085
587782743, 589289943, 1507200
589416343, 590773943, 1357600
590896000, 592385829, 1489829
592512914, 593841714, 1328800
593965943, 595449486, 1483543
595577829, 596881600, 1303771
597173600, 598525943, 1352343
598653143, 599972000, 1318857
600245829, 601604229, 1358400
601726857, 603204915, 1478058
603332572, 604685029, 1352457
604807086, 606304457, 1497371
606431429, 607790286, 1358857
607912914, 609404115, 1491201
609531772, 610852114, 1320342
610975886, 612457029, 1481143
612583772, 613885714, 1301942
614178172, 615546514, 1368342
615671086, 616974057, 1302971
617246286, 618603657, 1357371
618726400, 620198172, 1471772
620325486, 621668686, 1343200
621790629, 623295772, 1505143
623422057, 624769829, 1347772
624892343, 626392229, 1499886
626519086, 627856800, 1337714
627979886, 629466400, 1486514
629592229, 630892229, 1300000
631166286, 632531886, 1365600
632659314, 633970857, 1311543
634244458, 635602172, 1357714
635726400, 637181486, 1455086
637310286, 638658172, 1347886
638779886, 640283886, 1504000
640410400, 641795657, 1385257
641917943, 643753143, 1835200
643888914, 645433486, 1544572
645560914, 646874171, 1313257
646997257, 648482172, 1484915
648607200, 649915771, 1308571
650202743, 651553714, 1350971
651677829, 652994628, 1316799
653267772, 654625714, 1357942
654748914, 656262172, 1513258
656388000, 657755429, 1367429
657877486, 659373372, 1495886
659500915, 660867314, 1366399
660990628, 662484915, 1494287
662610857, 664328915, 1718058
664457486, 665802971, 1345485
665926743, 667414972, 1488229
667541714, 669268229, 1726515
669396000, 670788914, 1392914
670912800, 672422857, 1510057
672549600, 673859314, 1309714
673981714, 675468229, 1486515
675594972, 676910514, 1315542
677185829, 678537714, 1351885
678662400, 679961943, 1299543
680239315, 681638400, 1399085
681761257, 683268343, 1507086
683394857, 684813143, 1418286
684935086, 686416115, 1481029
686542743, 687851771, 1309028
687974971, 689459200, 1484229
689585600, 690905371, 1319771
691188229, 692552229, 1364000
692676800, 693980229, 1303429
694251200, 695646286, 1395086
695769714, 697274400, 1504686
697401600, 698761143, 1359543
698884114, 700375200, 1491086
700501486, 701814857, 1313371
701938743, 703422515, 1483772
703549257, 704851771, 1302514
704974057, 706452000, 1477943
706578400, 707891200, 1312800
708163886, 709522057, 1358171
709649257, 710955657, 1306400
711225829, 712592000, 1366171
712716457, 714188915, 1472458
714315543, 715697714, 1382171
715820229, 717286172, 1465943
717412343, 718777714, 1365371
718901029, 720405029, 1504000
720531657, 721839429, 1307772
721962400, 723453486, 1491086
723580800, 724880800, 1300000
725003428, 726487429, 1484001
726613257, 727979086, 1365829
728253943, 729610400, 1356457
729734629, 731243886, 1509257
731369943, 732746629, 1376686
732869829, 734368229, 1498400
734494857, 735815543, 1320686
735939429, 737430629, 1491200
737558514, 738863543, 1305029
738985943, 740472343, 1486400
740598629, 741968686, 1370057
742241029, 743641257, 1400228
743763772, 745272800, 1509028
745399200, 746305486, 906286
746428800, 748209372, 1780572
748336229, 749742857, 1406628
749866057, 751359200, 1493143
751486743, 752854971, 1368228
752978629, 754447543, 1468914
754574286, 755940457, 1366171
756218743, 757577829, 1359086
757702629, 759175543, 1472914
759303315, 760656343, 1353028
760778514, 762290172, 1511658
762416915, 763762857, 1345942
763889486, 765383657, 1494171
765509829, 766829943, 1320114
766953943, 768440686, 1486743
768567886, 769936686, 1368800
770217258, 771563314, 1346056
771688114, 773156686, 1468572
773287772, 774638972, 1351200
774761257, 776281600, 1520343
776408457, 777784572, 1376115
777907771, 779399886, 1492115
779527429, 780838400, 1310971
780962171, 782442400, 1480229
782569029, 783936914, 1367885
784221029, 785568229, 1347200
785693257, 787164458, 1471201
787295200, 788646629, 1351429
788769257, 790278286, 1509029
790405257, 791771886, 1366629
791894514, 793405029, 1510515
794221943, 795639200, 1417257
795762400, 797392229, 1629829
797519543, 798864800, 1345257
798992228, 800498400, 1506172
800623314, 801933600, 1310286
802207429, 803552000, 1344571
803678857, 804998628, 1319771
805272915, 806619429, 1346514
806741600, 808249143, 1507543
808374857, 809764914, 1390057
809888914, 811384343, 1495429
811511886, 812842743, 1330857
812966171, 814458286, 1492115
814584114, 815881943, 1297829
816004914, 817487200, 1482286
817613257, 818929143, 1315886
819215886, 820565600, 1349714
820690514, 822008000, 1317486
822280115, 823627543, 1347428
823750972, 825235886, 1484914
825362515, 826961257, 1598742
827236686, 828639086, 1402400
828761943, 830267543, 1505600
830393715, 831762514, 1368799
831884914, 833379543, 1494629
833506515, 834869829, 1363314
834993257, 836476800, 1483543
836602743, 837907200, 1304457
838189600, 839551886, 1362286
839676457, 840988343, 1311886
841258743, 842657143, 1398400
842779200, 844281257, 1502057
844408229, 845777486, 1369257
845900343, 847386972, 1486629
847513486, 848831657, 1318171
848956686, 850448800, 1492114
850577143, 851874057, 1296914
852160458, 853509829, 1349371
853635429, 854932114, 1296685
855208915, 856556000, 1347085
856680457, 857988114, 1307657
858258286, 859610629, 1352343
859735543, 861246972, 1511429
861372800, 862750400, 1377600
862873257, 864351886, 1478629
864478172, 865807771, 1329599
865929943, 867423429, 1493486
867550743, 868890286, 1339543
869166172, 870512914, 1346742
870638172, 871944914, 1306742
872217829, 873630400, 1412571
873762286, 875279772, 1517486
875405715, 876778286, 1372571
876901029, 878435200, 1534171
878561943, 879876114, 1314171
879998971, 881487429, 1488458
881612686, 882908343, 1295657
883196458, 884538629, 1342171
884665372, 885978400, 1313028
886253372, 887607314, 1353942
887730400, 889193715, 1463315
889321372, 890661257, 1339885
890783086, 892285029, 1501943
892411543, 893779086, 1367543
893901486, 895397943, 1496457
895524800, 896849029, 1324229
896973714, 898455772, 1482058
898581486, 899942400, 1360914
900222058, 901569029, 1346971
901693257, 903158400, 1465143
903288457, 904632000, 1343543
904754057, 906263429, 1509372
906389372, 907749714, 1360342
907872114, 909362743, 1490629
909489715, 910811200, 1321485
910935543, 912421943, 1486400
912549143, 913855771, 1306628
913979657, 915464457, 1484800
915591429, 916893943, 1302514
917184115, 918545829, 1361714
918671886, 920187429, 1515543
920314515, 921663086, 1348571
921784686, 923289372, 1504686
923416800, 924771771, 1354971
924894629, 926426972, 1532343
926555772, 927927200, 1371428
928212800, 929574400, 1361600
929699314, 931218515, 1519201
931345943, 932778971, 1433028
932901943, 934398286, 1496343
934524572, 935845029, 1320457
935968457, 937454172, 1485715
937579657, 938940571, 1360914
939221829, 940564800, 1342971
940689029, 941996571, 1307542
942266743, 943624914, 1358171
943746857, 945262400, 1515543
945388229, 946745943, 1357714
946869029, 948359200, 1490171
948486057, 949822971, 1336914
949945714, 951437143, 1491429
951564457, 952881829, 1317372
953005143, 954496572, 1491429
954622514, 955927543, 1305029
956207886, 957555200, 1347314
957679543, 958994286, 1314743
959266057, 960622057, 1356000
960744800, 962255429, 1510629
962381143, 963751772, 1370629
963874286, 965353943, 1479657
965481372, 966801714, 1320342
966925714, 968412915, 1487201
968539543, 969841029, 1301486
969964114, 971446857, 1482743
971573943, 972891086, 1317143
973014514, 974509943, 1495429
974635429, 975939314, 1303885
976214172, 977558629, 1344457
977682972, 978984343, 1301371
979255429, 980652229, 1396800
980774057, 982278057, 1504000
982404800, 983775086, 1370286
983897829, 985388915, 1491086
985516686, 986840571, 1323885
986965143, 988450972, 1485829
988578743, 989905029, 1326286
990186515, 991538172, 1351657
991665143, 993182629, 1517486
993313143, 994652457, 1339314
994774971, 996282515, 1507544
996409600, 997785829, 1376229
997909029, 999406400, 1497371
999534057, 857600, -998676457
982400, 2465143, 1482743
2589714, 3957829, 1368115
4233600, 5598972, 1365372
5722400, 7227658, 1505258
7843657, 9444800, 1601143
9571543, 10885371, 1313828
11008457, 12559429, 1550972
12683429, 14000457, 1317028
14274629, 15625600, 1350971
15748000, 17256115, 1508115
17382172, 18773257, 1391085
18895657, 20389257, 1493600
20515657, 21845600, 1329943
21968571, 23639200, 1670629
23767886, 25281600, 1513714
25408115, 26774286, 1366171
26896571, 28393943, 1497372
28520114, 29840686, 1320572
29963657, 31441372, 1477715
31567429, 32879314, 1311885
33002171, 34503429, 1501258
34627772, 35945600, 1317828
36219543, 37578743, 1359200
37702286, 39168915, 1466629
39298515, 40631086, 1332571
40752686, 42259886, 1507200
42385829, 43746857, 1361028
43868914, 45374629, 1505715
45500686, 46826629, 1325943
46950971, 48991657, 2040686
49270057, 50712572, 1442515
50835314, 52312686, 1477372
52438629, 53774514, 1335885
53896343, 55393715, 1497372
55519657, 56848457, 1328800
56972343, 58457257, 1484914
58582972, 59892343, 1309371
60015429, 61519543, 1504114
61644800, 62950857, 1306057
63223086, 64576457, 1353371
64700000, 66144572, 1444572
66273829, 67624343, 1350514
67746743, 69269486, 1522743
69394972, 70783086, 1388114
70905143, 72406629, 1501486
72533143, 73849029, 1315886
73971657, 75455200, 1483543
75580343, 76889829, 1309486
77178972, 78526172, 1347200
78652343, 80006743, 1354400
80282515, 81634286, 1351771
81755314, 83264572, 1509258
83390057, 84742400, 1352343
84864000, 86347429, 1483429
86473257, 87812686, 1339429
87933600, 89423886, 1490286
89550400, 90864914, 1314514
90987657, 92464000, 1476343
92589600, 93902971, 1313371
94179772, 95540000, 1360228
95665372, 97018400, 1353028
97290515, 98638857, 1348342
98760229, 100269372, 1509143
100394629, 101781943, 1387314
101904229, 103403200, 1498971
103529829, 104833829, 1304000
104956914, 106446172, 1489258
106572686, 107887429, 1314743
108009829, 108931086, 921257
109202286, 111440572, 2238286
111572686, 112961486, 1388800
113237486, 114642514, 1405028
114763771, 116275886, 1512115
116402286, 117778400, 1376114
117901600, 119396572, 1494972
119522857, 120845029, 1322172
120968914, 122450857, 1481943
122577257, 123884571, 1307314
124007657, 125493372, 1485715
125618514, 126920571, 1302057
127201372, 128590743, 1389371
128720343, 130188800, 1468457
130314400, 131649257, 1334857
131770057, 133281029, 1510972
133406515, 134775886, 1369371
134899086, 136387429, 1488343
136514743, 137841714, 1326971
137964914, 139701714, 1736800
139825029, 141309829, 1484800
141435772, 142802171, 1366399
142925943, 144414972, 1489029
144540800, 145851086, 1310286
145973486, 147458972, 1485486
147584343, 148908114, 1323771
149193029, 150535314, 1342285
150660914, 151971771, 1310857
152244800, 153595429, 1350629
153719314, 155188458, 1469144
155314743, 156649943, 1335200
156771200, 158305143, 1533943
158432115, 159804571, 1372456
159926743, 161412457, 1485714
161538629, 162861371, 1322742
162984000, 164482515, 1498515
164608000, 165905943, 1297943
166029371, 167508229, 1478858
167633943, 168952000, 1318057
169225486, 170589486, 1364000
170713372, 172191200, 1477828
172317715, 173654514, 1336799
173775429, 175283886, 1508457
175410743, 176781829, 1371086
176904686, 178408457, 1503771
178534172, 179840800, 1306628
179964229, 181439657, 1475428
181565714, 182865143, 1299429
182987771, 184460915, 1473144
184586286, 185894400, 1308114
186017371, 187566629, 1549258
187690972, 189165600, 1474628
189293943, 190645143, 1351200
190766400, 192274400, 1508000
192399657, 193770286, 1370629
193892686, 195387886, 1495200
195514857, 196839771, 1324914
196964114, 198444457, 1480343
198570972, 199876800, 1305828
199998857, 201480915, 1482058
201605829, 202906743, 1300914
203195543, 204542629, 1347086
204666857, 205974171, 1307314
206258629, 207613943, 1355314
207738286, 209209943, 1471657
209337486, 210717600, 1380114
210840571, 212321257, 1480686
212447886, 213852114, 1404228
213975543, 215466629, 1491086
215592914, 216886171, 1293257
217159658, 218510286, 1350628
218636343, 219951200, 1314857
220229715, 221568457, 1338742
221693029, 223153943, 1460914
223282629, 224623657, 1341028
224746286, 226249486, 1503200
226376572, 227744800, 1368228
228618972, 230247086, 1628114
230374057, 231726629, 1352572
231849486, 233347429, 1497943
233474857, 234808686, 1333829
234931886, 236425600, 1493714
236553143, 237911200, 1358057
238187086, 239546286, 1359200
239671543, 240975086, 1303543
241248000, 242603543, 1355543
242727772, 244190515, 1462743
244316800, 245655657, 1338857
245777029, 247288000, 1510971
247413829, 248780686, 1366857
248904000, 250401943, 1497943
250530057, 251840457, 1310400
251963771, 253485943, 1522172
253613029, 254916914, 1303885
255199543, 256541943, 1342400
256668000, 257966286, 1298286
258238743, 259631657, 1392914
259752800, 261263086, 1510286
261389257, 262766857, 1377600
262889600, 264391886, 1502286
264518972, 265841943, 1322971
265964114, 267446286, 1482172
267572343, 268873486, 1301143
268996114, 270488572, 1492458
270614286, 271926171, 1311885
272206629, 273546743, 1340114
273672000, 274996914, 1324914
275265257, 276878629, 1613372
277153943, 278525829, 1371886
278651543, 279953829, 1302286
280232800, 281576229, 1343429
281700114, 283159886, 1459772
283288229, 284624686, 1336457
284746743, 286259772, 1513029
286386515, 287745486, 1358971
287868571, 289378400, 1509829
289505257, 290822286, 1317029
290945600, 292424915, 1479315
292550514, 293914743, 1364229
294194400, 295547543, 1353143
295672114, 296988800, 1316686
297263886, 298624457, 1360571
298746857, 300262972, 1516115
300389143, 301785714, 1396571
301908457, 303406400, 1497943
303532114, 304840800, 1308686
304963886, 306439657, 1475771
306565257, 307866743, 1301486
307989943, 309518286, 1528343
309644572, 310946286, 1301714
311225715, 312591086, 1365371
312714629, 314162858, 1448229
314292115, 315628457, 1336342
315751429, 317267886, 1516457
317393257, 318764343, 1371086
318886629, 320373486, 1486857
320499657, 321832686, 1333029
321956000, 323436457, 1480457
323562629, 324861371, 1298742
324984343, 326465715, 1481372
326591086, 327883200, 1292114
328006286, 329488343, 1482057
329613829, 330934057, 1320228
331213258, 332580229, 1366971
332704114, 334020914, 1316800
334290400, 335633372, 1342972
335755429, 337265486, 1510057
337392800, 338747086, 1354286
338870629, 340347086, 1476457
340473029, 341789143, 1316114
341911086, 343393372, 1482286
343519543, 344844457, 1324914
344967771, 346441715, 1473944
346567429, 347890057, 1322628
348163658, 349512572, 1348914
349638857, 350936800, 1297943
351209258, 352609829, 1400571
352733943, 354248000, 1514057
354373943, 355751543, 1377600
355873829, 357364000, 1490171
357490972, 358805943, 1314971
358929029, 360422172, 1493143
360548572, 361877029, 1328457
361999771, 363482286, 1482515
363608914, 364929486, 1320572
365208343, 366552457, 1344114
366676229, 367989257, 1313028
368264800, 369614514, 1349714
369738400, 371252229, 1513829
371377943, 372734286, 1356343
372857257, 374359429, 1502172
374486286, 375829371, 1343085
375952914, 377442286, 1489372
377568914, 378929600, 1360686
379212229, 380577714, 1365485
380702286, 382011086, 1308800
382279886, 383617829, 1337943
383740114, 385251543, 1511429
385377143, 386750971, 1373828
386873829, 388352457, 1478628
388477829, 389827429, 1349600
389950057, 391427543, 1477486
391553714, 392857829, 1304115
392980686, 394511429, 1530743
394636572, 395955657, 1319085
396231086, 397582743, 1351657
397707086, 399178286, 1471200
399307886, 400706629, 1398743
400835314, 402339429, 1504115
402466400, 403791543, 1325143
403914171, 404822629, 908458
405511315, 406924800, 1413485
407200915, 408545714, 1344799
408672343, 409984114, 1311771
410259543, 411662514, 1402971
411784000, 413289829, 1505829
413416229, 414764229, 1348000
414886629, 416372800, 1486171
416499543, 417829029, 1329486
417952800, 419435657, 1482857
419561943, 420892000, 1330057
421164343, 422522400, 1358057
422648572, 423964229, 1315657
424238972, 425596457, 1357485
425721029, 427193143, 1472114
427320229, 428678286, 1358057
428799886, 430300457, 1500571
430426857, 431798857, 1372000
431922171, 433422857, 1500686
433549943, 434877029, 1327086
434999771, 436528000, 1528229
436655772, 437961143, 1305371
438235429, 439594172, 1358743
439717486, 441170286, 1452800
441814514, 443415886, 1601372
443544686, 444855314, 1310628
444978629, 446471657, 1493028
446597486, 447907086, 1309600
448192915, 449533143, 1340228
449659543, 450959314, 1299771
451232229, 452594629, 1362400
452717029, 454173600, 1456571
454302972, 455639314, 1336342
455761029, 457275543, 1514514
457401372, 458775886, 1374514
458898171, 460384915, 1486744
460512114, 461840571, 1328457
461963657, 463448686, 1485029
463575086, 464950057, 1374971
465222629, 466570286, 1347657
466695200, 468145029, 1449829
468274057, 469662972, 1388915
469790743, 471307086, 1516343
471432800, 472351543, 918743
472475886, 478309714, 5833828
478441028, 479370515, 929487
479494400, 482379772, 2885372
482510514, 483896114, 1385600
484019314, 485564686, 1545372
485688343, 487189029, 1500686
487315200, 488719086, 1403886
488841829, 490362743, 1520914
490490515, 491858971, 1368456
491981829, 493504000, 1522171
493630057, 494993600, 1363543
495264915, 496666629, 1401714
496787771, 498292000, 1504229
498417486, 499785143, 1367657
499907886, 501412572, 1504686
501539429, 502848914, 1309485
502972800, 504460343, 1487543
504585600, 505904571, 1318971
506204229, 507604343, 1400114
507728000, 509241829, 1513829
509367772, 510754057, 1386285
510876686, 512359315, 1482629
512485943, 513802629, 1316686
513925600, 515411429, 1485829
515537714, 516864343, 1326629
516987086, 518471772, 1484686
518597143, 519909943, 1312800
520195429, 521548686, 1353257
521672800, 522974971, 1302171
523250286, 524609257, 1358971
524733600, 526195543, 1461943
526321600, 527654629, 1333029
527776343, 529282629, 1506286
529409600, 530776229, 1366629
530899657, 532398172, 1498515
532525143, 533847314, 1322171
533970286, 535449257, 1478971
535575314, 536945829, 1370515
537219886, 538617943, 1398057
538740229, 540257372, 1517143
540382857, 541740457, 1357600
541862971, 543350629, 1487658
543476229, 544807657, 1331428
544930057, 546422515, 1492458
546548572, 547906514, 1357942
548184458, 549517829, 1333371
549643886, 550957600, 1313714
551233143, 552590743, 1357600
552715200, 554172000, 1456800
554302057, 555642286, 1340229
555764343, 557280343, 1516000
557405943, 558783543, 1377600
558906629, 560406743, 1500114
560533600, 561871314, 1337714
561994629, 563485257, 1490628
563610286, 564920800, 1310514
565202172, 566565372, 1363200
566689714, 567999886, 1310172
568273600, 569688914, 1415314
569814857, 571309600, 1494743
571435886, 572835543, 1399657
572958743, 574439315, 1480572
574565372, 575891657, 1326285
576169029, 577510057, 1341028
577635314, 578948343, 1313029
579228115, 580592800, 1364685
580717029, 582165258, 1448229
582294857, 583699086, 1404229
583827314, 585317029, 1489715
585442515, 586800229, 1357714
586923886, 588417372, 1493486
588543543, 589851657, 1308114
589975086, 591503772, 1528686
591629372, 592931657, 1302285
593208458, 594550972, 1342514
594676800, 596147086, 1470286
596276000, 597625486, 1349486
597746857, 599256115, 1509258
599381829, 600763543, 1381714
600886286, 602381372, 1495086
602508686, 603831314, 1322628
603954514, 605439200, 1484686
605565029, 606936914, 1371885
607215200, 608557029, 1341829
608681257, 609998286, 1317029
610270857, 611616572, 1345715
611739314, 613256229, 1516915
613382400, 614996343, 1613943
615274515, 616620572, 1346057
616741943, 618271200, 1529257
618397029, 619773714, 1376685
619896571, 621404000, 1507429
621530172, 622867886, 1337714
622990628, 624475886, 1485258
624601714, 625920114, 1318400
626204800, 627544572, 1339772
627669486, 628971543, 1302057
629246286, 630583086, 1336800
630707314, 632194286, 1486972
632320229, 633658629, 1338400
633779086, 635286172, 1507086
635412229, 636781829, 1369600
636904800, 638405372, 1500572
638533029, 639856114, 1323085
639979086, 641459200, 1480114
641585943, 642898514, 1312571
643188800, 644871200, 1682400
645008000, 646510629, 1502629
646637257, 647930743, 1293486
648215200, 649615886, 1400686
649738514, 651220000, 1481486
651345715, 652726057, 1380342
652849143, 654325143, 1476000
654451657, 655807886, 1356229
655931657, 657419772, 1488115
657548229, 658852229, 1304000
659646172, 661280115, 1633943
661407886, 662817143, 1409257
662939771, 664426629, 1486858
664552343, 665867200, 1314857
665989943, 667521715, 1531772
667646172, 669015543, 1369371
669289943, 670630972, 1341029
670752457, 672260000, 1507543
672386057, 673740800, 1354743
673863086, 675358057, 1494971
675483543, 676819657, 1336114
676941600, 678429715, 1488115
678555429, 679915200, 1359771
680187200, 681525714, 1338514
681650629, 682970743, 1320114
683246172, 684606743, 1360571
684731200, 686240800, 1509600
686366286, 687739543, 1373257
687862171, 689335772, 1473601
689461029, 690856571, 1395542
690978971, 692456915, 1477944
692582743, 693890171, 1307428
694163543, 695512115, 1348572
695638286, 696950971, 1312685
697224915, 698584114, 1359199
698709143, 700021714, 1312571
700294057, 701634629, 1340572
701756914, 703272229, 1515315
703398172, 704768114, 1369942
704890514, 706377829, 1487315
706505600, 707828686, 1323086
707952229, 709443200, 1490971
709568914, 710925714, 1356800
711208800, 712557029, 1348229
712681029, 713996800, 1315771
714271772, 715622857, 1351085
715744800, 717263429, 1518629
717389143, 718744914, 1355771
718868229, 720340686, 1472457
720467086, 721832686, 1365600
721955429, 723434972, 1479543
723560800, 724876686, 1315886
724998857, 726479086, 1480229
726604343, 727905143, 1300800
728186400, 729530172, 1343772
729655086, 730952571, 1297485
731231200, 732571429, 1340229
732695543, 734009486, 1313943
734277257, 735621143, 1343886
735742857, 737266172, 1523315
737391543, 738768000, 1376457
738890743, 740396115, 1505372
740523086, 741842857, 1319771
741965600, 743439657, 1474057
743565714, 744938857, 1373143
745214515, 746556229, 1341714
746680229, 748006171, 1325942
748278172, 749634743, 1356571
749756114, 751270286, 1514172
751396115, 752763543, 1367428
752886743, 754368915, 1482172
754495886, 755821143, 1325257
755944800, 757433829, 1489029
757560914, 758876457, 1315543
758998971, 760479200, 1480229
760604914, 761908000, 1303086
762191200, 763533600, 1342400
763658514, 764972686, 1314172
765248686, 766600686, 1352000
766724800, 768244458, 1519658
768370172, 769761257, 1391085
769884343, 771366857, 1482514
771493829, 772827886, 1334057
772952571, 774437829, 1485258
774565372, 775879200, 1313828
776002514, 777483429, 1480915
777609029, 778910286, 1301257
779193029, 780532229, 1339200
780656800, 781957143, 1300343
782238172, 783596914, 1358742
783718629, 785170629, 1452000
785297943, 786665372, 1367429
786786971, 788280457, 1493486
788406515, 789764914, 1358399
789887657, 791386743, 1499086
791513829, 792828343, 1314514
792951886, 794428229, 1476343
794553943, 795920229, 1366286
796199658, 797596229, 1396571
797717600, 799420000, 1702400
799547429, 800928114, 1380685
801207658, 802558857, 1351199
802683543, 804006629, 1323086
804276229, 805618057, 1341828
805739200, 807246629, 1507429
807373029, 808746971, 1373942
808870171, 810341829, 1471658
810468000, 811817257, 1349257
811940000, 813421143, 1481143
813547772, 814850971, 1303199
814974857, 816449486, 1474629
816575772, 817878171, 1302399
818001029, 819496229, 1495200
819621143, 820916571, 1295428
821195772, 822556000, 1360228
822680343, 824001371, 1321028
824271886, 825621143, 1349257
825743657, 827250972, 1507315
827377600, 828973486, 1595886
829246629, 830595086, 1348457
830718972, 832167200, 1448228
832294286, 833687543, 1393257
833818400, 835296000, 1477600
835421372, 836774971, 1353599
836899543, 838400915, 1501372
838527886, 839884800, 1356914
840156458, 841559086, 1402628
841689372, 843008800, 1319428
843277257, 844634857, 1357600
844756800, 846267315, 1510515
846393486, 847768343, 1374857
847891086, 849379543, 1488457
849506629, 850839886, 1333257
850964229, 852450286, 1486057
852577029, 853883657, 1306628
854008000, 855515886, 1507886
855642972, 856944571, 1301599
857213715, 858612229, 1398514
858735086, 860242400, 1507314
860368686, 861714057, 1345371
861837257, 863577143, 1739886
863704000, 865026971, 1322971
865300457, 866663429, 1362972
866785371, 868279200, 1493829
868405600, 869773486, 1367886
869897257, 871382515, 1485258
871510057, 872831200, 1321143
873688572, 875334400, 1645828
875462172, 876864000, 1401828
876986514, 878478629, 1492115
878605257, 879912800, 1307543
880196229, 881560114, 1363885
881684000, 882991771, 1307771
883259772, 884603886, 1344114
884726172, 886245029, 1518857
886370629, 887736114, 1365485
887858286, 889332800, 1474514
889459315, 890808343, 1349028
890931086, 892424457, 1493371
892552114, 893881943, 1329829
894004914, 895491886, 1486972
895616914, 896915886, 1298972
897211772, 898577257, 1365485
898701829, 900151886, 1450057
900280800, 901626400, 1345600
901748343, 903254743, 1506400
903380457, 904746514, 1366057
904868571, 906357143, 1488572
906483543, 907807086, 1323543
907929143, 909418972, 1489829
909545372, 910919771, 1374399
911203772, 912601143, 1397371
912724914, 914188800, 1463886
914315886, 915726514, 1410628
915849829, 917368343, 1518514
917498172, 918835200, 1337028
918957257, 920454172, 1496915
920580343, 921886171, 1305828
922157943, 923495086, 1337143
923620914, 924919200, 1298286
925197486, 926600686, 1403200
926724572, 928192343, 1467771
928318972, 929654400, 1335428
929775429, 931277143, 1501714
931403657, 932775429, 1371772
932897943, 934390972, 1493029
934518400, 935838971, 1320571
935961600, 937440800, 1479200
937567543, 938874971, 1307428
938997714, 940468000, 1470286
940594514, 941899200, 1304686
942181600, 943522857, 1341257
943648686, 944947886, 1299200
945227429, 946565372, 1337943
946689143, 948011200, 1322057
948281943, 949625486, 1343543
949746972, 951263315, 1516343
951388800, 952748229, 1359429
952871200, 954365486, 1494286
954493143, 955821371, 1328228
955945029, 957420229, 1475200
957545943, 958858971, 1313028
958982743, 960467429, 1484686
960593486, 961906171, 1312685
962185600, 963527886, 1342286
963653829, 964949714, 1295885
965222286, 966620914, 1398628
966742286, 968258286, 1516000
968383886, 969738514, 1354628
969861257, 971345257, 1484000
971470972, 972795200, 1324228
972917714, 974414286, 1496572
974540343, 975848457, 1308114
975971543, 977447200, 1475657
977573372, 978877829, 1304457
979000457, 980473143, 1472686
980598857, 981901257, 1302400
982182972, 983530514, 1347542
983655200, 984968457, 1313257
985243315, 986588686, 1345371
986712343, 988160686, 1448343
988289143, 989628914, 1339771
989750514, 991259658, 1509144
991385715, 992740000, 1354285
992862057, 994337486, 1475429
994463543, 995792686, 1329143
995915543, 997407315, 1491772
997534172, 998890857, 1356685
999013257, 516686, -998496571
644572, 1962514, 1317942
2236915, 3583772, 1346857
3706514, 5161486, 1454972
5289029, 6623314, 1334285
6744000, 8252000, 1508000
8376343, 9741372, 1365029
9862057, 11333029, 1470972
11457029, 12781600, 1324571
12903657, 14417257, 1513600
14544572, 15860000, 1315428
15982857, 17455772, 1472915
17581829, 18890971, 1309142
19178858, 19944457, 765599
20212343, 22269257, 2056914
22400229, 23831543, 1431314
23953486, 25440457, 1486971
25566972, 26866629, 1299657
27144229, 28483543, 1339314
28608914, 29905486, 1296572
30186400, 31542057, 1355657
31665600, 33146858, 1481258
33279086, 34676686, 1397600
34797257, 36296686, 1499429
36422972, 37822171, 1399199
37944114, 39470172, 1526058
39595314, 40903200, 1307886
41176915, 42570172, 1393257
42694057, 43997714, 1303657
44266172, 45666857, 1400685
45792457, 47307315, 1514858
47432915, 49496229, 2063314
49624572, 51015428, 1390856
51290515, 52716572, 1426057
52840000, 54362972, 1522972
54489143, 55858171, 1369028
55981257, 57506057, 1524800
57631543, 58929943, 1298400
59204115, 60561943, 1357828
60685714, 62003771, 1318057
62272800, 63628000, 1355200
63750057, 65257143, 1507086
65383200, 66744571, 1361371
66866743, 68370857, 1504114
68497600, 69822400, 1324800
69946171, 71428572, 1482401
71555314, 72869029, 1313715
72992343, 74489029, 1496686
74614857, 75983314, 1368457
76257029, 77619543, 1362514
77743657, 79264343, 1520686
79390286, 80778171, 1387885
80901371, 82399200, 1497829
82526400, 83838171, 1311771
83961371, 85442400, 1481029
85569372, 86894629, 1325257
87170172, 88514743, 1344571
88640229, 90004000, 1363771
90278400, 91630857, 1352457
91752343, 93265143, 1512800
93901486, 95544343, 1642857
95669029, 96979314, 1310285
97255772, 98595543, 1339771
98719429, 100170629, 1451200
100299086, 101720572, 1421486
101844457, 103328572, 1484115
103456115, 104820457, 1364342
104943771, 106431429, 1487658
106557486, 107926857, 1369371
108209143, 109569829, 1360686
109693943, 111011200, 1317257
111281715, 112624000, 1342285
112746286, 114253600, 1507314
114380229, 115734857, 1354628
115858400, 117332572, 1474172
117460000, 118816571, 1356571
118939200, 120420115, 1480915
120547314, 121848686, 1301372
121971771, 123444457, 1472686
123571772, 124870057, 1298285
124993143, 126467200, 1474057
126592914, 127889371, 1296457
128171315, 129516229, 1344914
129642286, 130960457, 1318171
131235886, 132580114, 1344228
132704572, 133598400, 893828
133716686, 135912686, 2196000
136195543, 137548914, 1353371
137674057, 139006171, 1332114
139272800, 140625714, 1352914
140747543, 142271886, 1524343
142397600, 143789714, 1392114
143912571, 145419315, 1506744
145547086, 146855771, 1308685
146978514, 148468115, 1489601
148593943, 149896000, 1302057
150176800, 151517829, 1341029
151643429, 152947314, 1303885
153224800, 154584686, 1359886
154708572, 156022171, 1313599
156293029, 157636457, 1343428
157757714, 159262972, 1505258
159389600, 160760114, 1370514
160882743, 162372000, 1489257
162498514, 163823429, 1324915
163946057, 165427543, 1481486
165553829, 166871429, 1317600
166994400, 168480800, 1486400
168606514, 169925257, 1318743
170206515, 171599886, 1393371
171723657, 173177029, 1453372
173303315, 174629029, 1325714
174750286, 176261486, 1511200
176387429, 177743314, 1355885
177865943, 179377257, 1511314
179503086, 180829029, 1325943
180952343, 182425829, 1473486
182552000, 183876114, 1324114
183998857, 185514629, 1515772
185641714, 186945829, 1304115
187222172, 188562172, 1340000
188685943, 189998971, 1313028
190264800, 191622514, 1357714
191744229, 193253258, 1509029
193379657, 194759886, 1380229
194882629, 196388572, 1505943
196515886, 197849714, 1333828
197971886, 199496686, 1524800
199622286, 200975314, 1353028
201249143, 202603772, 1354629
202728114, 204246286, 1518172
204372000, 205721943, 1349943
205844343, 207322515, 1478172
207448000, 208782514, 1334514
208904686, 210421715, 1517029
210549486, 211928457, 1378971
212206743, 213564572, 1357829
213689143, 215150058, 1460915
215279086, 216613829, 1334743
216736000, 218247200, 1511200
218373143, 219765143, 1392000
219888800, 221400229, 1511429
221526629, 222847314, 1320685
222970971, 224454057, 1483086
224580343, 225884571, 1304228
226172800, 227513257, 1340457
227638514, 228943429, 1304915
229216915, 230551314, 1334399
230676000, 231985714, 1309714
232253486, 233597943, 1344457
233720572, 235181829, 1461257
235309029, 236668229, 1359200
236789371, 238277829, 1488458
238404343, 239760572, 1356229
239882629, 241373257, 1490628
241500343, 242824914, 1324571
242948457, 244432229, 1483772
244559543, 245863657, 1304114
245985943, 247474972, 1489029
247600572, 248903543, 1302971
249185943, 250589829, 1403886
250714286, 252188115, 1473829
252313715, 253659886, 1346171
253781829, 255280686, 1498857
255407543, 256770286, 1362743
256892800, 258404115, 1511315
258532229, 259841600, 1309371
259964343, 261438972, 1474629
261564572, 262865714, 1301142
262988800, 264463200, 1474400
264588686, 265890171, 1301485
266170972, 267515429, 1344457
267640686, 268938743, 1298057
269216343, 270577943, 1361600
270701943, 272153372, 1451429
272282400, 273613486, 1331086
273735772, 275285143, 1549371
275412457, 276767429, 1354972
276898629, 278410972, 1512343
278536800, 279859543, 1322743
279981829, 281463086, 1481257
281588457, 282899086, 1310629
283187200, 284585029, 1397829
284706743, 286159772, 1453029
286289943, 287720457, 1430514
287844343, 289321486, 1477143
289447772, 290851886, 1404114
290975086, 292467657, 1492571
292593372, 293908457, 1315085
294192458, 295528457, 1335999
295654857, 296957029, 1302172
297232115, 298575886, 1343771
298701600, 300010971, 1309371
300279086, 301901486, 1622400
302027086, 303523429, 1496343
303649714, 304968229, 1318515
305243886, 306593029, 1349143
307443429, 308906400, 1462971
309180115, 310538857, 1358742
310664800, 311970400, 1305600
312243315, 313593714, 1350399
313718057, 315238972, 1520915
315365372, 316725943, 1360571
316849029, 318319429, 1470400
318445600, 319786629, 1341029
319910057, 321411657, 1501600
321539314, 322860571, 1321257
322983314, 324463886, 1480572
324589943, 325896114, 1306171
326185943, 327543772, 1357829
327669372, 328981486, 1312114
329254515, 330594400, 1339885
330718057, 332237258, 1519201
332362972, 333744457, 1381485
333866857, 335376457, 1509600
335507315, 336853714, 1346399
336976000, 338463886, 1487886
338589714, 339892571, 1302857
340174629, 341521372, 1346743
341647200, 342967314, 1320114
343241829, 344620457, 1378628
344744571, 346253372, 1508801
346379429, 347727429, 1348000
347850286, 349341600, 1491314
349468343, 350789257, 1320914
350912457, 352416229, 1503772
352543200, 353851200, 1308000
353974171, 355454743, 1480572
355580343, 356885143, 1304800
357163200, 358504229, 1341029
358629372, 359944114, 1314742
360221943, 361561143, 1339200
361685372, 363003314, 1317942
363269600, 364692229, 1422629
364815086, 366308457, 1493371
366434286, 367795657, 1361371
367918743, 369410515, 1491772
369537372, 370914171, 1376799
371195200, 372538172, 1342972
372662172, 373967200, 1305028
374236343, 375587657, 1351314
375711772, 377188458, 1476686
377313943, 378716343, 1402400
378838857, 380316343, 1477486
380442172, 381799543, 1357371
381922171, 383408572, 1486401
383534400, 384884686, 1350286
385007771, 386500000, 1492229
386626514, 387935086, 1308572
388211086, 389552914, 1341828
389677943, 390986971, 1309028
391260115, 392600000, 1339885
392724114, 394241943, 1517829
394367543, 395751543, 1384000
395874171, 397363772, 1489601
397490057, 398826971, 1336914
398954857, 400472572, 1517715
400598286, 401930514, 1332228
402211886, 403554172, 1342286
403678972, 405148229, 1469257
405278286, 406619200, 1340914
406741714, 408251772, 1510058
408377829, 409745600, 1367771
409868457, 411347772, 1479315
411474172, 412793943, 1319771
412917257, 414413829, 1496572
414541029, 415846971, 1305942
415970971, 417442857, 1471886
417569486, 418905029, 1335543
419194743, 420558057, 1363314
420682286, 422006286, 1324000
422280000, 423634514, 1354514
423757257, 425265943, 1508686
425392229, 426776571, 1384342
426900000, 428400115, 1500115
428526743, 429856457, 1329714
429978514, 431450286, 1471772
431577600, 432878171, 1300571
433164572, 434510743, 1346171
434636000, 435937714, 1301714
436211543, 437610857, 1399314
437733372, 439248343, 1514971
439374972, 440731543, 1356571
440854400, 442337372, 1482972
442464343, 443803543, 1339200
443928686, 445413257, 1484571
445540800, 446851886, 1311086
446975200, 448451429, 1476229
448577600, 449883657, 1306057
450006514, 451507772, 1501258
451634857, 452956800, 1321943
453234400, 454604572, 1370172
454727657, 456240915, 1513258
456366857, 457714629, 1347772
457837600, 459311886, 1474286
459438629, 460803886, 1365257
460926743, 462414286, 1487543
462541257, 463866057, 1324800
463989371, 465477257, 1487886
465603543, 466933829, 1330286
467215315, 468579086, 1363771
468702057, 470179086, 1477029
470309029, 471648572, 1339543
471770400, 473275086, 1504686
473401257, 474759200, 1357943
474882400, 476373943, 1491543
476500800, 477835200, 1334400
477958743, 479491200, 1532457
479616229, 480972800, 1356571
481247658, 482641714, 1394056
482763657, 484267886, 1504229
484393943, 485814971, 1421028
485938400, 487462515, 1524115
487589143, 488954514, 1365371
489230629, 490630057, 1399428
490752800, 492261029, 1508229
492387200, 493742972, 1355772
493865600, 495349943, 1484343
495476343, 496801486, 1325143
496925829, 498414515, 1488686
498542057, 499854971, 1312914
499979200, 501465372, 1486172
501592000, 502893600, 1301600
503183086, 504532343, 1349257
504660000, 505975543, 1315543
506265715, 507617143, 1351428
507740914, 509250858, 1509944
509377600, 510735543, 1357943
510859086, 512342057, 1482971
512469829, 513793029, 1323200
513916114, 515418400, 1502286
515546972, 516863543, 1316571
516987543, 518475086, 1487543
518601600, 519965486, 1363886
520769371, 522414515, 1645144
522542629, 523905029, 1362400
524186858, 525544343, 1357485
525669257, 526974743, 1305486
527247315, 528589257, 1341942
528713714, 530236458, 1522744
530362972, 531744800, 1381828
531867314, 533349257, 1481943
533476115, 534812457, 1336342
534935200, 536430857, 1495657
536558400, 537864914, 1306514
537988000, 539461829, 1473829
539588343, 540887543, 1299200
541011086, 542506514, 1495428
542632572, 543933371, 1300799
544209029, 545556457, 1347428
545680686, 546994971, 1314285
547266857, 548610629, 1343772
548734972, 550189372, 1454400
550317143, 551669257, 1352114
551791771, 553319429, 1527658
553447200, 554811771, 1364571
554935200, 556427543, 1492343
556554629, 557875543, 1320914
557998743, 559479429, 1480686
559605143, 560970743, 1365600
561245600, 562583086, 1337486
562707657, 564230515, 1522858
564357143, 565714057, 1356914
565837029, 567317715, 1480686
567445029, 568807771, 1362742
568934743, 570452800, 1518057
570577943, 571890171, 1312228
572181715, 573540572, 1358857
573665714, 574976000, 1310286
575248458, 576588572, 1340114
576713029, 578238515, 1525486
578364457, 579754172, 1389715
579877143, 581367315, 1490172
581494057, 582833143, 1339086
582954971, 584430857, 1475886
584557029, 585867429, 1310400
585989829, 587480915, 1491086
587605943, 588899771, 1293828
589188915, 590523429, 1334514
590649486, 591957714, 1308228
592231315, 593634286, 1402971
593762743, 595273257, 1510514
595398743, 596815657, 1416914
596938629, 598433257, 1494628
598560114, 599892000, 1331886
600015543, 601497715, 1482172
601624000, 602981829, 1357829
603256229, 604602286, 1346057
604726400, 606249486, 1523086
606374629, 607728800, 1354171
607851429, 609328343, 1476914
609454172, 610785143, 1330971
610908114, 612408457, 1500343
612534514, 613850857, 1316343
613974629, 615458972, 1484343
615584457, 616891200, 1306743
617169715, 618530400, 1360685
618655429, 619957029, 1301600
620234743, 621584000, 1349257
621707657, 623201258, 1493601
623328686, 624720114, 1391428
624843086, 626321715, 1478629
626447429, 627804114, 1356685
627932457, 629443543, 1511086
629570400, 630898400, 1328000
631176800, 632519886, 1343086
632646286, 633963543, 1317257
634237943, 635582743, 1344800
635707200, 637167543, 1460343
637297943, 638652457, 1354514
638775200, 640274286, 1499086
640400229, 641772000, 1371771
641894400, 643395315, 1500915
643522972, 644840571, 1317599
644964914, 646834743, 1869829
646961029, 648445486, 1484457
648571314, 649872800, 1301486
649996686, 651477943, 1481257
651603657, 652936114, 1332457
653219658, 654585143, 1365485
654709829, 656021029, 1311200
656294400, 657637829, 1343429
657760000, 659269486, 1509486
659396343, 660802400, 1406057
660925257, 662415429, 1490172
662542172, 663857829, 1315657
663982057, 665464343, 1482286
665590057, 666878971, 1288914
667164915, 668509829, 1344914
668635429, 669953371, 1317942
670226400, 671574286, 1347886
671697829, 673148229, 1450400
673278743, 674632000, 1353257
674753600, 676266172, 1512572
676392229, 677777714, 1385485
677900800, 679403657, 1502857
679530286, 680848343, 1318057
680972457, 682457029, 1484572
682582057, 683878057, 1296000
684164686, 685519086, 1354400
685644572, 686940914, 1296342
687216000, 688563086, 1347086
688687314, 690143086, 1455772
690273143, 691666972, 1393829
691788800, 693293372, 1504572
693420229, 694785714, 1365485
694908343, 696404343, 1496000
696531314, 697858286, 1326972
697981486, 699464686, 1483200
699591086, 700891771, 1300685
701182286, 702542629, 1360343
702668572, 703973371, 1304799
704245258, 705608572, 1363314
705731086, 707247543, 1516457
707374172, 708724686, 1350514
708847657, 710313943, 1466286
710440915, 712220229, 1779314
712349943, 713711772, 1361829
713835429, 715316686, 1481257
715443657, 716787086, 1343429
716910286, 718418629, 1508343
718546400, 719860114, 1313714
719984457, 721466400, 1481943
721592686, 722890057, 1297371
723183315, 724545029, 1361714
724672343, 725982400, 1310057
726255772, 727606514, 1350742
727730286, 729249029, 1518743
729376229, 730744800, 1368571
730868000, 732360915, 1492915
732986971, 734620686, 1633715
734744114, 736263543, 1519429
736390172, 737742629, 1352457
737865486, 739375200, 1509714
739504115, 740830286, 1326171
740953371, 742437029, 1483658
742563886, 743867086, 1303200
744148686, 745493143, 1344457
745618743, 746938857, 1320114
747224572, 748566286, 1341714
748690514, 750185372, 1494858
750314172, 751652114, 1337942
751774514, 753277143, 1502629
753404115, 754770400, 1366285
754893714, 756405486, 1511772
756532572, 757836457, 1303885
757959657, 759438972, 1479315
759565714, 760877600, 1311886
761000571, 762493257, 1492686
762619086, 763909714, 1290628
764194515, 765538172, 1343657
765662514, 766968914, 1306400
767248115, 768583429, 1335314
768707772, 770172229, 1464457
770300343, 771717029, 1416686
771839771, 773300457, 1460686
773427543, 774805600, 1378057
774928000, 776414629, 1486629
776541257, 777841943, 1300686
777965029, 779441486, 1476457
779568000, 780871657, 1303657
780995086, 782470743, 1475657
782596000, 783910857, 1314857
784193486, 785536686, 1343200
785664229, 786990400, 1326171
787263086, 788668686, 1405600
788790400, 790300229, 1509829
790426400, 791804229, 1377829
791930971, 793418743, 1487772
793544572, 794855314, 1310742
794977829, 796472800, 1494971
796598400, 797970629, 1372229
798246629, 799602172, 1355543
799726857, 801355886, 1629029
801482629, 802809600, 1326971
802933714, 804422629, 1488915
804549257, 805858057, 1308800
805981714, 807473486, 1491772
807599314, 808907886, 1308572
809193143, 810543772, 1350629
810670286, 811973029, 1302743
812246058, 813624800, 1378742
813752000, 815318743, 1566743
815445372, 816793486, 1348114
816915771, 818412800, 1497029
818539657, 819858171, 1318514
819981029, 821459886, 1478857
821585486, 822884686, 1299200
823172343, 824517486, 1345143
824643772, 825941371, 1297599
826218172, 827578743, 1360571
827703200, 829016914, 1313714
829289486, 830930286, 1640800
831215086, 832566057, 1350971
832690286, 833997029, 1306743
834268343, 835615200, 1346857
835738857, 837264000, 1525143
837389600, 838745714, 1356114
838868343, 840622172, 1753829
840748229, 842277029, 1528800
842403086, 843770972, 1367886
843893029, 845399086, 1506057
845526286, 846834286, 1308000
846957600, 848438743, 1481143
848565714, 849870286, 1304572
849993714, 851470857, 1477143
851597143, 852910743, 1313600
853192686, 854540572, 1347886
854667886, 855978971, 1311085
856251886, 857650286, 1398400
857772229, 859273829, 1501600
859400915, 860765029, 1364114
860888114, 862631886, 1743772
862757943, 864281829, 1523886
864408572, 865783657, 1375085
865906514, 867409029, 1502515
867536114, 868838971, 1302857
868961486, 870434172, 1472686
870561257, 871864686, 1303429
871987543, 873471657, 1484114
873597257, 874966400, 1369143
875242400, 876645943, 1403543
876773714, 878284000, 1510286
878410972, 879778172, 1367200
879901257, 881400343, 1499086
881527200, 882840686, 1313486
882964114, 884446172, 1482058
884573372, 885871886, 1298514
885994629, 887493257, 1498628
887618857, 888929486, 1310629
889215086, 890578286, 1363200
890702514, 892236000, 1533486
892361943, 893734514, 1372571
893856571, 895342400, 1485829
895469257, 896790514, 1321257
896913029, 898406857, 1493828
898534629, 899850743, 1316114
899975086, 901442629, 1467543
901569714, 902875314, 1305600
902998857, 904490286, 1491429
904615429, 905910743, 1295314
906184915, 907523543, 1338628
907649600, 908956686, 1307086
909236572, 910578972, 1342400
910703314, 912158058, 1454744
912288572, 913641257, 1352685
913764000, 915273829, 1509829
915400000, 916769714, 1369714
916891657, 918412343, 1520686
918539086, 919446972, 907886
919569486, 926260457, 6690971
926390285, 927741372, 1351087
927864457, 929357143, 1492686
929484229, 930830857, 1346628
930953600, 932445829, 1492229
932572000, 933884800, 1312800
934178515, 935519200, 1340685
935645714, 936959771, 1314057
937233486, 938580572, 1347086
938706629, 940019657, 1313028
940287315, 941705486, 1418171
941828914, 943306629, 1477715
943433486, 944768914, 1335428
944892229, 946386286, 1494057
946514172, 947847543, 1333371
947970514, 949451657, 1481143
949578172, 950883314, 1305142
951707543, 953353029, 1645486
953480800, 954825257, 1344457
954949371, 956439315, 1489944
956564800, 957902286, 1337486
958180000, 959516686, 1336686
959642172, 960950971, 1308799
961233372, 962579772, 1346400
962705143, 964166515, 1461372
964295086, 965718743, 1423657
965841829, 967317600, 1475771
967442743, 968805371, 1362628
968928800, 970417372, 1488572
970543886, 971868343, 1324457
971991657, 973471315, 1479658
973596686, 974897143, 1300457
975179200, 976523772, 1344572
976649143, 977974400, 1325257
978250629, 979595314, 1344685
979719657, 981238515, 1518858
981364343, 982745371, 1381028
982867771, 984374515, 1506744
984501372, 985843086, 1341714
985965943, 987439086, 1473143
987564914, 988879314, 1314400
989001943, 990478286, 1476343
990603657, 991894743, 1291086
992177372, 993540800, 1363428
993668572, 995230858, 1562286
995356686, 996723886, 1367200
996846286, 998362857, 1516571
998488457, 999819886, 1331429
999942286, 1429943, -998512343
1557714, 2860229, 1302515
2981714, 4478972, 1497258
4603314, 5920343, 1317029
6202286, 7542400, 1340114
7664686, 8977714, 1313028
9254058, 10607543, 1353485
10730514, 12184343, 1453829
12309943, 13652572, 1342629
13772914, 15280572, 1507658
15406400, 16772457, 1366057
16895314, 18398515, 1503201
18524914, 19844343, 1319429
19967086, 21439543, 1472457
21564800, 22868000, 1303200
22990286, 24467315, 1477029
24591429, 26226400, 1634971
26353715, 27714743, 1361028
27836000, 29310515, 1474515
29435886, 30804000, 1368114
30926171, 32413372, 1487201
32538400, 33849371, 1310971
33971429, 35447315, 1475886
35572229, 36892000, 1319771
37165029, 38499772, 1334743
38624114, 39931429, 1307315
40205029, 41567314, 1362285
41691772, 43201715, 1509943
43326629, 44669829, 1343200
44790286, 46297829, 1507543
46423315, 47777257, 1353942
48579314, 50226858, 1647544
50351772, 51957486, 1605714
52235086, 53598743, 1363657
53721600, 55201143, 1479543
55327315, 56671086, 1343771
56791771, 58298857, 1507086
58424343, 59779086, 1354743
59902400, 61402857, 1500457
61529372, 62862286, 1332914
62984457, 64467657, 1483200
64592114, 65897829, 1305715
66179429, 67531200, 1351771
67655314, 68961829, 1306515
69237372, 70580000, 1342628
70703086, 72154858, 1451772
72282515, 73718743, 1436228
73841029, 75318972, 1477943
75443772, 76803771, 1359999
76926400, 78419543, 1493143
78546172, 79857029, 1310857
79978971, 81463429, 1484458
81588229, 82942629, 1354400
83225486, 84572914, 1347428
84695886, 86009029, 1313143
86276115, 87890743, 1614628
88014400, 89510972, 1496572
89637257, 90957029, 1319772
91236343, 92576229, 1339886
92699086, 94146629, 1447543
94274057, 95635200, 1361143
95756229, 97272572, 1516343
97397943, 98780800, 1382857
98902514, 100406629, 1504115
100533372, 101843429, 1310057
101967200, 103439429, 1472229
103565372, 104880457, 1315085
105150515, 106502172, 1351657
106628343, 107928343, 1300000
108208000, 109569143, 1361143
109693486, 110999543, 1306057
111266400, 112624686, 1358286
112746286, 114255543, 1509257
114381372, 115773257, 1391885
115895771, 117384572, 1488801
117510057, 118834400, 1324343
118958286, 120437715, 1479429
120563772, 121882629, 1318857
122155886, 123517372, 1361486
123642857, 124962857, 1320000
125239886, 126584457, 1344571
126708572, 128159086, 1450514
128288115, 129619086, 1330971
129740800, 131252000, 1511200
131377943, 132725372, 1347429
132848000, 134318972, 1470972
134444915, 135791086, 1346171
135913943, 137396000, 1482057
137522972, 138847886, 1324914
138971314, 140465143, 1493829
140590972, 141906514, 1315542
142184686, 143525257, 1340571
143650514, 145371086, 1720572
145501486, 146858629, 1357143
146981143, 148466515, 1485372
148593486, 149892686, 1299200
150162515, 151507543, 1345028
151633714, 152948000, 1314286
153220800, 154570057, 1349257
154695657, 156014057, 1318400
156285029, 157630629, 1345600
157753372, 159263886, 1510514
159389829, 160779886, 1390057
160902971, 162398743, 1495772
162526629, 163845371, 1318742
163968686, 165449029, 1480343
165576114, 166877029, 1300915
167000000, 168483429, 1483429
168609257, 169911657, 1302400
170193715, 171542514, 1348799
172412800, 173890057, 1477257
174168000, 175509829, 1341829
175634972, 176940686, 1305714
177219658, 178563657, 1343999
178687314, 180008457, 1321143
180283772, 181629143, 1345371
181751543, 183270286, 1518743
183396000, 184777257, 1381257
184900114, 186396800, 1496686
186523543, 187835886, 1312343
187958971, 189438857, 1479886
189565372, 190882857, 1317485
191157715, 192514743, 1357028
192640229, 193948114, 1307885
194228458, 195572914, 1344456
195696914, 197012457, 1315543
197283543, 198623086, 1339543
198745257, 200252915, 1507658
200378515, 201751200, 1372685
201879429, 203368343, 1488914
203495772, 204836914, 1341142
204960343, 206444800, 1484457
206571200, 207873943, 1302743
207996000, 209488572, 1492572
209614857, 210921029, 1306172
211206629, 212581714, 1375085
212707543, 214155200, 1447657
214284686, 215629829, 1345143
215751886, 217258515, 1506629
217385829, 218745029, 1359200
218867429, 220368915, 1501486
220495886, 221824343, 1328457
221947314, 223430743, 1483429
223557600, 224867086, 1309486
224989829, 226472229, 1482400
226597600, 227897029, 1299429
228186172, 229543657, 1357485
229668572, 230973600, 1305028
231245600, 232642514, 1396914
232763429, 234269486, 1506057
234395886, 235812571, 1416685
235934857, 237423200, 1488343
237550172, 238862971, 1312799
238985829, 240464800, 1478971
240589600, 241890857, 1301257
242178972, 243542857, 1363885
243668914, 244972571, 1303657
245245143, 246600572, 1355429
246724114, 248242972, 1518858
248368000, 249768686, 1400686
249891657, 251381029, 1489372
251507886, 252828914, 1321028
252952114, 254444000, 1491886
254570514, 255874743, 1304229
255998286, 257489257, 1490971
257616343, 258914400, 1298057
259196800, 260541486, 1344686
260666857, 261968571, 1301714
262241029, 263578514, 1337485
263702629, 265025486, 1322857
265291429, 266636914, 1345485
266758057, 268265943, 1507886
268392115, 269751429, 1359314
269873714, 271366057, 1492343
271493372, 272806857, 1313485
272929257, 274416686, 1487429
274542514, 275867314, 1324800
275990400, 277474857, 1484457
277600000, 278894743, 1294743
279167886, 279933371, 765485
280204343, 282406857, 2202514
282538743, 283871657, 1332914
283995086, 285531886, 1536800
285658972, 286962171, 1303199
287234286, 288633486, 1399200
288755771, 290260457, 1504686
290386515, 291742629, 1356114
291865714, 293335772, 1470058
293462629, 294822286, 1359657
294945029, 296426286, 1481257
296553257, 297859429, 1306172
297982057, 299482515, 1500458
299608914, 300911886, 1302972
301195886, 302543200, 1347314
302668457, 303977600, 1309143
304250743, 305596457, 1345714
305721372, 307236458, 1515086
307362515, 308713257, 1350742
308836686, 310361715, 1525029
310488457, 311801943, 1313486
311923771, 313415886, 1492115
313542514, 314852686, 1310172
314975886, 316447543, 1471657
316574400, 317944457, 1370057
318221715, 319574514, 1352799
319699314, 321151086, 1451772
321281715, 322644114, 1362399
322765714, 324272000, 1506286
324398057, 325758286, 1360229
325880800, 327370286, 1489486
327497029, 328810629, 1313600
328933371, 330414172, 1480801
330540914, 331844229, 1303315
331967429, 333441600, 1474171
333568914, 334869600, 1300686
334992457, 336467429, 1474972
336592800, 337903200, 1310400
338026629, 339535657, 1509028
339660000, 340970629, 1310629
341247200, 342598172, 1350972
342722057, 344180572, 1458515
344308000, 345646629, 1338629
345769143, 347273715, 1504572
347400343, 348761829, 1361486
348884457, 350377943, 1493486
350504572, 351822057, 1317485
351945943, 353424800, 1478857
353551086, 354883771, 1332685
355011314, 356501143, 1489829
356627657, 357943657, 1316000
358224458, 359564343, 1339885
359689029, 360992228, 1303199
361265715, 362611314, 1345599
362735543, 364253372, 1517829
364380229, 365767657, 1387428
365891543, 367389715, 1498172
367517029, 368866400, 1349371
368992228, 370485943, 1493715
370613143, 371924800, 1311657
372212800, 373576457, 1363657
373701829, 375170172, 1468343
375298743, 376628343, 1329600
376751543, 378263200, 1511657
378390057, 379749143, 1359086
379872343, 381372457, 1500114
381500343, 382825257, 1324914
382949829, 384455429, 1505600
385317486, 386778857, 1461371
386903314, 388394515, 1491201
388522400, 389849371, 1326971
389973600, 391472343, 1498743
391598857, 392906857, 1308000
393183315, 394528914, 1345599
394655314, 395961257, 1305943
396234058, 397588343, 1354285
397712914, 399026743, 1313829
399294515, 400643314, 1348799
400765143, 402275543, 1510400
402402057, 403773372, 1371315
403896686, 405390972, 1494286
405518172, 406835314, 1317142
406959086, 408428915, 1469829
408555772, 409462400, 906628
410002514, 411568800, 1566286
411693029, 413162172, 1469143
413292572, 414654514, 1361942
414776571, 416285715, 1509144
416413143, 417763543, 1350400
417891886, 419388229, 1496343
419515429, 420859771, 1344342
420983086, 422519429, 1536343
422646400, 423955429, 1309029
424227772, 425568686, 1340914
425693943, 427197372, 1503429
427325143, 428674172, 1349029
428796000, 430301715, 1505715
430428572, 431796229, 1367657
431918629, 433405943, 1487314
433532800, 434837600, 1304800
434960457, 436438057, 1477600
436565714, 437937143, 1371429
438214058, 439567886, 1353828
439691886, 441013143, 1321257
441286057, 442640800, 1354743
442762400, 444271657, 1509257
444397372, 445768914, 1371542
445891886, 447390857, 1498971
447517600, 448831657, 1314057
448955200, 450441257, 1486057
450568457, 451937600, 1369143
452215543, 453572914, 1357371
453697714, 455152229, 1454515
455282515, 456632229, 1349714
456754971, 458263429, 1508458
458390057, 459738172, 1348115
459861486, 461369486, 1508000
461496000, 462872914, 1376914
463148800, 464543314, 1394514
464667657, 466168915, 1501258
466299200, 467637029, 1337829
467759200, 469266857, 1507657
469392686, 470771429, 1378743
470894286, 472374629, 1480343
472501029, 473830286, 1329257
473954743, 475452000, 1497257
475579086, 476877143, 1298057
476999771, 478472686, 1472915
478598400, 479908114, 1309714
480183543, 481546972, 1363429
481673372, 482975314, 1301942
483246629, 484601486, 1354857
484725829, 486189372, 1463543
486316686, 487645143, 1328457
487767086, 489270629, 1503543
489396686, 490764571, 1367885
490887314, 492379657, 1492343
492506972, 493825371, 1318399
493949943, 495428229, 1478286
495555657, 496872114, 1316457
496994171, 498520114, 1525943
498645714, 500009943, 1364229
500286515, 501722400, 1435885
501845714, 503376229, 1530515
503503086, 504870514, 1367428
505153258, 506549029, 1395771
506674057, 508196115, 1522058
508323543, 509730172, 1406629
509853486, 511336686, 1483200
511463772, 512835771, 1371999
512959200, 514480915, 1521715
514607657, 515969029, 1361372
516244800, 517647314, 1402514
517769943, 519281829, 1511886
519408115, 520776914, 1368799
520900343, 522388229, 1487886
522515086, 523844229, 1329143
523967657, 525464229, 1496572
525590400, 526904114, 1313714
527178743, 528524114, 1345371
528649600, 529951657, 1302057
530227658, 531623314, 1395656
531746172, 533251200, 1505028
533377257, 534736914, 1359657
534859657, 536351543, 1491886
536477829, 537822857, 1345028
537945371, 539428229, 1482858
539556343, 540872343, 1316000
540995428, 542489600, 1494172
542615543, 543910629, 1295086
544196915, 545835429, 1638514
545959886, 547662972, 1703086
547786286, 549268229, 1481943
549395886, 550759086, 1363200
550881714, 552379429, 1497715
552506743, 553826286, 1319543
553950629, 555433486, 1482857
555560000, 556860457, 1300457
556984000, 558461143, 1477143
558587543, 559897714, 1310171
560174400, 561516457, 1342057
561642743, 562946286, 1303543
563219886, 564562743, 1342857
564687429, 566147200, 1459771
566277715, 567610972, 1333257
567732800, 569250515, 1517715
569376915, 570728800, 1351885
570851543, 572331772, 1480229
572458629, 573818286, 1359657
573941143, 575438057, 1496914
575564000, 576881486, 1317486
577006514, 578505943, 1499429
578632686, 579947429, 1314743
580221943, 581566172, 1344229
581691200, 583147886, 1456686
583278515, 584633372, 1354857
584757029, 586268000, 1510971
586394400, 587768114, 1373714
587890971, 589392000, 1501029
589519886, 590836114, 1316228
590960571, 592442057, 1481486
592569943, 593887543, 1317600
594162515, 595518286, 1355771
595645829, 596957943, 1312114
597744343, 599362629, 1618286
599491543, 600859086, 1367543
600981829, 602460915, 1479086
602588686, 603908914, 1320228
604194058, 605559886, 1365828
605684914, 606992228, 1307314
607263543, 608610629, 1347086
608733600, 610248800, 1515200
610374972, 611743200, 1368228
611865257, 613355200, 1489943
613481829, 614805943, 1324114
614929029, 616420686, 1491657
616547886, 617854857, 1306971
617978743, 619461257, 1482514
619587886, 620908686, 1320800
621194172, 622580686, 1386514
622706514, 624027086, 1320572
624300915, 625659543, 1358628
625781829, 627291657, 1509828
627417600, 628787543, 1369943
628910857, 630405943, 1495086
630532686, 631850743, 1318057
631974057, 633458972, 1484915
633584343, 634884229, 1299886
635171429, 636518172, 1346743
636643429, 637938171, 1294742
638229486, 639586286, 1356800
639711086, 641180343, 1469257
641308686, 642218286, 909600
642341829, 645999314, 3657485
646600114, 648171999, 1571885
648302971, 649642856, 1339885
649764456, 651272799, 1508343
651399314, 652764228, 1364914
652887771, 654377028, 1489257
654503657, 655875771, 1372114
655998971, 657483085, 1484114
657608571, 658903656, 1295085
659185485, 660530057, 1344572
660655428, 661961371, 1305943
662234399, 663580457, 1346058
663704571, 665422971, 1718400
665552114, 666877942, 1325828
667000914, 668530971, 1530057
668657714, 669970285, 1312571
670249028, 671590285, 1341257
671714171, 673179428, 1465257
673305028, 674632114, 1327086
674753828, 676262628, 1508800
676388799, 677766742, 1377943
677889485, 679385485, 1496000
679511199, 680827085, 1315886
680950628, 682438057, 1487429
682564914, 683940114, 1375200
684214514, 685566742, 1352228
685690742, 687010856, 1320114
687280571, 688630628, 1350057
688752571, 690262857, 1510286
690388914, 691736456, 1347542
691859656, 693360799, 1501143
693487314, 694809942, 1322628
694933142, 696427314, 1494172
696554742, 697863314, 1308572
697985942, 699469599, 1483657
699595085, 700953256, 1358171
701232799, 702571199, 1338400
702695542, 704175314, 1479772
704301371, 705688114, 1386743
705810856, 707286171, 1475315
707413257, 708787542, 1374285
708910742, 710412457, 1501715
710539085, 711850628, 1311543
711973942, 713451771, 1477829
713577599, 714877599, 1300000
715000342, 716476799, 1476457
716602514, 717901485, 1298971
718184228, 719544342, 1360114
719670628, 721139657, 1469029
721268457, 722600342, 1331885
722724228, 724237714, 1513486
724364342, 725739771, 1375429
725862628, 727342857, 1480229
727469714, 728796342, 1326628
728918285, 730414171, 1495886
730541599, 731849828, 1308229
731973256, 733457257, 1484001
733582628, 734886628, 1304000
735009599, 736494399, 1484800
736620228, 737940571, 1320343
738244342, 739637714, 1393372
739770171, 741292685, 1522514
741418971, 742792114, 1373143
742915085, 744405714, 1490629
744532571, 745847771, 1315200
745971314, 747450628, 1479314
747577371, 748877028, 1299657
748999771, 750481828, 1482057
750607542, 751902399, 1294857
752184571, 753552685, 1368114
753679999, 754988685, 1308686
755258171, 756597942, 1339771
756723199, 758232799, 1509600
758358514, 759720685, 1362171
759843885, 761324685, 1480800
761450057, 762786856, 1336799
762909714, 764418514, 1508800
764545599, 765859656, 1314057
765982971, 767458628, 1475657
767584342, 768900342, 1316000
769181371, 770535542, 1354171
770661371, 771967428, 1306057
772240685, 773575999, 1335314
773700114, 775146628, 1446514
775275771, 776615771, 1340000
776737828, 778249142, 1511314
778374857, 779735656, 1360799
779857485, 781364685, 1507200
781491428, 782814971, 1323543
782938056, 784427314, 1489258
784553485, 785852799, 1299314
785975885, 787450057, 1474172
787575771, 788876914, 1301143
788999885, 790475999, 1476114
790602057, 791893485, 1291428
792171542, 793509942, 1338400
793637485, 794951199, 1313714
795231657, 796630857, 1399200
796753142, 798241599, 1488457
798367999, 799759085, 1391086
799882285, 801370857, 1488572
801498285, 803190857, 1692572
803318285, 804656799, 1338514
804779085, 806286514, 1507429
806413599, 807787542, 1373943
807911199, 809388799, 1477600
809516457, 810832799, 1316342
810956456, 812441028, 1484572
813298857, 814776685, 1477828
814900799, 816392685, 1491886
816519885, 817846856, 1326971
817971428, 819458857, 1487429
819585028, 820898514, 1313486
821190057, 822539085, 1349028
822662857, 823555199, 892342
823676685, 830278286, 6601601
830408458, 831790629, 1382171
831914629, 833713829, 1799200
833837257, 835315543, 1478286
835441943, 836839200, 1397257
836962057, 838443657, 1481600
838570172, 839881829, 1311657
840156000, 841499772, 1343772
841625829, 842926857, 1301028
843202172, 844543314, 1341142
844670400, 845974171, 1303771
846245715, 847601029, 1355314
847725257, 849197258, 1472001
849325029, 850678400, 1353371
850800571, 852303315, 1502744
852429715, 853787771, 1358056
853910286, 855403543, 1493257
855530172, 856834971, 1304799
856957600, 858434972, 1477372
858562286, 859862743, 1300457
859985943, 861461486, 1475543
861587886, 862894857, 1306971
863186286, 864531429, 1345143
864658629, 865968229, 1309600
866241258, 867642400, 1401142
867765143, 869268457, 1503314
869394515, 870764229, 1369714
870886400, 872373486, 1487086
872499772, 873822971, 1323199
873947543, 875427772, 1480229
875556572, 876926286, 1369714
877212115, 878571657, 1359542
878695886, 880000571, 1304685
880270515, 881619772, 1349257
881742743, 883251086, 1508343
883377257, 884760114, 1382857
884884000, 886369486, 1485486
886495886, 887817257, 1321371
887940914, 889428229, 1487315
889555543, 890927543, 1372000
891212115, 892570514, 1358399
892694743, 894148458, 1453715
894277372, 895613714, 1336342
895736800, 897243200, 1506400
897369829, 898733143, 1363314
898855314, 900352457, 1497143
900478972, 901792229, 1313257
901914400, 903409943, 1495543
903536686, 904841600, 1304914
904964914, 906438515, 1473601
906564686, 907858971, 1294285
907982400, 909454400, 1472000
909582286, 910895200, 1312914
911184800, 912532000, 1347200
912658743, 913975200, 1316457
914248229, 915881714, 1633485
916006400, 917512572, 1506172
917637943, 918944457, 1306514
919221143, 920619657, 1398514
920742286, 922246629, 1504343
922373829, 923762743, 1388914
923885829, 925377029, 1491200
925503429, 926829943, 1326514
926954286, 928432229, 1477943
928559429, 929880571, 1321142
930154743, 931496686, 1341943
931622629, 932923657, 1301028
933205486, 934552229, 1346743
934677257, 935973829, 1296572
936247086, 937596457, 1349371
937719657, 939178058, 1458401
939306515, 940647314, 1340799
940768800, 942275886, 1507086
942402172, 943772114, 1369942
943894857, 945384686, 1489829
945511429, 946830857, 1319428
946955543, 948432915, 1477372
948560000, 949879543, 1319543
950001371, 951510286, 1508915
951636114, 952941829, 1305715
953217143, 954600686, 1383543
954726400, 956249372, 1522972
956375086, 957751543, 1376457
957875657, 959361143, 1485486
959488457, 960805600, 1317143
960930629, 962672914, 1742285
962802514, 964286743, 1484229
964413715, 965751771, 1338056
965874743, 967323886, 1449143
967451200, 968793257, 1342057
968914971, 970389600, 1474629
970516800, 971813257, 1296457
971936343, 973398400, 1462057
973526514, 974810286, 1283772
974932343, 976391086, 1458743
976518743, 977802971, 1284228
977924686, 979387429, 1462743
979514743, 980811657, 1296914
980934629, 982395086, 1460457
982522515, 983848114, 1325599
983976343, 985464800, 1488457
985592114, 986885257, 1293143
987155772, 988479429, 1323657
988606286, 989878286, 1272000
990149600, 991482172, 1332572
991608572, 992885486, 1276914
993007886, 994466286, 1458400
994592914, 995862286, 1269372
995984114, 997431200, 1447086
997558514, 998838629, 1280115
998961257, 420800, -998540457
550400, 1836343, 1285943
1956686, 3431086, 1474400
3558629, 4490057, 931428
4613257, 13589485, 8976228
13718285, 15232342, 1514057
15358971, 16689714, 1330743
16812228, 18291771, 1479543
18419085, 19762971, 1343886
19884914, 21339542, 1454628
21466742, 22774628, 1307886
22896914, 24362057, 1465143
24489371, 25809485, 1320114
25931314, 27390285, 1458971
27517714, 28823542, 1305828
28946628, 30421828, 1475200
30549371, 31832342, 1282971
31954514, 33418628, 1464114
33546171, 34825942, 1279771
34948114, 36412799, 1464685
36540685, 37835199, 1294514
38636799, 40253142, 1616343
40381257, 41716456, 1335199
41838285, 43285485, 1447200
43411542, 44750514, 1338972
44872228, 46318057, 1445829
46444342, 47792456, 1348114
48583085, 50216571, 1633486
50342857, 51697828, 1354971
51818742, 53315999, 1497257
53441714, 54784685, 1342971
54905028, 56383885, 1478857
56510857, 57807885, 1297028
57930856, 59390285, 1459429
59517142, 60811656, 1294514
60934399, 62401599, 1467200
62528571, 63816914, 1288343
63938628, 65403542, 1464914
65530971, 66829714, 1298743
66952799, 68411542, 1458743
68539999, 69822628, 1282629
69944114, 71404114, 1460000
71531085, 72827656, 1296571
72948914, 74410857, 1461943
74537828, 75827428, 1289600
75950399, 77417599, 1467200
77544114, 78828685, 1284571
78950742, 80414628, 1463886
80541485, 81841485, 1300000
81962285, 83414057, 1451772
83541485, 84834399, 1292914
84956342, 86435428, 1479086
86563999, 87853371, 1289372
87975199, 89429714, 1454515
89557371, 90847771, 1290400
90970856, 92419999, 1449143
92547314, 93838514, 1291200
93960685, 95411999, 1451314
95539199, 96827656, 1288457
96950171, 98411314, 1461143
98538057, 99817599, 1279542
99939085, 101415085, 1476000
101542971, 102838056, 1295085
102960456, 104416228, 1455772
104542857, 105828571, 1285714
105950971, 107413828, 1462857
107541485, 108833028, 1291543
108955885, 110412342, 1456457
110539657, 111831999, 1292342
111956685, 113409942, 1453257
113538628, 114837028, 1298400
114960456, 116416914, 1456458
116544342, 117820228, 1275886
117942171, 119415771, 1473600
119543199, 120827656, 1284457
120950056, 122408228, 1458172
122535657, 123829828, 1294171
123954056, 125408457, 1454401
125537028, 126827656, 1290628
126950514, 128412228, 1461714
128539885, 129824799, 1284914
129946399, 131413257, 1466858
131541599, 132836114, 1294515
132959085, 134412114, 1453029
134539771, 135824342, 1284571
135946856, 137409257, 1462401
137536571, 138817599, 1281028
138939771, 140403085, 1463314
140530628, 141825599, 1294971
141948799, 143403199, 1454400
143530399, 144838171, 1307772
144965599, 146432685, 1467086
146560114, 147842171, 1282057
147963999, 149418057, 1454058
149546742, 150864914, 1318172
150987085, 152461257, 1474172
152587657, 153864114, 1276457
153985599, 155492914, 1507315
155619199, 156899199, 1280000
157186857, 158504114, 1317257
158630057, 159904456, 1274399
160185371, 161508571, 1323200
161635314, 162910514, 1275200
163191199, 164511999, 1320800
164638285, 165916456, 1278171
166196914, 167526171, 1329257
167653256, 168926742, 1273486
169205257, 170521257, 1316000
170647885, 171920799, 1272914
172198514, 173531771, 1333257
173658628, 174951085, 1292457
175224457, 176550285, 1325828
176675428, 177957371, 1281943
178241485, 179575885, 1334400
179699656, 180992228, 1292572
181264571, 182581942, 1317371
182707542, 183999085, 1291543
184270514, 185589142, 1318628
185713485, 186995428, 1281943
187265942, 188575999, 1310057
188700799, 189982742, 1281943
190254857, 191564342, 1309485
191689142, 192973485, 1284343
193244685, 194564114, 1319429
194689714, 195972114, 1282400
196247428, 197567428, 1320000
197692685, 198975085, 1282400
199245714, 200579428, 1333714
200703428, 201995085, 1291657
202267428, 203579085, 1311657
203704685, 205167085, 1462400
205294514, 206607771, 1313257
206728799, 208213828, 1485029
208341371, 209674171, 1332800
209796114, 211270742, 1474628
211397714, 212752685, 1354971
212875314, 214329028, 1453714
214456342, 215765828, 1309486
215887542, 217341942, 1454400
217469828, 218802285, 1332457
218924456, 220382628, 1458172
220510514, 221809256, 1298742
221933256, 223401028, 1467772
223528342, 224812456, 1284114
224934856, 226414971, 1480115
226542514, 227830742, 1288228
227953714, 229403771, 1450057
229532799, 230822399, 1289600
230946285, 232421599, 1475314
232547771, 233873485, 1325714
233996456, 235467314, 1470858
235594399, 236869485, 1275086
236991771, 238453485, 1461714
238581028, 239870628, 1289600
239992685, 241466514, 1473829
241594742, 242873714, 1278972
242996114, 244465257, 1469143
244593371, 245934971, 1341600
246210742, 247533142, 1322400
247659085, 248938856, 1279771
249209485, 250525942, 1316457
251391885, 252853942, 1462057
252977256, 254428228, 1450972
254556571, 255859542, 1302971
255980799, 257445828, 1465029
257573942, 258857714, 1283772
258981028, 260435199, 1454171
260563199, 261838514, 1275315
261960914, 263418171, 1457257
263545942, 264824342, 1278400
264946514, 266420342, 1473828
266547999, 267824799, 1276800
267946514, 269408342, 1461828
269535885, 270832342, 1296457
270955199, 272410285, 1455086
272537714, 273829599, 1291885
273952571, 275416342, 1463771
275543428, 276819999, 1276571
276942628, 278412457, 1469829
278540228, 279836685, 1296457
279959542, 281412457, 1452915
281539885, 282831199, 1291314
282954514, 284413714, 1459200
284541142, 285848571, 1307429
285969942, 287423885, 1453943
287551085, 288838628, 1287543
288961256, 290682514, 1721258
290804799, 292296914, 1492115
292423657, 293766971, 1343314
293888914, 295358285, 1469371
295485599, 296794056, 1308457
296915885, 298385257, 1469372
298512342, 299809485, 1297143
299932571, 301401371, 1468800
301529142, 302819656, 1290514
302942628, 304402971, 1460343
304530742, 305824342, 1293600
305946856, 307412685, 1465829
307540685, 308832342, 1291657
308954971, 310416914, 1461943
310544685, 311830399, 1285714
311952571, 313414742, 1462171
313542399, 314851885, 1309486
314974171, 316426857, 1452686
316553714, 317829371, 1275657
317951885, 319416342, 1464457
319544228, 320827656, 1283428
320949485, 322415314, 1465829
322543428, 323844571, 1301143
323965942, 325430628, 1464686
325557714, 326854399, 1296685
326975885, 328433028, 1457143
328560685, 329846628, 1285943
329969485, 331421371, 1451886
331548914, 332826056, 1277142
332947885, 334407999, 1460114
334535428, 335830056, 1294628
335953028, 337402514, 1449486
337530628, 338826971, 1296343
338950171, 340403314, 1453143
340530399, 341818399, 1288000
341940571, 343403199, 1462628
343530628, 344815314, 1284686
344938514, 346406514, 1468000
346533942, 347821942, 1288000
347944571, 349400571, 1456000
349528799, 350814971, 1286172
350937828, 352408914, 1471086
352536342, 353838856, 1302514
353961371, 355411314, 1449943
355538971, 356845828, 1306857
356968685, 358421942, 1453257
358549599, 359891085, 1341486
360014742, 361514971, 1500229
361641485, 362909485, 1268000
363190857, 364515657, 1324800
364642857, 365510057, 867200
366023771, 367567542, 1543771
367692685, 368983771, 1291086
369259428, 370595885, 1336457
370717828, 372003656, 1285828
372272114, 373592799, 1320685
373714742, 374996685, 1281943
375268914, 376593942, 1325028
376718514, 378213599, 1495085
378341142, 379663885, 1322743
379784571, 381259199, 1474628
381385485, 382719199, 1333714
382841828, 384303999, 1462171
384431428, 385765714, 1334286
385887314, 387349599, 1462285
387477714, 388772114, 1294400
388893942, 390352114, 1458172
390479199, 391776571, 1297372
391898514, 393347428, 1448914
393474742, 394779542, 1304800
394900799, 396367199, 1466400
396494171, 397828342, 1334171
397956228, 399491542, 1535314
399616914, 400899085, 1282171
401180114, 402511657, 1331543
402636571, 403921942, 1285371
404202399, 405522628, 1320229
405649142, 406939314, 1290172
407214285, 408551314, 1337029
408676914, 409978514, 1301600
410250514, 411567085, 1316571
411691771, 413145028, 1453257
413274171, 414592571, 1318400
414714742, 416004456, 1289714
416273257, 417596685, 1323428
417717828, 419000114, 1282286
419268457, 420597142, 1328685
420718971, 422009599, 1290628
422278742, 423599656, 1320914
423723885, 425162057, 1438172
425289028, 426607885, 1318857
426730285, 428217485, 1487200
428344228, 429667656, 1323428
429788571, 431260228, 1471657
431386857, 432719999, 1333142
432841371, 434306057, 1464686
434433371, 435787999, 1354628
435909256, 437377371, 1468115
437505599, 438817485, 1311886
438941371, 440410514, 1469143
440537942, 441828685, 1290743
441950971, 443420914, 1469943
443549257, 444837599, 1288342
444959771, 446413028, 1453257
446542171, 447835542, 1293371
447958171, 449410971, 1452800
449539771, 450874285, 1334514
450997485, 452458514, 1461029
452585028, 453882399, 1297371
454005256, 455478857, 1473601
455605371, 457297028, 1691657
457919085, 459492799, 1573714
459620456, 460907885, 1287429
461189028, 462511657, 1322629
462637028, 463914971, 1277943
464193714, 465524799, 1331085
465652571, 466939314, 1286743
467212571, 468534399, 1321828
468658971, 469943199, 1284228
470223542, 471546971, 1323429
471671999, 472957142, 1285143
473234399, 474578171, 1343772
474703428, 476009028, 1305600
476281485, 477601942, 1320457
477723428, 479216571, 1493143
479342399, 480701028, 1358629
480822514, 482274971, 1452457
482400685, 483763999, 1363314
483885942, 485403199, 1517257
485531428, 486883999, 1352571
487005714, 488470857, 1465143
488597714, 489876456, 1278742
490154628, 491493028, 1338400
491619885, 492925942, 1306057
493206285, 494582971, 1376686
494704914, 495999542, 1294628
496269485, 497647085, 1377600
497774514, 499263542, 1489028
499390399, 500719656, 1329257
500841714, 502295885, 1454171
502422628, 503780685, 1358057
503902628, 505381142, 1478514
505507885, 506888342, 1380457
507178857, 508556228, 1377371
508681142, 510177371, 1496229
510304114, 511695199, 1391085
511816914, 513282285, 1465371
513409828, 514771085, 1361257
514893714, 516371428, 1477714
516498857, 517811085, 1312228
517934056, 519410514, 1476458
519537942, 520861714, 1323772
520983314, 522438171, 1454857
522565942, 523911428, 1345486
524190857, 525531657, 1340800
525658742, 526935085, 1276343
527208799, 528535542, 1326743
528660685, 529946628, 1285943
530216685, 531538857, 1322172
531663656, 532943428, 1279772
533216914, 534553828, 1336914
534678857, 535969714, 1290857
536240914, 537566399, 1325485
537691771, 538984228, 1292457
539252685, 540569828, 1317143
540694856, 541998171, 1303315
542268114, 543590971, 1322857
543714742, 545164114, 1449372
545293599, 546156799, 863200
546282171, 553986628, 7704457
554267200, 555617829, 1350629
555740457, 557222400, 1481943
557349143, 558725600, 1376457
558848229, 560295543, 1447314
560422972, 561760457, 1337485
561883429, 563336915, 1453486
563464000, 564793829, 1329829
564916571, 566386857, 1470286
566514972, 567803771, 1288799
567926057, 569408800, 1482743
569536343, 570833829, 1297486
570955314, 572412343, 1457029
572540343, 573830286, 1289943
573952914, 575405600, 1452686
575532229, 576851086, 1318857
576972800, 578429029, 1456229
578556229, 579845714, 1289485
579967086, 581427657, 1460571
581554514, 582852000, 1297486
582974171, 584438972, 1464801
584565486, 585859886, 1294400
585981371, 587429029, 1447658
587556000, 588826171, 1270171
588948114, 590412000, 1463886
590540229, 591822057, 1281828
591944686, 593406057, 1461371
593533714, 594825371, 1291657
594947657, 596403772, 1456115
596531429, 597860571, 1329142
597982743, 599430972, 1448229
599557714, 600853714, 1296000
600975886, 602434972, 1459086
602562857, 603851429, 1288572
603973714, 605427886, 1454172
605554857, 606847200, 1292343
606969143, 608425143, 1456000
608551657, 609840229, 1288572
609961257, 611411657, 1450400
611538743, 612831086, 1292343
612953714, 614665029, 1711315
614787429, 616276572, 1489143
616403543, 617743086, 1339543
617866400, 619322286, 1455886
619448343, 620769600, 1321257
620891543, 622348915, 1457372
622476343, 623798857, 1322514
623920914, 625383886, 1462972
625512914, 626815543, 1302629
626938171, 628412800, 1474629
628541829, 629832343, 1290514
629954857, 631411886, 1457029
631539314, 632824800, 1285486
632945943, 634404572, 1458629
634531200, 635814057, 1282857
635935886, 637414057, 1478171
637541829, 638819543, 1277714
638941600, 640408915, 1467315
640535543, 641848914, 1313371
641970629, 643424800, 1454171
643552229, 644846857, 1294628
644968914, 646421143, 1452229
646548457, 648335543, 1787086
648465372, 649781486, 1316114
649903886, 651379086, 1475200
651507543, 652798971, 1291428
652922514, 654405143, 1482629
654533943, 655845600, 1311657
655968686, 657441600, 1472914
657569257, 658865829, 1296572
658989257, 660462057, 1472800
660589143, 661871314, 1282171
661994514, 663466515, 1472001
663593372, 664882286, 1288914
665157486, 666489943, 1332457
666616800, 667886171, 1269371
668163772, 669504800, 1341028
669633257, 670902743, 1269486
671176115, 672496800, 1320685
673357600, 674841029, 1483429
674964457, 676415772, 1451315
676542400, 677841486, 1299086
677963429, 679430172, 1466743
679557257, 680852457, 1295200
680974171, 682428457, 1454286
682555200, 683847314, 1292114
683969486, 685428000, 1458514
685555086, 686840000, 1284914
686961943, 688411772, 1449829
688538400, 689828914, 1290514
689950971, 691402743, 1451772
691530400, 692833371, 1302971
692954857, 694425029, 1470172
694553029, 695831771, 1278742
695953486, 697410972, 1457486
697537372, 698830171, 1292799
698952686, 700398743, 1446057
700525257, 701813829, 1288572
701936571, 703412115, 1475544
703540229, 704843429, 1303200
704965600, 706415200, 1449600
706543200, 707831886, 1288686
707954171, 709406057, 1451886
709533029, 710830400, 1297371
710952457, 712419086, 1466629
712547086, 713845829, 1298743
713967886, 715418172, 1450286
715545486, 716873143, 1327657
716995314, 718451543, 1456229
718577600, 719848914, 1271314
719971314, 721432115, 1460801
721558972, 722848571, 1289599
722970057, 724422629, 1452572
724549143, 725822286, 1273143
725944114, 727402629, 1458515
727530400, 728831657, 1301257
728954057, 730407657, 1453600
730535086, 731860914, 1325828
731982400, 733427657, 1445257
733554629, 734840000, 1285371
734962057, 736465372, 1503315
736591657, 737878171, 1286514
738151315, 739497829, 1346514
739625257, 740893486, 1268229
741183886, 742504572, 1320686
742630400, 743896571, 1266171
744168458, 745486515, 1318057
745612800, 746884114, 1271314
747156000, 748480915, 1324915
748606629, 749872800, 1266171
750142515, 751451200, 1308685
751577943, 752844800, 1266857
752966971, 754418743, 1451772
754546743, 755837371, 1290628
755960457, 757408343, 1447886
757535314, 758836800, 1301486
758958514, 760423200, 1464686
760550972, 761823543, 1272571
761946057, 763404000, 1457943
763532114, 764857829, 1325715
764979543, 766433600, 1454057
766560229, 767853829, 1293600
767975771, 769424686, 1448915
769552000, 770835886, 1283886
770958057, 772426286, 1468229
772553714, 773835543, 1281829
773957143, 775609600, 1652457
775740800, 777271315, 1530515
777398515, 778751314, 1352799
778872571, 780321257, 1448686
780447200, 781775886, 1328686
781897714, 783356343, 1458629
783482743, 784794857, 1312114
784917943, 786398629, 1480686
786526857, 787810514, 1283657
787932343, 789390515, 1458172
789518857, 790816229, 1297372
790938971, 792418743, 1479772
792548686, 793836114, 1287428
793958514, 795421829, 1463315
795549143, 796833143, 1284000
796955657, 798416000, 1460343
798544572, 799840229, 1295657
799962514, 801414286, 1451772
801541257, 802833371, 1292114
802955657, 804548114, 1592457
804677600, 805989486, 1311886
806266972, 807581714, 1314742
807706514, 809139315, 1432801
809268457, 810580457, 1312000
810705143, 811988457, 1283314
812257029, 813589600, 1332571
813710629, 814994400, 1283771
815265829, 816583772, 1317943
816709143, 817997028, 1287885
818267086, 819584343, 1317257
819705829, 820985143, 1279314
821255657, 822581486, 1325829
822702972, 823988457, 1285485
824256800, 825577029, 1320229
825698857, 826978629, 1279772
827253372, 828582514, 1329142
828706743, 829989257, 1282514
830258629, 831581943, 1323314
831703314, 832988800, 1285486
833257600, 834834971, 1577371
834961029, 836423429, 1462400
836551086, 837839543, 1288457
837961257, 839409257, 1448000
839536000, 840827314, 1291314
840949257, 842410057, 1460800
842537714, 843839657, 1301943
843961486, 845419429, 1457943
845546057, 846836686, 1290629
846959314, 848439200, 1479886
848566400, 849841600, 1275200
849964800, 851419543, 1454743
851547200, 852832914, 1285714
852956114, 854419886, 1463772
854546857, 855839314, 1292457
855961714, 857413143, 1451429
857540572, 858877943, 1337371
859000457, 860465372, 1464915
860592686, 861868114, 1275428
861990514, 863464915, 1474401
863591429, 864873600, 1282171
864996571, 866456800, 1460229
866583429, 867861714, 1278285
867984571, 869449600, 1465029
869576457, 870847086, 1270629
870969600, 872431429, 1461829
872558629, 873837371, 1278742
873960343, 875420229, 1459886
875547772, 876850743, 1302971
876973829, 878431315, 1457486
878558514, 879845029, 1286515
880703429, 882324572, 1621143
882453486, 883794171, 1340685
883916914, 885392000, 1475086
885519772, 886809371, 1289599
886930743, 888396915, 1466172
888524686, 889835429, 1310743
889957371, 891410972, 1453601
891537943, 892846743, 1308800
892968343, 894421029, 1452686
894548000, 895826057, 1278057
895949371, 897412686, 1463315
897541372, 898826971, 1285599
898948914, 900413029, 1464115
900541714, 901857714, 1316000
901979086, 903449715, 1470629
903575772, 904848229, 1272457
904970286, 906432915, 1462629
906559543, 907823200, 1263657
907946057, 909411200, 1465143
909538400, 910828457, 1290057
910950514, 912402629, 1452115
912528914, 913819086, 1290172
913940571, 915394057, 1453486
915522400, 916824914, 1302514
916946057, 918411315, 1465258
918539429, 919826971, 1287542
919949257, 921408000, 1458743
921534972, 922874057, 1339085
922995543, 924455657, 1460114
924581943, 925877029, 1295086
926162400, 927480572, 1318172
927606972, 928879543, 1272571
929001829, 930462972, 1461143
930589257, 931872571, 1283314
931994400, 933472800, 1478400
933598972, 935290857, 1691885
935420343, 936786057, 1365714
936908000, 938378172, 1470172
938506172, 939790514, 1284342
939912229, 941388343, 1476114
941516000, 942804686, 1288686
942926971, 944381029, 1454058
944509143, 945800000, 1290857
945922629, 947384343, 1461714
947513029, 948795886, 1282857
948918514, 950390857, 1472343
950518972, 951809371, 1290399
951932457, 953407772, 1475315
953535657, 954821714, 1286057
954944229, 956405257, 1461028
956533943, 957846514, 1312571
957967771, 959425143, 1457372
959552343, 960847886, 1295543
960969600, 962422857, 1453257
962550286, 963844343, 1294057
963966286, 965416457, 1450171
965543314, 966830743, 1287429
966953257, 968442857, 1489600
968570857, 969843543, 1272686
969965943, 971427657, 1461714
971556229, 972850400, 1294171
972971771, 974425029, 1453258
974551657, 975849714, 1298057
975971086, 977426857, 1455771
977553714, 978832229, 1278515
978954971, 980413715, 1458744
980541600, 981837714, 1296114
981959771, 983415772, 1456001
983542514, 984827543, 1285029
984949600, 985827657, 878057
985944800, 993976456, 8031656
994255085, 995596915, 1341830
995718743, 997225486, 1506743
997351657, 998758857, 1407200
998880457, 352000, -998528457
480457, 1833029, 1352572
1953943, 3454515, 1500572
3579543, 4871543, 1292000
4991543, 6491200, 1499657
6615886, 7957371, 1341485
8227543, 9607543, 1380000
9727543, 11214858, 1487315
11340572, 12667886, 1327314
12788914, 14265829, 1476915
14391886, 15754514, 1362628
15875543, 17322515, 1446972
17448686, 18832229, 1383543
18953486, 20449829, 1496343
20574972, 21919429, 1344457
22198629, 23574972, 1376343
23698400, 25186058, 1487658
25312686, 26704914, 1392228
26825486, 28492115, 1666629
28619772, 29908343, 1288571
30185258, 31565372, 1380114
31689257, 33186972, 1497715
33313257, 34704686, 1391429
34826514, 36299200, 1472686
36424915, 37802629, 1377714
37923771, 39400229, 1476458
39526400, 40862743, 1336343
40984000, 42440457, 1456457
42565600, 43850514, 1284914
43971886, 45429600, 1457714
45556800, 46839886, 1283086
46961143, 48959429, 1998286
49244800, 50591886, 1347086
50713257, 52006286, 1293029
52274743, 53605829, 1331086
53726972, 55175429, 1448457
55302286, 56630286, 1328000
56751772, 58237258, 1485486
58362400, 59701943, 1339543
59823429, 61283315, 1459886
61408915, 62751314, 1342399
62872114, 64319200, 1447086
64445600, 65796457, 1350857
65917143, 67391657, 1474514
67518057, 68816800, 1298743
68938057, 70404572, 1466515
70530857, 71847771, 1316914
71968571, 73420343, 1451772
73548343, 74845257, 1296914
74966743, 76425257, 1458514
76552114, 77839543, 1287429
77960343, 79421257, 1460914
79548229, 80843543, 1295314
80964686, 82420229, 1455543
82548000, 83849486, 1301486
83972457, 85434057, 1461600
85561143, 86844686, 1283543
86966171, 88435772, 1469601
88561829, 89431657, 869828
89556000, 94300457, 4744457
94431542, 95318400, 886858
95443543, 98220573, 2777030
98350630, 99717829, 1367199
99845144, 101296001, 1450857
101424687, 102786287, 1361600
102908915, 104398744, 1489829
104527430, 105819658, 1292228
106688572, 108305030, 1616458
108433144, 109778401, 1345257
109901029, 111373944, 1472915
111501030, 112810287, 1309257
112933029, 114397715, 1464686
114525601, 115827429, 1301828
115950858, 117411544, 1460686
117539315, 118839772, 1300457
118961486, 120413030, 1451544
120540572, 121859429, 1318857
121980572, 123435658, 1455086
123563087, 124848458, 1285371
124969829, 126424915, 1455086
126552001, 127839772, 1287771
127961943, 129417601, 1455658
129545030, 130844001, 1298971
130966744, 132420001, 1453257
132546515, 133842515, 1296000
133964801, 135426973, 1462172
135554172, 136840229, 1286057
136961944, 138440687, 1478743
138568458, 139870629, 1302171
139992343, 141488572, 1496229
141616001, 142896001, 1280000
143177030, 144507658, 1330628
144633830, 145931086, 1297256
146211887, 147535430, 1323543
147660344, 148937601, 1277257
149211544, 150544458, 1332914
150669829, 151957829, 1288000
152230858, 153550972, 1320114
153676687, 155139430, 1462743
155271430, 156588344, 1316914
156713601, 158001372, 1287771
158269373, 159596458, 1327085
159716915, 161005029, 1288114
161276801, 162593372, 1316571
162717258, 164001829, 1284571
164270287, 165592801, 1322514
165714515, 167004115, 1289600
167271087, 168601030, 1329943
168722744, 170151659, 1428915
170280916, 171596458, 1315542
171718401, 173005486, 1287085
173274058, 174590058, 1316000
174714287, 175999429, 1285142
176267316, 177592115, 1324799
177714744, 179149487, 1434743
179279430, 180597715, 1318285
180718858, 182218173, 1499315
182343544, 183937144, 1593600
184223087, 185610172, 1387085
185731658, 187226973, 1495315
187353830, 188707201, 1353371
188830401, 190279887, 1449486
190405830, 191794515, 1388685
191916344, 193411773, 1495429
193538630, 194842744, 1304114
194964572, 196422973, 1458401
196549601, 197827772, 1278171
197950743, 199414973, 1464230
199543087, 200857258, 1314171
200979201, 202517030, 1537829
202649601, 203963201, 1313600
204237373, 205566401, 1329028
205691772, 206982743, 1290971
207256916, 208578287, 1321371
208702058, 209986972, 1284914
210257030, 211581715, 1324685
211703887, 212994515, 1290628
213262630, 214586744, 1324114
214708915, 216176458, 1467543
216302973, 217620801, 1317828
217742287, 219232458, 1490171
219359773, 220707429, 1347656
220829258, 222307201, 1477943
222433487, 223773144, 1339657
223894515, 225609030, 1714515
225734858, 227180687, 1445829
227307887, 228618515, 1310628
228740229, 230234173, 1493944
230360001, 231700344, 1340343
231822858, 233293830, 1470972
233420344, 234779544, 1359200
234900686, 236370858, 1470172
236498287, 237800115, 1301828
237922629, 239390058, 1467429
239517830, 240828458, 1310628
240950858, 242413258, 1462400
242540801, 243828001, 1287200
243949715, 245406744, 1457029
245534058, 246824915, 1290857
246948229, 248395544, 1447315
248522858, 249848229, 1325371
249970515, 251422058, 1451543
251550058, 252836686, 1286628
252958744, 254414287, 1455543
254542287, 255843886, 1301599
255967772, 257426515, 1458743
257553487, 258837486, 1283999
258959429, 260423544, 1464115
260550972, 261838629, 1287657
261959886, 263413144, 1453258
263540230, 264838172, 1297942
264960458, 266430058, 1469600
266557601, 267845144, 1287543
267967429, 269425373, 1457944
269552458, 270424230, 871772
270546858, 272411201, 1864343
272538058, 273826629, 1288571
273948229, 275399887, 1451658
275527315, 276831201, 1303886
276953486, 278417487, 1464001
278544230, 279833486, 1289256
279955201, 281419544, 1464343
281547315, 282835201, 1287886
282956686, 284412230, 1455544
284539658, 285837944, 1298286
285960686, 287412344, 1451658
287539658, 288826172, 1286514
288947886, 290404573, 1456687
290532001, 291842401, 1310400
291964458, 293420115, 1455657
293548344, 294859429, 1311085
294981486, 296453830, 1472344
296580687, 297866401, 1285714
297989029, 299451315, 1462286
299578515, 300873258, 1294743
300995658, 302465258, 1469600
302592230, 303872686, 1280456
303995772, 305473030, 1477258
305602972, 306881372, 1278400
307164687, 308498401, 1333714
308626172, 309920915, 1294743
310202630, 311540572, 1337942
311666858, 312974286, 1307428
313249144, 314578630, 1329486
315435658, 316845144, 1409486
316968458, 318433601, 1465143
318560230, 319850972, 1290742
319972572, 321428230, 1455658
321556001, 322842401, 1286400
322964458, 324421944, 1457486
324549715, 325854744, 1305029
325977715, 327429144, 1451429
327555430, 328835658, 1280228
328957029, 330419087, 1462058
330546858, 331836801, 1289943
331958286, 333420573, 1462287
333547887, 334839429, 1291542
334961601, 336413944, 1452343
336541830, 337842972, 1301142
337965715, 339440573, 1474858
339568458, 340855886, 1287428
340977943, 342444573, 1466630
342570172, 343855429, 1285257
343977258, 345476801, 1499543
345606058, 346883315, 1277257
347005258, 348470173, 1464915
348597944, 349878401, 1280457
350157144, 351477601, 1320457
351603772, 352877258, 1273486
352998743, 354461258, 1462515
354587087, 355868801, 1281714
355990743, 357494515, 1503772
357622630, 358899086, 1276456
359180573, 360516458, 1335885
360642630, 361929486, 1286856
362209487, 363532115, 1322628
363657372, 364933486, 1276114
365205944, 366587544, 1381600
366709258, 368141601, 1432343
368271201, 369587544, 1316343
369711201, 370996458, 1285257
371266744, 372580687, 1313943
372705029, 373997143, 1292114
374265830, 375589715, 1323885
375711087, 377014972, 1303885
377285716, 378607087, 1321371
378728572, 380156230, 1427658
380284230, 381603658, 1319428
381725601, 383018058, 1292457
383290401, 384628687, 1338286
384749944, 386234630, 1484686
386360115, 387697029, 1336914
387819429, 389294744, 1475315
389420915, 390761144, 1340229
390882858, 392347544, 1464686
392474630, 393779315, 1304685
393901029, 395373030, 1472001
395500572, 396854058, 1353486
396976001, 398433373, 1457372
398560915, 399863201, 1302286
399985829, 401457487, 1471658
401583315, 402875544, 1292229
402997601, 404470401, 1472800
404596572, 405874058, 1277486
406151316, 407474287, 1322971
407600572, 408875201, 1274629
408996801, 410466744, 1469943
410592915, 411893601, 1300686
412169258, 413499430, 1330172
413626401, 414904115, 1277714
415191201, 416572915, 1381714
416694744, 417983658, 1288914
418266858, 419587544, 1320686
419711429, 420992343, 1280914
421261144, 422588001, 1326857
422709029, 424152230, 1443201
424280458, 425607315, 1326857
425728687, 427009029, 1280342
427276687, 428680115, 1403428
428802287, 430290516, 1488229
430417258, 431759201, 1341943
431880115, 433341944, 1461829
433469030, 434788344, 1319314
434912001, 436422744, 1510743
436553372, 437866629, 1313257
437989829, 439447315, 1457486
439573372, 440850629, 1277257
440972458, 442427544, 1455086
442555201, 443846401, 1291200
443968686, 445420344, 1451658
445548458, 446843429, 1294971
446965601, 448416915, 1451314
448545144, 449843772, 1298628
449966629, 451432801, 1466172
451561830, 452495658, 933828
453197601, 454538858, 1341257
454664915, 455942972, 1278057
456215430, 457535658, 1320228
457660915, 458934401, 1273486
459205030, 460528458, 1323428
460655201, 461925601, 1270400
462202744, 463525372, 1322628
463651315, 464924915, 1273600
465204116, 466520115, 1315999
466645601, 467908801, 1263200
468189487, 469514630, 1325143
469640687, 470942629, 1301942
471221830, 472573258, 1351428
472700229, 473981943, 1281714
474254058, 475572001, 1317943
475698172, 476979543, 1281371
477250630, 478566515, 1315885
478692001, 479971315, 1279314
480243658, 481560344, 1316686
481685715, 482963086, 1277371
483247544, 484564572, 1317028
484690172, 485974743, 1284571
486245601, 487574515, 1328914
487695544, 488970972, 1275428
489241716, 490556915, 1315199
490682858, 491962858, 1280000
492239544, 493556458, 1316914
493682058, 494955429, 1273371
495227316, 496560687, 1333371
496686401, 497974972, 1288571
498250173, 499559658, 1309485
499685258, 500973372, 1288114
501248687, 502568915, 1320228
502695315, 503973372, 1278057
504246401, 505568572, 1322171
505694972, 506975772, 1280800
507248801, 508569144, 1320343
508695315, 510174744, 1479429
510304916, 511621144, 1316228
511743087, 513230173, 1487086
513357715, 514726058, 1368343
514848915, 516341830, 1492915
516470173, 517838972, 1368799
517961829, 519460115, 1498286
519587430, 520920229, 1332799
521713829, 523329601, 1615772
523459887, 524831315, 1371428
524953372, 526451430, 1498058
526577601, 527923086, 1345485
528205030, 529577487, 1372457
529703087, 531166973, 1463886
531296687, 532715201, 1418514
532837144, 534294516, 1457372
534421601, 535740801, 1319200
535862515, 537309487, 1446972
537435887, 538758172, 1322285
538880115, 540329715, 1449600
540456573, 541751772, 1295199
541874515, 543316573, 1442058
543442973, 544776001, 1333028
544898744, 546364801, 1466057
546493487, 547834515, 1341028
547956801, 549416230, 1459429
549542515, 550822972, 1280457
550944915, 552410287, 1465372
552538401, 553842401, 1304000
553964229, 555426973, 1462744
555553830, 556870515, 1316685
557153373, 558491315, 1337942
558618972, 559899086, 1280114
560179430, 561510172, 1330742
561636801, 562911429, 1274628
563192116, 564508115, 1315999
564634058, 565895086, 1261028
566184344, 567522401, 1338057
567648229, 568927086, 1278857
569208230, 570526744, 1318514
570652115, 571917372, 1265257
572188573, 573526972, 1338399
573651772, 574920801, 1269029
575202058, 576522630, 1320572
576648458, 577916229, 1267771
578197144, 579511315, 1314171
579637829, 580922858, 1285029
581197716, 582511430, 1313714
582637372, 583915772, 1278400
584193944, 585533830, 1339886
585660572, 586938629, 1278057
587217144, 588541944, 1324800
588667772, 589946743, 1278971
590217144, 591540572, 1323428
591666058, 592996115, 1330057
593276001, 594680801, 1404800
594800801, 596281144, 1480343
596408344, 597755544, 1347200
597877029, 599325030, 1448001
599452001, 600794172, 1342171
600916686, 602392801, 1476115
602520458, 603840801, 1320343
603962172, 605419430, 1457258
605546744, 606842172, 1295428
606963658, 608417258, 1453600
608544915, 609846744, 1301829
609969829, 611426973, 1457144
611554172, 613253944, 1699772
613382858, 614796229, 1413371
614918172, 616388573, 1470401
616515887, 617817486, 1301599
617940001, 619394973, 1454972
619521944, 620843201, 1321257
620964801, 622446515, 1481714
622575887, 623867886, 1291999
623989829, 625475772, 1485943
625603087, 626904686, 1301599
627179087, 628515201, 1336114
628641487, 629940915, 1299428
630215544, 631561372, 1345828
631688458, 633160116, 1471658
633293601, 634652572, 1358971
634772229, 636250058, 1477829
636377258, 637736344, 1359086
637858515, 639304687, 1446172
639432001, 640765029, 1333028
640887201, 642367315, 1480114
642495544, 643782858, 1287314
643905944, 645382630, 1476686
645509944, 646816115, 1306171
646937601, 648752001, 1814400
648886172, 650402858, 1516686
650532230, 651828344, 1296114
651949829, 653409030, 1459201
653536344, 654838629, 1302285
654960686, 656413030, 1452344
656539658, 657825029, 1285371
657947429, 659404115, 1456686
659531544, 660859086, 1327542
660981143, 662462858, 1481715
662590630, 663868001, 1277371
663990058, 665452915, 1462857
665581144, 666857144, 1276000
666979201, 668452687, 1473486
668579658, 669852344, 1272686
669974629, 671456230, 1481601
671582172, 672854972, 1272800
672977143, 674444115, 1466972
674570630, 675844001, 1273371
675967201, 677414173, 1446972
677542172, 678831544, 1289372
678953715, 680402287, 1448572
680529144, 681822058, 1292914
681943429, 683398744, 1455315
683525944, 684804801, 1278857
684926972, 686396687, 1469715
686525144, 687826515, 1301371
687948915, 689402401, 1453486
689529487, 690854172, 1324685
690976115, 692425030, 1448915
692551772, 693839544, 1287772
693962743, 695410401, 1447658
695537372, 696822972, 1285600
696945029, 698404573, 1459544
698532687, 699856344, 1323657
699980115, 701453944, 1473829
701580230, 702858401, 1278171
702980115, 704457030, 1476915
704583658, 705854858, 1271200
705977143, 707428687, 1451544
707556115, 708844344, 1288229
708967429, 710427201, 1459772
710555201, 711832572, 1277371
711955086, 713422858, 1467772
713551201, 714838858, 1287657
714961944, 716410630, 1448686
716538401, 717830401, 1292000
717953258, 719404344, 1451086
719532458, 720824115, 1291657
720947544, 722404458, 1456914
722533030, 723809258, 1276228
723931658, 725404115, 1472457
725532687, 726826858, 1294171
726949715, 728404458, 1454743
728531887, 729827201, 1295314
730659201, 732278630, 1619429
732407773, 733750858, 1343085
733872229, 735319887, 1447658
735446058, 736779544, 1333486
736902515, 738371887, 1469372
738500458, 739796801, 1296343
739919886, 741393601, 1473715
741523087, 742862515, 1339428
742984801, 744445715, 1460914
744572687, 745849144, 1276457
745970972, 747420458, 1449486
747547658, 748837144, 1289486
748960001, 750408458, 1448457
750535887, 751821258, 1285371
751943772, 753392458, 1448686
753520801, 754953486, 1432685
755228687, 756549030, 1320343
756674287, 757962743, 1288456
758233373, 759552915, 1319542
759678058, 760957486, 1279428
761237716, 762570172, 1332456
762691544, 763971772, 1280228
764247316, 765566401, 1319085
765691658, 766972915, 1281257
767244458, 768562858, 1318400
768687658, 769976915, 1289257
770248916, 771567087, 1318171
771691315, 772971544, 1280229
773245716, 774562172, 1316456
774687429, 775961943, 1274514
776233373, 777555087, 1321714
777680115, 778974401, 1294286
779247773, 780588344, 1340571
780713487, 782139544, 1426057
782268801, 783580687, 1311886
783706515, 784989143, 1282628
785259316, 786596001, 1336685
786716572, 787996686, 1280114
788264116, 789647887, 1383771
789768229, 791240344, 1472115
791365830, 792692001, 1326171
792814401, 794288001, 1473600
794414858, 795772001, 1357143
795894515, 797362401, 1467886
797490630, 798789715, 1299085
798911315, 800384687, 1473372
800512458, 801828115, 1315657
801950515, 803413601, 1463086
803541601, 805228687, 1687086
805358744, 806941258, 1582514
807218173, 808559087, 1340914
808684687, 809960343, 1275656
810230744, 811560687, 1329943
811686287, 812549830, 863543
812667429, 814520001, 1852572
814648801, 815964001, 1315200
816240344, 817565487, 1325143
817690858, 819184458, 1493600
819311430, 820627201, 1315771
820747772, 822236573, 1488801
822362858, 823702401, 1339543
823824572, 825280344, 1455772
825406744, 826739772, 1333028
826861029, 828309144, 1448115
828436115, 829760001, 1323886
829882515, 831372687, 1490172
831498858, 832860344, 1361486
832981143, 834442973, 1461830
834569944, 835857029, 1287085
835979315, 837722515, 1743200
837845486, 839310858, 1465372
839438287, 840776687, 1338400
840898515, 842369030, 1470515
842496687, 843803658, 1306971
843925144, 845388915, 1463771
845515887, 846820344, 1304457
846943201, 848403430, 1460229
848530401, 849831886, 1301485
849954172, 851411658, 1457486
851538515, 852843315, 1304800
852966172, 854414515, 1448343
854542744, 855841372, 1298628
855963543, 857453144, 1489601
857581830, 858861715, 1279885
858982629, 860464687, 1482058
860592230, 861873144, 1280914
861994629, 863489830, 1495201
863616687, 864900572, 1283885
865181716, 866516001, 1334285
866641944, 867922172, 1280228
868200801, 869543087, 1342286
869668458, 870950629, 1282171
871220801, 872543315, 1322514
872668001, 873960915, 1292914
874233830, 875560344, 1326514
875685601, 876975086, 1289485
877250401, 878573601, 1323200
878698744, 879985715, 1286971
880256230, 881633372, 1377142
881755315, 883249716, 1494401
883376344, 884709029, 1332685
884831201, 886286173, 1454972
886412573, 887745715, 1333142
887867201, 889321030, 1453829
889447544, 890786972, 1339428
890908915, 892381944, 1473029
892508458, 893830515, 1322057
893952458, 895416458, 1464000
895544001, 896835886, 1291885
896957258, 898413830, 1456572
898541144, 899843886, 1302742
899965829, 901418058, 1452229
901545144, 902843315, 1298171
902965372, 904448573, 1483201
904576115, 905971429, 1395314
906246516, 907566401, 1319885
907691658, 908985943, 1294285
909256801, 910634630, 1377829
910755544, 912236801, 1481257
912362973, 913702858, 1339885
913824801, 915310858, 1486057
915437258, 916788001, 1350743
916910172, 918382515, 1472343
918510401, 919814972, 1304571
919937829, 921403201, 1465372
921531087, 922838972, 1307885
922961944, 924418630, 1456686
924547430, 925843201, 1295771
925966058, 927465715, 1499657
927594630, 928880115, 1285485
929163316, 930482973, 1319657
930610401, 931906629, 1296228
932190058, 933558972, 1368914
933686172, 934971772, 1285600
935243087, 936562401, 1319314
936688801, 937971886, 1283085
938250858, 939580230, 1329372
940454287, 941894172, 1439885
942017143, 943487430, 1470287
943614515, 944894629, 1280114
945165258, 946505030, 1339772
946631087, 947919315, 1288228
948190516, 949510630, 1320114
949637029, 950925144, 1288115
951204230, 952521830, 1317600
952648458, 953934172, 1285714
954212573, 955548115, 1335542
955672801, 956957258, 1284457
957227773, 958589258, 1361485
958716458, 960259316, 1542858
960384573, 961739658, 1355085
961861601, 963323430, 1461829
963449830, 964790858, 1341028
964912572, 966391658, 1479086
966519658, 967819544, 1299886
967941943, 969398858, 1456915
969527544, 970827201, 1299657
970949486, 972413830, 1464344
972541601, 973840572, 1298971
973962515, 975409144, 1446629
975536801, 976841258, 1304457
976964001, 978717029, 1753028
978840344, 980291087, 1450743
980417944, 981762287, 1344343
981884915, 983348115, 1463200
983475087, 984801715, 1326628
984922515, 986395087, 1472572
986522401, 987824344, 1301943
987947086, 989406858, 1459772
989534630, 990837372, 1302742
990959658, 992413030, 1453372
992541487, 993845144, 1303657
993968001, 995426515, 1458514
995553830, 996841258, 1287428
996963086, 998417487, 1454401
998544687, 999845029, 1300342
999967543, 1435887, -998531656
1564230, 2849715, 1285485
2970629, 4430058, 1459429
4555544, 5857144, 1301600
5977372, 7449030, 1471658
7574287, 8858744, 1284457
8979201, 10450973, 1471772
10576344, 11854058, 1277714
11975086, 13450744, 1475658
13579201, 14861944, 1282743
14982515, 16441830, 1459315
16567887, 17852572, 1284685
17973601, 19431773, 1458172
19557830, 20844115, 1286285
20965029, 22416344, 1451315
22542515, 23835429, 1292914
23957829, 25418858, 1461029
25545144, 26835201, 1290057
26955772, 28412687, 1456915
28539315, 29843544, 1304229
29965372, 31415430, 1450058
31542401, 32836686, 1294285
32958515, 34420687, 1462172
34548915, 35841944, 1293029
35963772, 37437487, 1473715
37563544, 38852344, 1288800
38973258, 40442058, 1468800
40567087, 41851429, 1284342
41972229, 43428801, 1456572
43555201, 44841372, 1286171
44962744, 46420344, 1457600
46546401, 48458173, 1911772
48601601, 50230058, 1628457
50356458, 51714058, 1357600
51834629, 53320687, 1486058
53445601, 54798515, 1352914
54919772, 56379658, 1459886
56505944, 57861258, 1355314
57982286, 59459430, 1477144
59584572, 60872572, 1288000
60994515, 62463315, 1468800
62589372, 63888801, 1299429
64009029, 65471887, 1462858
65597487, 66940001, 1342514
67219316, 68546401, 1327085
68670287, 69955429, 1285142
70223887, 71544230, 1320343
71667315, 72965944, 1298629
73238058, 74559201, 1321143
74683429, 75967772, 1284343
76242744, 77561030, 1318286
77686172, 78971201, 1285029
79256116, 80577144, 1321028
80700687, 81987543, 1286856
82257716, 83594744, 1337028
83715658, 85210058, 1494400
85337144, 86686744, 1349600
86807887, 88273830, 1465943
88399544, 89721829, 1322285
89843886, 91301944, 1458058
91429030, 92773029, 1343999
92894058, 94355201, 1461143
94481030, 95779544, 1298514
95900344, 97361715, 1461371
97489144, 98807201, 1318057
98927886, 100391887, 1464001
100519544, 101823315, 1303771
101945715, 103405944, 1460229
103533372, 104834629, 1301257
104956458, 106416687, 1460229
106543887, 107832115, 1288228
107953601, 109410287, 1456686
109537372, 110827315, 1289943
110949601, 112408115, 1458514
112535544, 113830286, 1294742
113952343, 115424458, 1472115
115551772, 116843086, 1291314
116964686, 118421373, 1456687
118549030, 120243887, 1694857
120372915, 121708229, 1335314
121830172, 123277944, 1447772
123404687, 124756687, 1352000
124878515, 126331887, 1453372
126458173, 127793601, 1335428
127915772, 129389830, 1474058
129517258, 130818286, 1301028
130941029, 132407201, 1466172
132534744, 133828001, 1293257
133950858, 135412573, 1461715
135540801, 136837829, 1297028
136960801, 138426744, 1465943
138554630, 139843429, 1288799
139965829, 141458630, 1492801
141587887, 142867429, 1279542
142990401, 144458173, 1467772
144585144, 145862058, 1276914
145984801, 147441715, 1456914
147568458, 148876801, 1308343
149169830, 150508801, 1338971
150636915, 151946172, 1309257
152220116, 153545944, 1325828
153672001, 154963315, 1291314
155762744, 157359430, 1596686
157487887, 158802858, 1314971
158924686, 160390858, 1466172
160517944, 161819886, 1301942
161942401, 163403315, 1460914
163530744, 164850401, 1319657
164973372, 166433258, 1459886
166559430, 167853944, 1294514
167976229, 169437144, 1460915
169563087, 170844229, 1281142
170966172, 172431201, 1465029
172559430, 173848344, 1288914
173969943, 174863658, 893715
174981029, 186003654, 11022625
186289712, 187644914, 1355202
187765942, 189241258, 1475316
189368000, 190755429, 1387429
190877714, 192328229, 1450515
192455200, 193780343, 1325143
193903314, 195358057, 1454743
195486057, 196782514, 1296457
196904914, 198378629, 1473715
198506857, 199804914, 1298057
199928000, 201367429, 1439429
201495314, 202822057, 1326743
202944229, 204402743, 1458514
204530629, 205822400, 1291771
205944686, 207395200, 1450514
207522057, 208806857, 1284800
208928914, 210366743, 1437829
210493257, 211776686, 1283429
211898629, 213350629, 1452000
213478400, 214772686, 1294286
214894857, 216358743, 1463886
216486972, 217783657, 1296685
217905486, 219373257, 1467771
219501714, 220803429, 1301715
220925829, 222375086, 1449257
222502972, 223789143, 1286171
223911657, 225385829, 1474172
225514514, 226812229, 1297715
226934400, 228395772, 1461372
228522972, 229815543, 1292571
229937486, 231398057, 1460571
231525714, 232809143, 1283429
232932457, 234396457, 1464000
234524457, 236222743, 1698286
236351886, 237694514, 1342628
237817143, 239273829, 1456686
239401143, 240722172, 1321029
240845143, 242291657, 1446514
242419315, 243747886, 1328571
243877600, 245341943, 1464343
245468572, 246772800, 1304228
246894971, 248367543, 1472572
248495429, 249801486, 1306057
249922971, 251385143, 1462172
251513257, 252804343, 1291086
252926171, 254389715, 1463544
254517715, 255809943, 1292228
255932686, 257388457, 1455771
257516686, 258807543, 1290857
258929714, 260391200, 1461486
260519429, 261813257, 1293828
261936114, 263394286, 1458172
263521143, 264818857, 1297714
264941371, 266414057, 1472686
266542514, 267820914, 1278400
267942743, 269398515, 1455772
269526629, 270820000, 1293371
270943200, 272399886, 1456686
272527886, 273822400, 1294514
273945143, 275405715, 1460572
275533714, 276812800, 1279086
276935314, 278408686, 1473372
278536686, 279833143, 1296457
279955314, 281430286, 1474972
281557029, 282830971, 1273942
282953600, 284416343, 1462743
284544457, 285828800, 1284343
285951200, 287414400, 1463200
287540914, 288830286, 1289372
288952800, 290407772, 1454972
290535543, 291828114, 1292571
291950629, 293410057, 1459428
293538857, 294822857, 1284000
294945943, 296405600, 1459657
296533029, 297813829, 1280800
297936114, 299399086, 1462972
299526972, 300820343, 1293371
300943886, 302405372, 1461486
302533143, 303816343, 1283200
303938629, 305396572, 1457943
305524800, 306819771, 1294971
306943086, 308410400, 1467314
308539086, 310218286, 1679200
310347429, 311704114, 1356685
311826057, 313280000, 1453943
313407200, 314755429, 1348229
314878171, 316321486, 1443315
316447886, 317773829, 1325943
317896114, 319358629, 1462515
319485943, 320781943, 1296000
320904229, 322364915, 1460686
322491429, 323784343, 1292914
323906743, 325367886, 1461143
325495657, 326792229, 1296572
326914286, 328408800, 1494514
328537372, 329821029, 1283657
329944571, 331412000, 1467429
331539886, 332820114, 1280228
332942857, 334403543, 1460686
334532457, 335824343, 1291886
335948000, 337399200, 1451200
337526286, 338819543, 1293257
338941943, 340398743, 1456800
340526514, 341810400, 1283886
341932686, 343396229, 1463543
343523886, 344832000, 1308114
344954743, 346661143, 1706400
346783200, 348272915, 1489715
348399657, 349729600, 1329943
349851200, 351295886, 1444686
351423772, 352759429, 1335657
352882857, 354363657, 1480800
354492457, 355792000, 1299543
355915429, 357374057, 1458628
357501600, 358797600, 1296000
358921143, 360373715, 1452572
360502286, 361794057, 1291771
361917257, 363384000, 1466743
363512343, 364800571, 1288228
364922971, 366373143, 1450172
366500229, 367808114, 1307885
367930971, 369383886, 1452915
369512800, 370820114, 1307314
370942971, 372409143, 1466172
373255772, 374931771, 1675999
375209372, 376540800, 1331428
376666514, 377938857, 1272343
378215200, 379529943, 1314743
379656229, 380922514, 1266285
381204000, 382522057, 1318057
382647886, 383919314, 1271428
384197829, 385530857, 1333028
385656114, 386928000, 1271886
387206058, 388520800, 1314742
388647086, 389918400, 1271314
390199315, 391530629, 1331314
391657257, 392928571, 1271314
393201943, 394524686, 1322743
394650286, 395926400, 1276114
396198972, 397509714, 1310742
397635886, 398908686, 1272800
399190629, 400524000, 1333371
400650057, 401917714, 1267657
402198172, 403529829, 1331657
403655429, 404931543, 1276114
405203429, 406532000, 1328571
406658286, 407932686, 1274400
408209715, 409525029, 1315314
409651543, 410922400, 1270857
411203086, 412519429, 1316343
412646172, 413922171, 1275999
414198400, 415528686, 1330286
415653943, 416932229, 1278286
417209715, 418535200, 1325485
418662629, 419932686, 1270057
420209258, 421527314, 1318056
421653029, 422919314, 1266285
423197600, 424530400, 1332800
424655314, 425926286, 1270972
426203543, 427521486, 1317943
427647772, 428918743, 1270971
429200572, 430533829, 1333257
430660229, 431936914, 1276685
432210515, 433528000, 1317485
433654629, 434926171, 1271542
435200915, 436516915, 1316000
436643543, 437914743, 1271200
438193829, 439508572, 1314743
439634629, 440905829, 1271200
441185486, 442786172, 1600686
442910743, 444397715, 1486972
444524115, 445815657, 1291542
445938514, 447402286, 1463772
447529486, 448832229, 1302743
448954514, 450415772, 1461258
450542743, 451833943, 1291200
451956343, 453438743, 1482400
453565486, 454860800, 1295314
454982629, 456461600, 1478971
456588114, 457859200, 1271086
457980800, 459446515, 1465715
459573372, 460836114, 1262742
460958400, 462419086, 1460686
462546057, 463820800, 1274743
463943200, 465406972, 1463772
465534857, 466815200, 1280343
466937486, 468407772, 1470286
468536000, 469830400, 1294400
469953257, 471404686, 1451429
471531886, 472815543, 1283657
472937943, 474402857, 1464914
474530057, 475812229, 1282172
475934857, 477394515, 1459658
477522057, 478827771, 1305714
478950171, 480403543, 1453372
480530629, 481823657, 1293028
481945943, 483410515, 1464572
483539200, 484821829, 1282629
484944457, 486408229, 1463772
486536343, 487818171, 1281828
487941143, 489410400, 1469257
489537943, 490832800, 1294857
490955200, 492423315, 1468115
492551086, 493832343, 1281257
493954743, 495418629, 1463886
495545486, 496819771, 1274285
496941257, 498405029, 1463772
498533714, 499859886, 1326172
499987543, 501505143, 1517600
501631314, 502922857, 1291543
503200915, 504524800, 1323885
504650972, 505944343, 1293371
506215543, 507557372, 1341829
507682629, 508552343, 869714
508669714, 513984342, 5314628
514262971, 515605256, 1342285
515728114, 517222857, 1494743
517349142, 518729942, 1380800
518852799, 520298399, 1445600
520425714, 521747542, 1321828
521869371, 523373942, 1504571
523501142, 524834399, 1333257
524956685, 526446971, 1490286
526574285, 527917828, 1343543
528199999, 529572799, 1372800
529697828, 531027314, 1329486
531303657, 532689942, 1386285
532812914, 534282057, 1469143
534409828, 535734971, 1325143
535857485, 537317257, 1459772
537444228, 538811199, 1366971
538933599, 540430399, 1496800
540556914, 541863542, 1306628
542147199, 543471885, 1324686
543598399, 544946514, 1348115
545222285, 546604571, 1382286
546726856, 548216914, 1490058
548343885, 549659656, 1315771
549780456, 551260114, 1479658
551386628, 552719085, 1332457
552841599, 554289257, 1447658
554415885, 555753714, 1337829
555875656, 557337828, 1462172
557464799, 558767428, 1302629
558889028, 560370285, 1481257
560497714, 561796799, 1299085
561919999, 563373257, 1453258
563501942, 564803314, 1301372
564927656, 566398171, 1470515
566526285, 567826285, 1300000
567950056, 569439314, 1489258
569569257, 570864571, 1295314
570988342, 572465371, 1477029
572592114, 573884799, 1292685
574008228, 575472228, 1464000
575599542, 576882171, 1282629
577167542, 578492799, 1325257
578619999, 579918056, 1298057
580203199, 581529257, 1326058
581656914, 582941028, 1284114
583725028, 585309257, 1584229
585437599, 586775314, 1337715
586897485, 588351885, 1454400
588479085, 589808228, 1329143
589930285, 591404685, 1474400
591532914, 592862399, 1329485
592984228, 594441942, 1457714
594569142, 595856914, 1287772
595979542, 597453371, 1473829
597579999, 598856228, 1276229
598977485, 600428228, 1450743
600556114, 601836114, 1280000
601957942, 603425371, 1467429
603553485, 604843656, 1290171
604966399, 606416571, 1450172
606544571, 607833714, 1289143
607956914, 609411999, 1455085
609539657, 610823771, 1284114
610945714, 612422628, 1476914
612550171, 613856571, 1306400
613977828, 615441485, 1463657
615567885, 616886742, 1318857
617176228, 618513485, 1337257
618639199, 619922628, 1283429
620202971, 621527542, 1324571
621655085, 622931885, 1276800
623209714, 624526857, 1317143
624652685, 625936342, 1283657
626219657, 627561828, 1342171
627687542, 628973028, 1285486
629251428, 630576457, 1325029
630702628, 632138742, 1436114
632269371, 633578742, 1309371
633702856, 634983656, 1280800
635254399, 636567885, 1313486
636692456, 637988799, 1296343
638264571, 639596342, 1331771
639720571, 641162628, 1442057
641290514, 642621485, 1330971
642743542, 644225142, 1481600
644352799, 645709485, 1356686
645832228, 647273942, 1441714
647400457, 648760456, 1359999
648883085, 650844342, 1961257
650971428, 652445142, 1473714
652571314, 653869485, 1298171
653991199, 655461942, 1470743
655588228, 656874399, 1286171
656996914, 658459085, 1462171
658585485, 659854171, 1268686
659975542, 661426057, 1450515
661552799, 662833371, 1280572
662956571, 664422057, 1465486
664549942, 665827314, 1277372
665948685, 667417371, 1468686
667545028, 668841371, 1296343
668965142, 670422285, 1457143
670549028, 671827885, 1278857
671950514, 673420685, 1470171
673549028, 674852342, 1303314
674974628, 676429485, 1454857
676556571, 677857028, 1300457
677979199, 679460799, 1481600
679587199, 680863428, 1276229
680985485, 682449257, 1463772
682576228, 683849828, 1273600
683972456, 685439885, 1467429
685567428, 686854399, 1286971
686977599, 688431885, 1454286
688559314, 689884799, 1325485
690006742, 691470971, 1464229
691597942, 692871428, 1273486
693149485, 694472114, 1322629
694598057, 695871542, 1273485
695993371, 697452914, 1459543
697579085, 698915656, 1336571
699189257, 700510857, 1321600
700636799, 701915428, 1278629
702197485, 703519199, 1321714
703645942, 704920799, 1274857
705202399, 706521371, 1318972
706648228, 707920114, 1271886
708199314, 709525028, 1325714
709650628, 710937142, 1286514
711215542, 712534171, 1318629
712661257, 713948571, 1287314
714226857, 715561942, 1335085
715687314, 716984456, 1297142
717256342, 718642514, 1386172
718769942, 720258857, 1488915
720385142, 721778171, 1393029
721899771, 723358171, 1458400
723485828, 724780456, 1294628
724903428, 726404114, 1500686
726531999, 727830171, 1298172
727953142, 729665256, 1712114
729788114, 731280685, 1492571
731407885, 732736799, 1328914
732858742, 734315657, 1456915
734442285, 735761485, 1319200
735883314, 737327314, 1444000
737454742, 738757371, 1302629
738879542, 740335085, 1455543
740462057, 741803656, 1341599
741925599, 743389142, 1463543
743517142, 744813371, 1296229
744936456, 746386514, 1450058
746514514, 747807428, 1292914
747930399, 749448342, 1517943
749576799, 750852114, 1275315
750974742, 752434057, 1459315
752560114, 753842399, 1282285
753964799, 755424685, 1459886
755552685, 756836114, 1283429
756957942, 758423314, 1465372
758551314, 759882171, 1330857
760004228, 761476571, 1472343
761603085, 762883656, 1280571
763006056, 764469714, 1463658
764596457, 765875085, 1278628
766159199, 767483085, 1323886
767609142, 769298628, 1689486
769427885, 770783199, 1355314
770905256, 772385485, 1480229
772513714, 773817142, 1303428
773941485, 775417599, 1476114
775546171, 776839314, 1293143
776962971, 778434171, 1471200
778562285, 779845371, 1283086
779967885, 781428799, 1460914
781556799, 782839428, 1282629
782962056, 784665028, 1702972
784788571, 786279085, 1490514
786407199, 787752799, 1345600
787875999, 789331314, 1455315
789458857, 790771085, 1312228
790893828, 792378514, 1484686
793015542, 794638514, 1622972
794761599, 796238285, 1476686
796364457, 797963428, 1598971
798239885, 799590971, 1351086
799716228, 801165142, 1448914
801292799, 802610171, 1317372
802731542, 804211542, 1480000
804339314, 805658742, 1319428
805780342, 807255657, 1475315
807382628, 808813142, 1430514
808936342, 810406171, 1469829
810533828, 811821256, 1287428
811943314, 813435771, 1492457
813564114, 814843885, 1279771
814966514, 816423085, 1456571
816549714, 817855885, 1306171
817977142, 819427885, 1450743
819556228, 820836685, 1280457
820958285, 822418971, 1460686
822546399, 823837942, 1291543
823961256, 825425942, 1464686
825553142, 826823314, 1270172
826945714, 828407885, 1462171
828536457, 829819428, 1282971
829942171, 831411657, 1469486
831538971, 832831542, 1292571
832954514, 834405485, 1450971
834533028, 835823999, 1290971
835947199, 837404457, 1457258
837531314, 839184914, 1653600
839312799, 840633257, 1320458
840754514, 842233142, 1478628
842359657, 843703428, 1343771
843825142, 845275999, 1450857
845402514, 846743771, 1341257
846866285, 848316571, 1450286
848443999, 849780685, 1336686
849902856, 851359999, 1457143
851486971, 852778399, 1291428
852899771, 854359314, 1459543
854486971, 855786056, 1299085
855908914, 857379771, 1470857
857507085, 858804914, 1297829
858927656, 860393828, 1466172
860520685, 861816228, 1295543
861939199, 863426628, 1487429
863555428, 864841371, 1285943
864963542, 866422057, 1458515
866550285, 867855542, 1305257
867977256, 869439771, 1462515
869566285, 870847999, 1281714
870970971, 872427428, 1456457
872555199, 873849714, 1294515
873972571, 875425942, 1453371
875553142, 876846399, 1293257
876968799, 878418971, 1450172
878545371, 879836914, 1291543
879960228, 881433485, 1473257
881560457, 882838628, 1278171
882962056, 884416571, 1454515
884544571, 885843428, 1298857
885965256, 887420685, 1455429
887547999, 888850971, 1302972
888973485, 890426057, 1452572
890553257, 891846628, 1293371
891967999, 893431199, 1463200
893558742, 894834056, 1275314
894955999, 896415542, 1459543
896542628, 897837828, 1295200
897960685, 899428571, 1467886
899557485, 900954514, 1397029
901230857, 902607771, 1376914
902729485, 904160342, 1430857
904289028, 905611085, 1322057
905732114, 907155771, 1423657
907283771, 908611885, 1328114
908732342, 910222399, 1490057
910348228, 911697256, 1349028
911818742, 913302857, 1484115
913428457, 914771085, 1342628
914893028, 916342857, 1449829
916470285, 917778628, 1308343
917900685, 919378399, 1477714
919506057, 920810514, 1304457
920933485, 922407314, 1473829
922535199, 923834171, 1298972
923957028, 925423657, 1466629
925551314, 926856799, 1305485
926978514, 928523542, 1545028
928655199, 929957714, 1302515
930232228, 931573028, 1340800
931697142, 932976456, 1279314
933246857, 934579999, 1333142
934702971, 935989028, 1286057
936262628, 937588914, 1326286
937712228, 939010399, 1298171
939276457, 940592914, 1316457
940713256, 941998285, 1285029
942264685, 943603085, 1338400
943723656, 945424685, 1701029
945554628, 946844685, 1290057
946966856, 948431314, 1464458
948558857, 949905485, 1346628
950189485, 951512914, 1323429
951639085, 952912799, 1273714
953198857, 954517714, 1318857
954642628, 955911085, 1268457
956190514, 957510285, 1319771
957636228, 958911542, 1275314
959192685, 960514514, 1321829
960640228, 961915999, 1275771
962194057, 963509828, 1315771
963635314, 964911199, 1275885
965192114, 966506399, 1314285
966632457, 967932114, 1299657
968215085, 969561714, 1346629
969688228, 970989942, 1301714
971268914, 972605599, 1336685
972726971, 974164685, 1437714
974291314, 975605028, 1313714
975726171, 977023885, 1297714
977295771, 978612571, 1316800
978733371, 980214514, 1481143
980341599, 981657142, 1315543
981778056, 983269371, 1491315
983396228, 984758171, 1361943
984881485, 986345714, 1464229
986473257, 987803314, 1330057
987925942, 989423085, 1497143
989552799, 990834171, 1281372
990956685, 992418857, 1462172
992546285, 993844342, 1298057
993966742, 995424228, 1457486
995552342, 996837142, 1284800
996959999, 998414285, 1454286
998541485, 999824685, 1283200
999947771, 1432799, -998514972
2259999, 3714742, 1454743
3836571, 5315999, 1479428
5441028, 6781371, 1340343
6901485, 8357371, 1455886
8482057, 9809828, 1327771
9930171, 11403999, 1473828
11530857, 12831885, 1301028
12953599, 14419085, 1465486
14545714, 15885142, 1339428
16006399, 17466285, 1459886
17591085, 18859999, 1268914
18981942, 20463657, 1481715
20589485, 21863085, 1273600
21984571, 23475314, 1490743
23601371, 24874171, 1272800
24995199, 26463771, 1468572
26588571, 27875542, 1286971
27996799, 29693714, 1696915
29825256, 31302057, 1476801
31427199, 32766742, 1339543
32888456, 34358057, 1469601
34483771, 35782171, 1298400
35903085, 37353599, 1450514
37480685, 38784799, 1304114
38906056, 40384914, 1478858
40511771, 42225485, 1713714
42353485, 43700228, 1346743
43820571, 45299999, 1479428
45424799, 46761256, 1336457
46882514, 48890971, 2008457
49023314, 50521485, 1498171
50646399, 51926399, 1280000
52204571, 53595314, 1390743
53716114, 55006056, 1289942
55272228, 56607542, 1335314
56727885, 58015771, 1287886
58283085, 59603999, 1320914
59724228, 61167999, 1443771
61294285, 62625142, 1330857
62745142, 64233599, 1488457
64359542, 65706399, 1346857
65827199, 67291085, 1463886
67416114, 68761828, 1345714
68883771, 70358742, 1474971
70484799, 71787771, 1302972
71909599, 73374285, 1464686
73501257, 74795085, 1293828
74916228, 76384571, 1468343
76511657, 77827428, 1315771
77948799, 78828456, 879657
78945485, 80678057, 1732572
80798742, 82279542, 1480800
82405142, 83741485, 1336343
83862056, 85319199, 1457143
85443771, 86822399, 1378628
86943314, 88404228, 1460914
88530399, 89826514, 1296115
89948228, 91658171, 1709943
91779428, 93276571, 1497143
93403199, 94765256, 1362057
94887771, 96336114, 1448343
96462514, 97775314, 1312800
97897028, 99358628, 1461600
99483885, 100791771, 1307886
100913485, 102394857, 1481372
102522399, 103818628, 1296229
103941028, 105402399, 1461371
105529599, 106819314, 1289715
106940914, 108404799, 1463885
108532571, 109821485, 1288914
109943999, 111409942, 1465943
111537714, 112839199, 1301485
112961028, 114718056, 1757028
114841371, 116308114, 1466743
116435314, 117786514, 1351200
117909828, 119386742, 1476914
119514285, 120813028, 1298743
120935314, 122397942, 1462628
122526171, 123820914, 1294743
123942742, 125408342, 1465600
125535542, 126853142, 1317600
126974971, 128427542, 1452571
128553942, 129833714, 1279772
129955999, 131416342, 1460343
131544457, 132827085, 1282628
132949028, 134413828, 1464800
134540685, 135874742, 1334057
135996571, 137448914, 1452343
137575657, 138869714, 1294057
138991314, 140452457, 1461143
140579428, 141856571, 1277143
141977942, 143463314, 1485372
143588685, 144867085, 1278400
144989256, 146465485, 1476229
146593599, 147866399, 1272800
147988228, 149445371, 1457143
149572228, 150850742, 1278514
150972685, 152423085, 1450400
152549942, 153851771, 1301829
153972914, 155425942, 1453028
155551999, 156854628, 1302629
156976799, 158466057, 1489258
158594514, 159886971, 1292457
160175085, 161502285, 1327200
161629028, 162904114, 1275086
163178971, 164491314, 1312343
164617714, 165891656, 1273942
166167542, 167498057, 1330515
167624228, 168914285, 1290057
169196228, 170510514, 1314286
170636114, 171911885, 1275771
172203885, 173522399, 1318514
173648114, 174914971, 1266857
175195771, 176511771, 1316000
176638285, 177913142, 1274857
178191428, 179507542, 1316114
179633714, 180916799, 1283085
181196799, 182519657, 1322858
182645371, 183934285, 1288914
184208571, 185587428, 1378857
185707999, 187007085, 1299086
187275771, 188593599, 1317828
188714399, 190160914, 1446515
190287085, 191619542, 1332457
191740799, 193224571, 1483772
193350971, 194660457, 1309486
194780799, 196260571, 1479772
196387314, 197722056, 1334742
197844456, 199295542, 1451086
199423199, 200769714, 1346515
200892685, 202369142, 1476457
202497599, 203804799, 1307200
203928228, 205433142, 1504914
205562514, 206844456, 1281942
206967085, 208423771, 1456686
208550971, 209832571, 1281600
209955314, 211415771, 1460457
211543199, 212847542, 1304343
212970742, 214436685, 1465943
214564342, 215845371, 1281029
215968456, 217425142, 1456686
218284228, 219765256, 1481028
219888685, 221366514, 1477829
221495428, 222800114, 1304686
222922285, 224372571, 1450286
224500571, 225803771, 1303200
225925828, 227398514, 1472686
227525828, 228821028, 1295200
228943314, 230412914, 1469600
230540914, 232226057, 1685143
232354057, 233706628, 1352571
233828456, 235298857, 1470401
235425257, 236763542, 1338285
236885714, 238350171, 1464457
238477371, 239778971, 1301600
239900799, 241361599, 1460800
241487999, 242809485, 1321486
242933142, 244399199, 1466057
244525371, 245818628, 1293257
245940914, 247412685, 1471771
247540571, 248823885, 1283314
248945828, 250432571, 1486743
250561828, 251849942, 1288114
251971199, 253454857, 1483658
253583657, 254855542, 1271885
254977142, 256446628, 1469486
256572914, 257922742, 1349828
258204114, 259525942, 1321828
259650742, 260922742, 1272000
261198057, 262526857, 1328800
262652799, 263930171, 1277372
264208114, 265530857, 1322743
265657371, 266927999, 1270628
267207657, 268546171, 1338514
268672571, 269951771, 1279200
270221485, 271557714, 1336229
271682971, 272965142, 1282171
273237485, 274576685, 1339200
274701599, 276006285, 1304686
276275428, 277595428, 1320000
277715656, 279001599, 1285943
279272457, 280593485, 1321028
280714399, 282013714, 1299315
282282742, 283599314, 1316572
283720228, 285005256, 1285028
285272114, 286589142, 1317028
286710171, 288001714, 1291543
288268914, 289593371, 1324457
289714171, 291144114, 1429943
291272457, 292584571, 1312114
292705371, 293997942, 1292571
294265485, 295585142, 1319657
295706056, 296995428, 1289372
297263199, 298598971, 1335772
298719085, 300005371, 1286286
300276799, 301594399, 1317600
301715428, 303216571, 1501143
303342514, 304685142, 1342628
304806628, 306269028, 1462400
306394742, 307727885, 1333143
307850056, 309297142, 1447086
309422857, 310765942, 1343085
310887656, 312341714, 1454058
312467771, 313775314, 1307543
313897371, 315364799, 1467428
315493942, 316792799, 1298857
316915428, 318399885, 1484457
318527999, 319824914, 1296915
319946628, 321403885, 1457257
321530285, 322820456, 1290171
322941599, 324405142, 1463543
324532914, 325815314, 1282400
325937599, 327405714, 1468115
327533485, 328867771, 1334286
328989371, 330451428, 1462057
330579199, 331866399, 1287200
331988114, 333444457, 1456343
333571314, 334848571, 1277257
334970171, 336433371, 1463200
336560228, 337842171, 1281943
337963999, 339419657, 1455658
339546628, 340826399, 1279771
340948456, 342411542, 1463086
342538971, 343840799, 1301828
343962399, 345412914, 1450515
345539428, 346854514, 1315086
346976228, 348433828, 1457600
348559999, 349844571, 1284572
349967085, 351421142, 1454057
351548114, 352831199, 1283085
352953142, 354416571, 1463429
354542742, 355837714, 1294972
355959656, 357419314, 1459658
357546057, 358855542, 1309485
358978056, 360427428, 1449372
360554057, 361897599, 1343542
362169485, 363491085, 1321600
363617142, 364889028, 1271886
365159771, 366482628, 1322857
366609257, 367890514, 1281257
368169714, 369489942, 1320228
369615542, 370891542, 1276000
371179314, 372496228, 1316914
372622285, 373893028, 1270743
374163885, 375482857, 1318972
375609028, 376884342, 1275314
377155885, 378490857, 1334972
378617942, 379895885, 1277943
380182742, 381500571, 1317829
381626856, 382896456, 1269600
383168799, 384484685, 1315886
384610742, 385889828, 1279086
386165257, 387482285, 1317028
387608228, 388882742, 1274514
389165714, 390474285, 1308571
390600114, 391870856, 1270742
391993028, 393451999, 1458971
393578628, 394856571, 1277943
394978399, 396429142, 1450743
396556799, 397835885, 1279086
397957828, 399425371, 1467543
399553028, 400846399, 1293371
400968114, 402430285, 1462171
402556685, 403868914, 1312229
403991085, 405450057, 1458972
405577028, 406851771, 1274743
406974742, 408430742, 1456000
408557714, 409864342, 1306628
409986856, 411459885, 1473029
411586971, 413275085, 1688114
413406285, 414763199, 1356914
414887314, 416340799, 1453485
416467314, 417774399, 1307085
417897256, 419368114, 1470858
419495885, 420791199, 1295314
420914056, 422393714, 1479658
422522171, 423816114, 1293943
423938742, 425401942, 1463200
426215885, 427603314, 1387429
427725828, 429221028, 1495200
429347428, 430696799, 1349371
430818056, 432283999, 1465943
432410628, 433762628, 1352000
433884914, 435349028, 1464114
435476571, 436787085, 1310514
436909371, 438394742, 1485371
438521599, 439857599, 1336000
439979656, 441456114, 1476458
441583771, 442861142, 1277371
442983428, 444451542, 1468114
444578514, 445851085, 1272571
445973028, 447478628, 1505600
447604456, 448879885, 1275429
449161599, 450471542, 1309943
450597485, 451877714, 1280229
451999542, 453459771, 1460229
453585371, 455270742, 1685371
455399085, 456756456, 1357371
456879199, 458347885, 1468686
458476342, 459796456, 1320114
459919199, 461410399, 1491200
461538628, 462854742, 1316114
462975771, 464429599, 1453828
464555999, 465841371, 1285372
465963656, 467417599, 1453943
467543657, 468824685, 1281028
468947885, 470406399, 1458514
470534399, 471828456, 1294057
471949485, 473422857, 1473372
473550285, 474843542, 1293257
474965599, 476424457, 1458858
476550514, 477852799, 1302285
477974856, 479431657, 1456801
479558971, 480842399, 1283428
480964456, 482420571, 1456115
482547314, 483851999, 1304685
483973599, 485425714, 1452115
485552228, 486827999, 1275771
486949942, 488413028, 1463086
488541028, 489851542, 1310514
489973028, 491438285, 1465257
491564571, 492847199, 1282628
492969714, 494431314, 1461600
494559199, 495843199, 1284000
495964456, 497416342, 1451886
497542742, 498876342, 1333600
498997714, 500448114, 1450400
500573714, 501855085, 1281371
501976685, 503428685, 1452000
503555199, 504850399, 1295200
504972914, 506426399, 1453485
506554285, 507849142, 1294857
507970856, 509430742, 1459886
509558057, 510839199, 1281142
510962399, 512413599, 1451200
512540114, 513832114, 1292000
513953599, 515414399, 1460800
515541828, 516845256, 1303428
516966514, 518423428, 1456914
518550171, 519856914, 1306743
519978399, 521437942, 1459543
521564914, 522846056, 1281142
522968228, 524422514, 1454286
524549142, 525835656, 1286514
525958056, 527415314, 1457258
527542057, 528828571, 1286514
528950514, 530403999, 1453485
530530514, 531846856, 1316342
531969256, 532850171, 880915
532967542, 534980685, 2013143
535256914, 536595314, 1338400
536718171, 538149142, 1430971
538279314, 539610056, 1330742
539731999, 541223199, 1491200
541349714, 542725485, 1375771
542847999, 544338742, 1490743
544466399, 545811085, 1344686
545933028, 547434742, 1501714
547561485, 548875885, 1314400
548997828, 550457828, 1460000
550584571, 551912456, 1327885
552197485, 553568457, 1370972
553694399, 555174971, 1480572
555302971, 556695199, 1392228
556817142, 558286285, 1469143
558413371, 559789485, 1376114
559911542, 561393028, 1481486
561520457, 562833828, 1313371
562955085, 564412457, 1457372
564540342, 566226514, 1686172
566356914, 567695999, 1339085
567818399, 569301714, 1483315
569429485, 570775885, 1346400
570896914, 572364342, 1467428
572492914, 573794285, 1301371
573917142, 575383657, 1466515
575511085, 576815542, 1304457
576938971, 578393371, 1454400
578521028, 579813371, 1292343
579936571, 581404228, 1467657
581531885, 582826971, 1295086
582950399, 584406628, 1456229
584534514, 585842971, 1308457
585965028, 587421485, 1456457
587549599, 588856799, 1307200
588978056, 590443428, 1465372
590571314, 591891542, 1320228
592184342, 593526971, 1342629
593653599, 594942971, 1289372
595219314, 596594971, 1375657
596716685, 598144685, 1428000
598274285, 599580342, 1306057
599705714, 600999199, 1293485
601270514, 602593485, 1322971
602716342, 603999885, 1283543
604270514, 605588342, 1317828
605711085, 607004342, 1293257
607278171, 608596457, 1318286
608719885, 610209142, 1489257
610336457, 611648571, 1312114
611768914, 613247657, 1478743
613375085, 614713142, 1338057
614836685, 616310628, 1473943
616438057, 617786056, 1347999
617908571, 619387771, 1479200
619515199, 620813714, 1298515
620937256, 622402971, 1465715
622530971, 623820685, 1289714
623943999, 625407314, 1463315
625535657, 626832571, 1296914
626956799, 628418628, 1461829
628547199, 629852571, 1305372
629975085, 631428914, 1453829
631557714, 632845485, 1287771
633655656, 635274742, 1619086
635402971, 636791542, 1388571
636913371, 638379999, 1466628
638507314, 639803085, 1295771
639925599, 641399085, 1473486
641526628, 642818971, 1292343
642942171, 644402171, 1460000
644529142, 645818971, 1289829
645942399, 647405828, 1463429
647533485, 648853142, 1319657
648974742, 650787656, 1812914
650922171, 652422857, 1500686
652551428, 653860228, 1308800
653982628, 655442285, 1459657
655568342, 656843885, 1275543
656966056, 658422628, 1456572
658550514, 659831085, 1280571
659953828, 661433828, 1480000
661561599, 662865485, 1303886
662986856, 664451885, 1465029
664578742, 665870971, 1292229
666144571, 667473142, 1328571
667599199, 668881485, 1282286
669169257, 670498971, 1329714
670625828, 671893942, 1268114
672166057, 673486742, 1320685
673613485, 674892342, 1278857
675171771, 676484799, 1313028
676611199, 677889142, 1277943
678177485, 679497828, 1320343
679623885, 680889714, 1265829
681160685, 682481371, 1320686
682607999, 683876685, 1268686
684148342, 685476228, 1327886
685602628, 686880456, 1277828
687164799, 688488799, 1324000
688615085, 689885599, 1270514
690007428, 691489485, 1482057
691616456, 692889714, 1273258
693012114, 694483428, 1471314
694610057, 695884456, 1274399
696167771, 697485142, 1317371
697613142, 698889485, 1276343
699011656, 700482742, 1471086
700610399, 701885828, 1275429
702158171, 703483657, 1325486
703610742, 704890742, 1280000
705171085, 706493599, 1322514
706620457, 707903199, 1282742
708180914, 709497942, 1317028
709624456, 710898971, 1274515
711021256, 712488571, 1467315
712614971, 713898742, 1283771
714180571, 715506057, 1325486
715633028, 716903085, 1270057
717191085, 718534057, 1342972
718661714, 719943428, 1281714
720217599, 721562742, 1345143
721688571, 722975314, 1286743
723245485, 724566285, 1320800
724691542, 725983885, 1292343
726259657, 727580342, 1320685
727704456, 728991885, 1287429
729262514, 730590857, 1328343
730713371, 731995885, 1282514
732264228, 733587999, 1323771
733710514, 735154971, 1444457
735283542, 736606742, 1323200
736728685, 738176799, 1448114
738304114, 739711771, 1407657
739833828, 741287542, 1453714
741414399, 742749599, 1335200
742871999, 744325828, 1453829
744453257, 745787314, 1334057
745909599, 747393714, 1484115
747520457, 748813256, 1292799
748936685, 750400571, 1463886
750528571, 751824114, 1295543
751946514, 753402971, 1456457
753530628, 754821371, 1290743
754943885, 756395428, 1451543
756523085, 757827999, 1304914
757950742, 759399314, 1448572
759526742, 760816799, 1290057
760939999, 762423428, 1483429
762554628, 763839771, 1285143
763961485, 765440114, 1478629
765567199, 766849485, 1282286
766971199, 768423885, 1452686
768550514, 769841142, 1290628
769963428, 771414171, 1450743
771541371, 772838628, 1297257
772965828, 774437714, 1471886
774563999, 775844456, 1280457
775966742, 777417371, 1450629
777546399, 778836342, 1289943
778958628, 780409714, 1451086
780538628, 781828685, 1290057
781950971, 783409028, 1458057
783536342, 784828456, 1292114
784951199, 786411771, 1460572
786539657, 787830514, 1290857
787953942, 789406399, 1452457
789534857, 790827999, 1293142
790950399, 792414857, 1464458
792542057, 793823771, 1281714
793946285, 795402971, 1456686
795530285, 796826856, 1296571
796950514, 798404571, 1454057
798532228, 799844799, 1312571
799967314, 801426742, 1459428
801555314, 802858971, 1303657
802981714, 804454628, 1472914
804581142, 805853142, 1272000
805975428, 807429028, 1453600
807555771, 808830971, 1275200
808952685, 810676685, 1724000
810806628, 812260799, 1454171
812387428, 813779656, 1392228
813902056, 815387314, 1485258
815514857, 816812799, 1297942
816935771, 818398171, 1462400
818525714, 819818742, 1293028
819941942, 821399542, 1457600
821528228, 822833371, 1305143
822955771, 824418742, 1462971
824546971, 825854514, 1307543
825977485, 827432342, 1454857
827561371, 828845714, 1284343
828969371, 830422171, 1452800
830550285, 831841599, 1291314
831965028, 833420685, 1455657
833549599, 834860114, 1310515
834982742, 836436342, 1453600
836563428, 837844914, 1281486
837967656, 839424457, 1456801
839552228, 841193599, 1641371
841876685, 843455771, 1579086
843583771, 844862399, 1278628
844984228, 846438628, 1454400
846565142, 847841942, 1276800
847964571, 849415428, 1450857
849542971, 850831542, 1288571
850955314, 852414171, 1458857
852542057, 853834742, 1292685
853957028, 855414971, 1457943
855542285, 857237599, 1695314
857367199, 858711885, 1344686
858834514, 860277714, 1443200
860405028, 861744228, 1339200
861865599, 863313142, 1447543
863440228, 864780914, 1340686
864902971, 866386057, 1483086
866513371, 867830285, 1316914
867952456, 869417828, 1465372
869545028, 870838399, 1293371
870961142, 872410742, 1449600
872538742, 873830628, 1291886
873953828, 875406399, 1452571
875534171, 876816685, 1282514
876938742, 878404228, 1465486
878531657, 879818171, 1286514
879940228, 881397942, 1457714
881525028, 882820571, 1295543
882942971, 884400685, 1457714
884527885, 885827314, 1299429
885950399, 887406628, 1456229
887533599, 888820685, 1287086
888943542, 890403657, 1460115
890531657, 891837028, 1305371
891958742, 893410057, 1451315
893538171, 894838285, 1300114
894961714, 896424571, 1462857
896552114, 897838628, 1286514
897961371, 899417942, 1456571
899546285, 900844114, 1297829
900967199, 902413828, 1446629
902541485, 903843085, 1301600
903964571, 905412914, 1448343
905540457, 906828914, 1288457
906951885, 908411428, 1459543
908539657, 909822514, 1282857
909944799, 911400342, 1455543
911528228, 912834856, 1306628
912957142, 914403771, 1446629
914531885, 915842399, 1310514
915964685, 917419771, 1455086
917547885, 918828342, 1280457
918950514, 920410857, 1460343
920538285, 921832114, 1293829
921954742, 923407314, 1452572
923535199, 924844342, 1309143
924966056, 926421257, 1455201
926549142, 927827656, 1278514
927949371, 929399657, 1450286
929527314, 930818628, 1291314
930940914, 932399199, 1458285
932526399, 933819314, 1292915
933942856, 935392228, 1449372
935519657, 936828685, 1309028
936951314, 938414285, 1462971
938540914, 939841256, 1300342
939962971, 941413942, 1450971
941541257, 942835428, 1294171
942958742, 944463085, 1504343
944589142, 945869142, 1280000
946146742, 947468685, 1321943
947595428, 948867314, 1271886
948989485, 950437028, 1447543
950564342, 952244228, 1679886
952373714, 953715542, 1341828
953837828, 955282628, 1444800
955410399, 956762742, 1352343
956885485, 958375314, 1489829
958502628, 959793485, 1290857
959915428, 961632571, 1717143
961755656, 963249371, 1493715
963375542, 964721371, 1345829
964844914, 966290399, 1445485
966417028, 967751314, 1334286
967873828, 969328457, 1454629
969455885, 970780342, 1324457
970903771, 972376571, 1472800
972504342, 973799656, 1295314
973921485, 975423771, 1502286
975551999, 976835656, 1283657
976956685, 978418057, 1461372
978546171, 979879771, 1333600
980002971, 981470857, 1467886
981597714, 982872114, 1274400
982994628, 983882285, 887657
983999542, 985774056, 1774514
985896799, 987361485, 1464686
987488685, 988834399, 1345714
988956114, 990415428, 1459314
990542857, 991852914, 1310057
991982285, 993469942, 1487657
993596914, 994879771, 1282857
995003085, 996469599, 1466514
996596457, 997875771, 1279314
998156571, 999486742, 1330171
999612914, 885028, -998727886
1009371, 2482857, 1473486
2608114, 3879085, 1270971
4000456, 5459657, 1459201
5584571, 6867771, 1283200
6987771, 8465371, 1477600
8589714, 9866285, 1276571
9986171, 11445942, 1459771
11571085, 12847885, 1276800
12969142, 14416571, 1447429
14544114, 15839428, 1295314
15961371, 17411771, 1450400
17538857, 18840914, 1302057
18962171, 20418514, 1456343
20545942, 21825714, 1279772
21946856, 23403428, 1456572
23530171, 24836114, 1305943
24956685, 26405714, 1449029
26532685, 27822056, 1289371
27944114, 29407314, 1463200
29534285, 30823542, 1289257
30945942, 32403428, 1457486
32530857, 33847314, 1316457
33969142, 35467199, 1498057
35594399, 36879085, 1284686
37160342, 38480799, 1320457
38607199, 39878514, 1271315
40001256, 41465142, 1463886
41592228, 42859999, 1267771
42981828, 44443085, 1461257
44569714, 45850742, 1281028
45973028, 47430857, 1457829
47558971, 49591885, 2032914
49720228, 51020799, 1300571
51291542, 52649828, 1358286
53484799, 54896685, 1411886
55181828, 56529257, 1347429
56655885, 57933942, 1278057
58217142, 59543657, 1326515
59668342, 60962171, 1293829
61233257, 62561714, 1328457
62686514, 63970056, 1283542
64241028, 65565371, 1324343
65689485, 66978971, 1289486
67248457, 68567199, 1318742
68691656, 70389485, 1697829
70518628, 71844571, 1325943
71965828, 73430857, 1465029
73557942, 74852799, 1294857
74974742, 76451542, 1476800
76577142, 77865714, 1288572
77986285, 79436114, 1449829
79562057, 80850285, 1288228
80972799, 82430399, 1457600
82557942, 83857142, 1299200
83979885, 85455199, 1475314
85580799, 86862971, 1282172
86984342, 88435657, 1451315
88561714, 89849256, 1287542
89972228, 91444457, 1472229
91570399, 92847999, 1277600
92969256, 94431885, 1462629
94558742, 96246628, 1687886
96375314, 97710856, 1335542
97832571, 99284799, 1452228
99411314, 100763542, 1352228
100884685, 102355657, 1470972
102482857, 103782514, 1299657
103905714, 105417142, 1511428
105545485, 106829828, 1284343
106951885, 108400571, 1448686
108528342, 109821028, 1292686
109944342, 111409371, 1465029
111536228, 112821485, 1285257
112943542, 114406628, 1463086
114534171, 115830285, 1296114
115952799, 117402628, 1449829
117530857, 118847999, 1317142
118969942, 120421828, 1451886
120550057, 121828571, 1278514
121950514, 123403428, 1452914
123530742, 124816914, 1286172
124939542, 126396114, 1456572
126523542, 127817142, 1293600
127940685, 129398057, 1457372
129525371, 130821828, 1296457
130944685, 132400228, 1455543
132527542, 133810514, 1282972
133931999, 135395199, 1463200
135522514, 136817942, 1295428
136941256, 138439771, 1498515
138568114, 139848342, 1280228
139970285, 141430171, 1459886
141557828, 142852114, 1294286
142974742, 144427885, 1453143
144554857, 145835428, 1280571
145958971, 147408457, 1449486
147536799, 148846285, 1309486
148968342, 150424114, 1455772
150551999, 151850971, 1298972
151973599, 153428685, 1455086
153555542, 154845599, 1290057
154969028, 156418514, 1449486
156545828, 157822399, 1276571
157944456, 159401942, 1457486
159529828, 160814742, 1284914
160937485, 162402971, 1465486
162531085, 163839999, 1308914
163962628, 165428571, 1465943
165555771, 166863771, 1308000
166992685, 168458628, 1465943
168586171, 169856914, 1270743
169978399, 171423885, 1445486
171551999, 172842856, 1290857
172966514, 174419085, 1452571
174546971, 175848914, 1301943
175971542, 177431885, 1460343
177559199, 178851428, 1292229
178973371, 180453485, 1480114
180579999, 181868456, 1288457
181991199, 183456457, 1465258
183582857, 184861142, 1278285
184983314, 186431999, 1448685
186559771, 187837142, 1277371
187959885, 189413942, 1454057
189541714, 190819428, 1277714
190941599, 192405371, 1463772
192533257, 193828685, 1295428
193952685, 195402742, 1450057
195530399, 196823542, 1293143
196945828, 198398399, 1452571
198526171, 199837714, 1311543
199959428, 201437599, 1478171
201565371, 202903885, 1338514
203187657, 204523085, 1335428
204649371, 205927885, 1278514
206205714, 207521942, 1316228
207648685, 208922856, 1274171
209203085, 210577828, 1374743
210701828, 211983999, 1282171
212254628, 213572114, 1317486
213696342, 214980456, 1284114
215251428, 216572685, 1321257
216697942, 217975314, 1277372
218251542, 219579085, 1327543
219703542, 221406171, 1702629
221535542, 222841714, 1306172
222964685, 224433371, 1468686
224559542, 225867771, 1308229
226028342, 227482971, 1454629
227609942, 228889599, 1279657
229162514, 230507999, 1345485
230637257, 231945599, 1308342
232225942, 233552914, 1326972
233678285, 234962056, 1283771
235239314, 236561371, 1322057
236686971, 237970399, 1283428
238241714, 239564114, 1322400
239689485, 240992114, 1302629
241259885, 242585828, 1325943
242707885, 244008685, 1300800
244283199, 245614399, 1331200
245737371, 247226057, 1488686
247353142, 248702514, 1349372
248825142, 250301828, 1476686
250429371, 251773714, 1344343
251895656, 253381942, 1486286
253510171, 254808456, 1298285
254931885, 256406057, 1474172
256534628, 257831999, 1297371
257956571, 259419771, 1463200
259547542, 260848228, 1300686
260971656, 262465257, 1493601
262592457, 263869256, 1276799
264722971, 266342171, 1619200
266471085, 267772114, 1301029
267894171, 269370057, 1475886
269497142, 270788342, 1291200
270909828, 272379542, 1469714
272507199, 273818856, 1311657
273941714, 275400342, 1458628
275529142, 276822171, 1293029
276944228, 278403885, 1459657
278530971, 279842285, 1311314
279963885, 281410857, 1446972
281539085, 282842285, 1303200
282964228, 284417714, 1453486
284545599, 285832342, 1286743
285954171, 287407085, 1452914
287535771, 288829599, 1293828
288952685, 290408342, 1455657
290537257, 291829485, 1292228
291953028, 293412342, 1459314
293539885, 294824456, 1284571
294946514, 296403999, 1457485
296531199, 297874285, 1343086
297996342, 299470057, 1473715
299596571, 300868914, 1272343
300990628, 302457714, 1467086
302583771, 303862056, 1278285
304141942, 305462514, 1320572
305589028, 306864799, 1275771
306986285, 308454285, 1468000
308580571, 309853371, 1272800
309975542, 311429028, 1453486
311557028, 312844799, 1287771
312966856, 314442399, 1475543
314569257, 315849371, 1280114
315971428, 317418742, 1447314
317546628, 319235542, 1688914
319364114, 320702056, 1337942
320824799, 322280342, 1455543
322407199, 323746399, 1339200
323868456, 325316571, 1448115
325444114, 326783885, 1339771
326905714, 328411428, 1505714
328541028, 329823771, 1282743
329946514, 331407999, 1461485
331535771, 332825028, 1289257
332947199, 334397828, 1450629
334525485, 335815999, 1290514
335938742, 337393828, 1455086
337522285, 338830742, 1308457
338953371, 340413828, 1460457
340541714, 341816342, 1274628
341937942, 343401371, 1463429
343529257, 344822742, 1293485
344945828, 345833028, 887200
345951314, 347945828, 1994514
348224914, 349593942, 1369028
349721714, 351191199, 1469485
351318857, 352637028, 1318171
352757828, 354239428, 1481600
354366171, 355756228, 1390057
355878399, 357378171, 1499772
357506857, 358829256, 1322399
358950285, 360411885, 1461600
360539314, 361837714, 1298400
361960456, 363408457, 1448001
363535428, 364824914, 1289486
364947999, 366402285, 1454286
366529828, 367835999, 1306171
367957599, 369412914, 1455315
369540685, 370829942, 1289257
370951771, 372411314, 1459543
372539428, 373820685, 1281257
373944456, 375407885, 1463429
375535542, 376822856, 1287314
376944914, 378410971, 1466057
378538399, 379826056, 1287657
379949485, 381405599, 1456114
381533828, 382823771, 1289943
382947999, 384399199, 1451200
384527428, 385820456, 1293028
385943656, 387401828, 1458172
387530285, 388806628, 1276343
388928914, 390388799, 1459885
390516114, 391815085, 1298971
391938171, 393392685, 1454514
393520228, 394815428, 1295200
394939085, 396402057, 1462972
396529142, 397810628, 1281486
397932914, 399399085, 1466171
399526171, 400827314, 1301143
400950514, 402398971, 1448457
402527428, 403835199, 1307771
403956914, 405416228, 1459314
405543771, 406855199, 1311428
406978056, 408436685, 1458629
408563428, 409842628, 1279200
409965028, 411414399, 1449371
411541142, 413227999, 1686857
413357028, 414696342, 1339314
414818399, 416296571, 1478172
416423314, 417759999, 1336685
417882285, 419358399, 1476114
419486399, 420777942, 1291543
420899656, 422360457, 1460801
422487199, 423787314, 1300115
423910856, 425373714, 1462858
425501599, 426800571, 1298972
426923085, 428384457, 1461372
428511885, 429817942, 1306057
429940914, 431406171, 1465257
431533942, 432813828, 1279886
432935771, 434393142, 1457371
434520571, 435810856, 1290285
435932914, 437392799, 1459885
437520799, 438813828, 1293029
438937371, 440395885, 1458514
440523771, 441833942, 1310171
441955885, 443419085, 1463200
443547428, 444831999, 1284571
444953942, 446409371, 1455429
446536799, 447826514, 1289715
447949256, 449411999, 1462743
449538742, 450828114, 1289372
450950628, 452413714, 1463086
452541942, 453844114, 1302172
453967085, 455421257, 1454172
455549714, 456837599, 1287885
456961256, 458411999, 1450743
458539314, 459823199, 1283885
459946285, 461403999, 1457714
461531771, 462820228, 1288457
462944228, 464424799, 1480571
464555085, 465842399, 1287314
465966285, 467430628, 1464343
467558285, 468841599, 1283314
468964685, 470427999, 1463314
470556228, 471842399, 1286171
472662171, 474284914, 1622743
474413257, 475757714, 1344457
475879771, 477389714, 1509943
477518514, 478817371, 1298857
478940342, 480403657, 1463315
480531199, 481829828, 1298629
481953028, 483415771, 1462743
483543999, 484833142, 1289143
484956456, 486425942, 1469486
486552114, 487834171, 1282057
487955999, 489438057, 1482058
489566285, 490869828, 1303543
491144799, 492478857, 1334058
492604799, 493878285, 1273486
493999771, 495469028, 1469257
495595428, 496885714, 1290286
497156114, 498488342, 1332228
498614057, 499888342, 1274285
500010628, 501479085, 1468457
501605714, 502876114, 1270400
503159085, 504481257, 1322172
504607542, 505944228, 1336686
506221714, 507553257, 1331543
507679314, 508972571, 1293257
509245257, 510565142, 1319885
510690742, 511971199, 1280457
512242742, 513564571, 1321829
513690399, 514971885, 1281486
515243314, 516563885, 1320571
516689599, 517977599, 1288000
518249142, 519567314, 1318172
519692342, 520994399, 1302057
521268114, 522597599, 1329485
522719542, 524163657, 1444115
524293485, 525608914, 1315429
525731085, 526607771, 876686
526725028, 538290628, 11565600
538422057, 539812000, 1389943
539934172, 541430629, 1496457
541558743, 542862514, 1303771
542984229, 544442857, 1458628
544570514, 545860000, 1289486
545982057, 547441600, 1459543
547569600, 548901829, 1332229
549185943, 550560800, 1374857
550686514, 552019771, 1333257
552290629, 553690400, 1399771
553812114, 555273600, 1461486
555399886, 556724572, 1324686
556846743, 558297486, 1450743
558424572, 559757600, 1333028
559879543, 561386172, 1506629
561514857, 562814400, 1299543
562937486, 564402857, 1465371
564530057, 565814286, 1284229
565937486, 567400915, 1463429
567528914, 568836686, 1307772
568959086, 570420000, 1460914
570548114, 571829714, 1281600
571951771, 573413829, 1462058
573540914, 574832114, 1291200
574954971, 576411657, 1456686
576539772, 577835657, 1295885
577958743, 579460115, 1501372
579586629, 580864914, 1278285
580987657, 582443315, 1455658
582570514, 583853257, 1282743
583975314, 585453486, 1478172
585580457, 586874171, 1293714
586996114, 588479429, 1483315
588606057, 589949371, 1343314
590226172, 591605714, 1379542
591728914, 593008343, 1279429
593281943, 594657372, 1375429
594778171, 596255772, 1477601
596382972, 597712800, 1329828
597834286, 599276800, 1442514
599403657, 600761714, 1358057
600883771, 602606743, 1722972
602732229, 604179086, 1446857
604309486, 605630400, 1320914
605751772, 607237143, 1485371
607364000, 608694057, 1330057
608816343, 610298057, 1481714
610425143, 611780229, 1355086
611901714, 613381257, 1479543
613508686, 614815086, 1306400
614938171, 616399429, 1461258
616527086, 617831771, 1304685
617954057, 619408572, 1454515
619536572, 620829829, 1293257
620952914, 622404572, 1451658
622532686, 623826400, 1293714
623948800, 625410743, 1461943
625538286, 626815771, 1277485
626938286, 628403657, 1465371
628530972, 629871657, 1340685
629994514, 631451315, 1456801
631577829, 632844914, 1267085
632966971, 634422743, 1455772
634551200, 635839886, 1288686
635962857, 637454743, 1491886
637582286, 638882743, 1300457
639153943, 640482286, 1328343
640608000, 641876343, 1268343
642153943, 643524343, 1370400
643649943, 644936114, 1286171
645212229, 646546172, 1333943
646672114, 647956114, 1284000
648226172, 649548229, 1322057
649673714, 650976571, 1302857
651587543, 653004686, 1417143
653283429, 654889943, 1606514
655013257, 656493829, 1480572
656620000, 657907657, 1287657
658189715, 659532343, 1342628
659657600, 660936571, 1278971
661220000, 662546400, 1326400
662670857, 663949943, 1279086
664224343, 665550400, 1326057
665675886, 666948457, 1272571
667220343, 668537829, 1317486
668663429, 669941029, 1277600
670213486, 671538286, 1324800
671664800, 672954971, 1290171
673226515, 674549600, 1323085
674675886, 675958286, 1282400
676237829, 677570400, 1332571
677696343, 679182629, 1486286
679310857, 680643886, 1333029
680765943, 682248115, 1482172
682375429, 683743657, 1368228
683868343, 685364572, 1496229
685492572, 686810971, 1318399
686934286, 688397486, 1463200
688526743, 689829029, 1302286
690621943, 692246515, 1624572
692374857, 693704572, 1329715
693826514, 695290515, 1464001
695417372, 696760686, 1343314
696883314, 698352915, 1469601
698479886, 699779772, 1299886
699903314, 701370286, 1466972
701497372, 702795086, 1297714
702916571, 704379772, 1463201
704506972, 705795429, 1288457
705918171, 707381372, 1463201
707508115, 708385486, 877371
708510857, 710271429, 1760572
710397143, 711754172, 1357029
711876000, 713349600, 1473600
713476800, 714826514, 1349714
714948686, 716413257, 1464571
716540686, 717826629, 1285943
717948571, 719413829, 1465258
719541143, 720840000, 1298857
720962400, 722426629, 1464229
722553829, 723843543, 1289714
723964914, 725429486, 1464572
725557029, 726840457, 1283428
726962286, 728423657, 1461371
728550400, 729841600, 1291200
729964114, 731410972, 1446858
731537829, 732832457, 1294628
732955543, 734405600, 1450057
734532457, 735827200, 1294743
735949829, 737410743, 1460914
737539086, 738844914, 1305828
738966971, 740422857, 1455886
740550057, 741835771, 1285714
741958171, 743421029, 1462858
743548686, 744838514, 1289828
744961029, 746418972, 1457943
746545829, 747832800, 1286971
747954629, 749416000, 1461371
749543543, 750835086, 1291543
750957371, 752407886, 1450515
752534172, 753826857, 1292685
753949143, 755408343, 1459200
755535543, 756827086, 1291543
756948914, 758409257, 1460343
758537486, 759840000, 1302514
759963200, 761409600, 1446400
761537257, 762837600, 1300343
762960229, 764421372, 1461143
764548914, 765838400, 1289486
765960686, 767422400, 1461714
767548914, 768841714, 1292800
768964114, 770427543, 1463429
770554057, 771833714, 1279657
771955771, 773417829, 1462058
773545143, 774842171, 1297028
774964914, 776428915, 1464001
776555314, 777842286, 1286972
777964686, 779413143, 1448457
779539772, 780837829, 1298057
780961143, 782444457, 1483314
782571086, 783846514, 1275428
783969486, 785425715, 1456229
785553486, 786846857, 1293371
786969714, 788441029, 1471315
788568000, 789845943, 1277943
789967543, 791425372, 1457829
791552114, 792835657, 1283543
792957829, 794419886, 1462057
794548229, 795834171, 1285942
795956229, 797421257, 1465028
797547543, 798841143, 1293600
798963657, 800428572, 1464915
800555543, 801845143, 1289600
801967086, 803427772, 1460686
803555314, 804840229, 1284915
804962057, 806420686, 1458629
806546743, 807833486, 1286743
807954743, 809409600, 1454857
809536114, 810836914, 1300800
810958971, 812565029, 1606058
812695429, 814000343, 1304914
814267886, 815603314, 1335428
815723429, 817165258, 1441829
817292229, 818698629, 1406400
818820800, 820282743, 1461943
820408000, 821758629, 1350629
821880800, 823332115, 1451315
823458629, 824789486, 1330857
824911429, 826386400, 1474971
826515200, 827812114, 1296914
827933943, 829380686, 1446743
829507200, 830809600, 1302400
830932000, 832385257, 1453257
832512572, 833830171, 1317599
833951771, 835412115, 1460344
835539657, 836837714, 1298057
836959657, 838414743, 1455086
838541372, 839828800, 1287428
839951200, 841411200, 1460000
841539886, 843197715, 1657829
843325143, 844645257, 1320114
844765371, 846251772, 1486401
846377943, 847716572, 1338629
847838057, 849322515, 1484458
849448457, 850810857, 1362400
850932571, 852397143, 1464572
852525600, 853828686, 1303086
853951314, 855422286, 1470972
855549943, 856837829, 1287886
856959657, 858417029, 1457372
858545143, 860236800, 1691657
860365715, 861702972, 1337257
861825029, 863301372, 1476343
863427086, 864767086, 1340000
864888686, 866353943, 1465257
866481372, 867819429, 1338057
867941714, 869405029, 1463315
869531429, 870832914, 1301485
870955429, 872431315, 1475886
872558629, 873847314, 1288685
873969600, 875430515, 1460915
875557372, 876839657, 1282285
876962400, 878429829, 1467429
878557829, 879839886, 1282057
879963886, 881437143, 1473257
881564229, 882838286, 1274057
882961371, 884669600, 1708229
884792914, 886288343, 1495429
886417486, 887765714, 1348228
887889257, 889592914, 1703657
889721029, 891160915, 1439886
891290972, 892632343, 1341371
892754057, 894245258, 1491201
894372457, 895715886, 1343429
895838057, 897318743, 1480686
897445715, 898777143, 1331428
899600457, 901230400, 1629943
901358857, 902752800, 1393943
902875657, 904341943, 1466286
904468800, 905795771, 1326971
905917943, 907389029, 1471086
907516686, 908825257, 1308571
908947429, 910412000, 1464571
910540000, 911817943, 1277943
911939771, 913400000, 1460229
913528686, 914825257, 1296571
914948457, 916398400, 1449943
916526743, 917820914, 1294171
917944229, 919403886, 1459657
919531200, 920861943, 1330743
920984457, 922438057, 1453600
922564914, 923842743, 1277829
923965143, 925430172, 1465029
925556114, 926832229, 1276115
926954971, 928424115, 1469144
928551886, 929839543, 1287657
929962057, 931417372, 1455315
931545943, 932840571, 1294628
932963429, 934428800, 1465371
934555772, 935835886, 1280114
935959429, 937420800, 1461371
937547657, 938824343, 1276686
938946857, 940400115, 1453258
940528229, 941825943, 1297714
941948457, 943405829, 1457372
943533486, 944833143, 1299657
944955886, 946425257, 1469371
946553029, 947836571, 1283542
947958400, 949420343, 1461943
949548343, 950831657, 1283314
950954286, 952408572, 1454286
952536229, 953833714, 1297485
953957029, 955409829, 1452800
955537486, 956823086, 1285600
956945714, 958401715, 1456001
958529029, 960219086, 1690057
960348343, 961715429, 1367086
961837486, 963285372, 1447886
963412229, 964765486, 1353257
964887771, 966354743, 1466972
966481372, 967774400, 1293028
967895886, 969359657, 1463771
969486743, 970786057, 1299314
970907657, 972381486, 1473829
972508457, 973799886, 1291429
973922857, 975365486, 1442629
975492800, 976788686, 1295886
976912686, 978373600, 1460914
978501486, 979797714, 1296228
979920114, 981389715, 1469601
981517486, 982816000, 1298514
982940114, 984405600, 1465486
984532457, 985817714, 1285257
985940343, 987396229, 1455886
987524115, 988829486, 1305371
988951657, 990406629, 1454972
990533943, 991818743, 1284800
991941371, 993403886, 1462515
993532343, 994824457, 1292114
994947543, 996405029, 1457486
996533600, 997829829, 1296229
997952914, 999405372, 1452458
999532914, 838971, -998693943
963543, 2422743, 1459200
2548229, 3825714, 1277485
3946743, 5408572, 1461829
5534629, 6823543, 1288914
6944571, 8397943, 1453372
8524572, 9821143, 1296571
9942971, 11394057, 1451086
11520457, 12818743, 1298286
12940457, 14394057, 1453600
14521143, 15836457, 1315314
15957714, 17455886, 1498172
17581714, 18855657, 1273943
18976686, 20423886, 1447200
20549714, 21827086, 1277372
21948229, 23403772, 1455543
23530629, 24827771, 1297142
24949829, 26411086, 1461257
26538172, 27835429, 1297257
27958171, 29424115, 1465944
29550400, 30835200, 1284800
30956343, 32638400, 1682057
32760114, 34204800, 1444686
34331200, 35643429, 1312229
35764229, 37240343, 1476114
37366515, 38708343, 1341828
38830629, 40276686, 1446057
40402172, 41753486, 1351314
41874857, 43328686, 1453829
43455772, 44785829, 1330057
44907314, 46629714, 1722400
46753029, 48809143, 2056114
48945143, 50463315, 1518172
50590172, 51857143, 1266971
51978400, 53458629, 1480229
53584000, 54858171, 1274171
54978971, 56434172, 1455201
56560457, 57834743, 1274286
57956000, 59418857, 1462857
59546057, 60831886, 1285829
60954286, 62423772, 1469486
62550743, 63836800, 1286057
63957943, 65414172, 1456229
65540686, 66827086, 1286400
66947771, 68406057, 1458286
68532800, 69839886, 1307086
69961029, 71420115, 1459086
71546400, 72857943, 1311543
72985943, 74526057, 1540114
74652343, 75933143, 1280800
76209600, 77524915, 1315315
77649714, 78923200, 1273486
79196915, 80528914, 1331999
80656457, 81936000, 1279543
82219429, 83557029, 1337600
83681943, 84961143, 1279200
85235543, 86552914, 1317371
86677600, 87968457, 1290857
88240800, 89557029, 1316229
89682172, 91147086, 1464914
91276915, 92618286, 1341371
92739657, 94227658, 1488001
94354286, 95711657, 1357371
95834171, 97288343, 1454172
97415429, 98758857, 1343428
98880571, 100337029, 1456458
100463886, 101775200, 1311314
101903429, 103368343, 1464914
103496572, 104794286, 1297714
104917029, 106392343, 1475314
106522057, 107825257, 1303200
107948229, 109415657, 1467428
109544114, 110826400, 1282286
110949486, 112413486, 1464000
112542057, 113839886, 1297829
114637486, 116271200, 1633714
116399886, 117763314, 1363428
117885943, 119371429, 1485486
119498286, 120814171, 1315885
120936229, 122405143, 1468914
122533257, 123820686, 1287429
123942743, 125406743, 1464000
125534514, 126835314, 1300800
126958743, 128412343, 1453600
128540000, 129828000, 1288000
129950057, 131414515, 1464458
131541943, 132824229, 1282286
132946629, 134397486, 1450857
134524457, 135815657, 1291200
135939086, 137400800, 1461714
137529372, 138828457, 1299085
138951429, 140429257, 1477828
140557029, 141856914, 1299885
141979429, 143434286, 1454857
143561829, 144838286, 1276457
144960686, 146419315, 1458629
146547772, 147833257, 1285485
147955771, 149430057, 1474286
149557143, 150832114, 1274971
150953714, 152419543, 1465829
152547543, 153845029, 1297486
153967886, 155419086, 1451200
155547086, 156836343, 1289257
156959200, 158409486, 1450286
158536800, 159825371, 1288571
159947200, 161431200, 1484000
161557600, 162953371, 1395771
163226629, 164550286, 1323657
164675429, 165976000, 1300571
166248343, 167563772, 1315429
167688914, 168969714, 1280800
169246515, 170623086, 1376571
170744114, 172181829, 1437715
172308686, 173623086, 1314400
173743772, 175233029, 1489257
175358972, 176706400, 1347428
176828457, 178278286, 1449829
178405715, 179755429, 1349714
179877829, 181354057, 1476228
181481257, 182792914, 1311657
182914400, 184384800, 1470400
184512572, 185839657, 1327085
185961257, 187425486, 1464229
187553029, 188837371, 1284342
188958857, 190415543, 1456686
190542286, 191840000, 1297714
191962629, 193675543, 1712914
193798171, 195291543, 1493372
195418057, 196770286, 1352229
196892114, 198365372, 1473258
198492572, 199789257, 1296685
199910743, 201433257, 1522514
201562857, 202866057, 1303200
202987543, 204449029, 1461486
204575543, 205849486, 1273943
205971429, 207420800, 1449371
207547429, 208841714, 1294285
208964457, 210437143, 1472686
210563543, 211855314, 1291771
211977257, 213441600, 1464343
213567772, 214857029, 1289257
214979200, 216437486, 1458286
216564457, 217852914, 1288457
217974514, 219444572, 1470058
219570514, 220852229, 1281715
220974629, 222685600, 1710971
222807657, 224289372, 1481715
224416457, 225765486, 1349029
225887429, 227345715, 1458286
227471772, 228798514, 1326742
228920114, 230372572, 1452458
230499543, 231813371, 1313828
231934857, 233399886, 1465029
233529372, 234837371, 1307999
234961371, 236429143, 1467772
236556457, 237842629, 1286172
237964914, 239428000, 1463086
239554514, 240838629, 1284115
240960571, 242415086, 1454515
242541372, 243840800, 1299428
243962971, 245413715, 1450744
245539886, 247226515, 1686629
247354286, 248705257, 1350971
248827543, 249709600, 882057
249828343, 251575657, 1747314
251702400, 252985829, 1283429
253254629, 254640572, 1385943
254761486, 256250515, 1489029
256376115, 257702172, 1326057
257824571, 259274286, 1449715
259401257, 260757257, 1356000
260879086, 262344915, 1465829
262472000, 263800686, 1328686
263922286, 265386857, 1464571
265514629, 266836457, 1321828
266959657, 268419086, 1459429
268545143, 269843886, 1298743
269966857, 271430057, 1463200
271556800, 272844686, 1287886
272967314, 274462972, 1495658
274592000, 275881714, 1289714
276004000, 277470972, 1466972
277596800, 278937371, 1340571
279209943, 280526629, 1316686
280651314, 281923314, 1272000
282194743, 283509486, 1314743
283634629, 284917371, 1282742
285196915, 286525486, 1328571
286651543, 287927314, 1275771
288204229, 289518972, 1314743
289645029, 290915886, 1270857
291193829, 292520000, 1326171
292646172, 293922286, 1276114
294200115, 295515315, 1315200
295641257, 296910971, 1269714
297191086, 298518972, 1327886
298645486, 299931771, 1286285
300212115, 301532343, 1320228
301657714, 302958629, 1300915
303234858, 304578286, 1343428
304704000, 305984914, 1280914
306256229, 307591200, 1334971
307713600, 308997600, 1284000
309264686, 310645829, 1381143
310766514, 312245372, 1478858
312372800, 313700457, 1327657
313823314, 315312572, 1489258
315439429, 316777829, 1338400
316900571, 318370972, 1470401
318500114, 319817714, 1317600
319940914, 321401486, 1460572
321529486, 322814286, 1284800
323647314, 325217486, 1570172
325345257, 326696229, 1350972
326817029, 328272229, 1455200
328398857, 329743314, 1344457
329865829, 331578972, 1713143
331707314, 333146858, 1439544
333276343, 334620114, 1343771
334741714, 336177943, 1436229
336304343, 337615772, 1311429
337736914, 339232915, 1496001
339359543, 340754971, 1395428
340877029, 342330057, 1453028
342455429, 343755886, 1300457
343877829, 345332800, 1454971
345458400, 346805371, 1346971
346927314, 348397143, 1469829
348525029, 349826857, 1301828
349948914, 351414400, 1465486
351542057, 352840800, 1298743
352962971, 354418857, 1455886
354544914, 356234058, 1689144
356361715, 357702629, 1340914
357825714, 359304343, 1478629
359435200, 360777371, 1342171
360899543, 362362743, 1463200
362489715, 363785600, 1295885
363907771, 365382172, 1474401
365510172, 366814629, 1304457
366937257, 368387086, 1449829
368514972, 369805371, 1290399
369928571, 371404343, 1475772
371532000, 372831543, 1299543
372954629, 374411543, 1456914
374538972, 375834514, 1295542
375956800, 377424115, 1467315
377551086, 378835200, 1284114
378957257, 380416229, 1458972
380543200, 381840229, 1297029
381962514, 383415086, 1452572
383541829, 384838171, 1296342
384960571, 386421143, 1460572
386548114, 387836114, 1288000
387958514, 389418400, 1459886
389546172, 390830971, 1284799
390952914, 392409829, 1456915
392536229, 393836457, 1300228
393958286, 395424000, 1465714
395551657, 396860114, 1308457
396981486, 398450743, 1469257
398577143, 399874286, 1297143
399996000, 401456115, 1460115
401582629, 402878971, 1296342
403000114, 404451886, 1451772
404578514, 405867200, 1288686
405988914, 407437715, 1448801
407565143, 408840571, 1275428
408962514, 410417486, 1454972
410544343, 411852000, 1307657
411980000, 413446172, 1466172
413572457, 414848914, 1276457
414970743, 416426172, 1455429
416553600, 417909600, 1356000
418190629, 419515315, 1324686
419640914, 420916571, 1275657
421195315, 422510514, 1315199
422635657, 423906857, 1271200
424192115, 425507657, 1315542
425634057, 426913829, 1279772
427194286, 428514629, 1320343
428642057, 429927543, 1285486
430202515, 430937714, 735199
431199658, 433378515, 2178857
433510857, 434862629, 1351772
434984800, 436460115, 1475315
436586629, 437859771, 1273142
437980914, 439451315, 1470401
439577257, 440862514, 1285257
440985029, 442442857, 1457828
442570629, 443913600, 1342971
444196572, 445519772, 1323200
445647429, 446928914, 1281485
447202743, 448519543, 1316800
448645714, 449917943, 1272229
450196686, 451522743, 1326057
451649714, 452926057, 1276343
453206743, 454535429, 1328686
454660686, 455933714, 1273028
456214400, 457534972, 1320572
457660000, 458943886, 1283886
459220915, 460551314, 1330399
460676686, 461964800, 1288114
462238743, 463609829, 1371086
463732000, 465211200, 1479200
465339315, 466660572, 1321257
466782400, 468255657, 1473257
468382972, 469727429, 1344457
469849714, 471303657, 1453943
471431200, 472744914, 1313714
472873029, 474324572, 1451543
474451657, 475797029, 1345372
475918286, 477388343, 1470057
477516000, 478815086, 1299086
478937829, 480416572, 1478743
480544229, 481840229, 1296000
481961486, 483428457, 1466971
483555657, 484842514, 1286857
484964800, 486416343, 1451543
486543429, 487820229, 1276800
487942286, 489413715, 1471429
489541943, 490837714, 1295771
490960229, 492418172, 1457943
492546972, 493838057, 1291085
493960686, 495410400, 1449714
495537257, 496825371, 1288114
496948229, 498410629, 1462400
498537714, 499816457, 1278743
499938057, 501439886, 1501829
501569029, 502867657, 1298628
502989029, 504445029, 1456000
504571886, 505848343, 1276457
505969829, 507426629, 1456800
507554857, 508836114, 1281257
508958057, 510416686, 1458629
510544572, 511841943, 1297371
511965600, 513419315, 1453715
513547200, 514840343, 1293143
514964229, 516420686, 1456457
516548800, 517828000, 1279200
517951543, 519417029, 1465486
519545372, 520826057, 1280685
520949257, 522413372, 1464115
522541943, 523856571, 1314628
523979086, 525432229, 1453143
525561372, 526862743, 1301371
526986286, 528449372, 1463086
528576914, 529853371, 1276457
529976000, 531454743, 1478743
532313029, 533766972, 1453943
533890971, 535357143, 1466172
535484343, 536781257, 1296914
536902514, 538349143, 1446629
538476343, 539772343, 1296000
539894286, 541348229, 1453943
541474629, 542780457, 1305828
542902171, 544364343, 1462172
544491543, 545800571, 1309028
545921829, 547557943, 1636114
547685372, 548988000, 1302628
549261829, 550583429, 1321600
550707772, 551992686, 1284914
552264229, 553578972, 1314743
553703200, 554996571, 1293371
555269486, 556591086, 1321600
556716229, 558214972, 1498743
558341143, 559719657, 1378514
559841143, 561332229, 1491086
561459086, 562826057, 1366971
562948686, 564448229, 1499543
564574857, 565909486, 1334629
566188115, 567563086, 1374971
567688800, 569180000, 1491200
569308457, 570699086, 1390629
570821371, 572281372, 1460001
572408800, 573765486, 1356686
573887657, 575397600, 1509943
575525143, 576854057, 1328914
576975886, 578431086, 1455200
578558057, 579833143, 1275086
579955086, 581418743, 1463657
581546286, 582832343, 1286057
582954629, 584417372, 1462743
584544686, 585827543, 1282857
585949714, 587408457, 1458743
587535772, 588830971, 1295199
588953943, 590453257, 1499314
590579886, 591859429, 1279543
591981714, 593469143, 1487429
593595543, 594884229, 1288686
595007543, 596484343, 1476800
596610286, 597885371, 1275085
598006857, 599478400, 1471543
599605257, 600886400, 1281143
601174858, 602498286, 1323428
602625714, 603896800, 1271086
604168915, 605493029, 1324114
605619200, 606894857, 1275657
607171086, 608486743, 1315657
608612686, 609883314, 1270628
610168458, 611500000, 1331542
611627543, 612975771, 1348228
613248343, 614620686, 1372343
614743200, 616215429, 1472229
616342857, 617720457, 1377600
617842743, 619284115, 1441372
619411772, 620758857, 1347085
620881029, 622335543, 1454514
622463429, 623797486, 1334057
623920000, 625383200, 1463200
625511543, 626808457, 1296914
626930971, 628377029, 1446058
628504343, 629800800, 1296457
629923543, 631369715, 1446172
631497143, 632803200, 1306057
632926400, 634383772, 1457372
634512000, 635813829, 1301829
635937143, 637410972, 1473829
637538286, 638841029, 1302743
638962057, 640417715, 1455658
640545600, 641878400, 1332800
642001143, 643467543, 1466400
643593600, 644873371, 1279771
644995886, 646462515, 1466629
646589143, 647866171, 1277028
647988457, 649447657, 1459200
649574286, 650899771, 1325485
651180229, 652859200, 1678971
652996686, 654489600, 1492914
654616572, 655893143, 1276571
656166400, 657490743, 1324343
657617486, 658892800, 1275314
659168343, 660500572, 1332229
660628343, 661903086, 1274743
662183886, 663505257, 1321371
663632457, 664901029, 1268572
665188686, 666511429, 1322743
666638743, 667907886, 1269143
668188115, 669515886, 1327771
669643429, 670919429, 1276000
671194972, 672516114, 1321142
672642743, 673918857, 1276114
674199200, 675513943, 1314743
675641372, 676914629, 1273257
677195200, 678510172, 1314972
678637372, 679917029, 1279657
680191315, 681511772, 1320457
681638400, 682926400, 1288000
683208115, 684535657, 1327542
684662514, 685934629, 1272115
686208915, 687590514, 1381599
687712572, 688996800, 1284228
689265029, 690585486, 1320457
690707543, 692149829, 1442286
692278743, 693597372, 1318629
693721600, 695002171, 1280571
695273257, 696596229, 1322972
696718743, 698002514, 1283771
698276686, 699607429, 1330743
699729714, 701217943, 1488229
701345486, 702740114, 1394628
702861829, 704312343, 1450514
704439200, 705777714, 1338514
705900000, 707352115, 1452115
707479772, 708779086, 1299314
708901600, 710382400, 1480800
710510172, 711814629, 1304457
711937714, 713404915, 1467201
713531657, 714812914, 1281257
714935200, 716404000, 1468800
716531200, 717823200, 1292000
717946171, 719409715, 1463544
719538400, 720869829, 1331429
720993028, 722464343, 1471315
722592800, 723884343, 1291543
724154058, 725481943, 1327885
725608572, 726891314, 1282742
727171772, 728498057, 1326285
728625486, 729920114, 1294628
730200800, 731542629, 1341829
731668914, 732949714, 1280800
733231658, 734570629, 1338971
734695886, 735982400, 1286514
736251657, 737566857, 1315200
737692914, 738974171, 1281257
739764686, 741379657, 1614971
741509600, 742812914, 1303314
742936457, 744400115, 1463658
744528457, 745817486, 1289029
745940686, 747408000, 1467314
747536114, 748830743, 1294629
748953486, 750406857, 1453371
750534743, 751827314, 1292571
751950057, 753411086, 1461029
753538743, 754819657, 1280914
754941600, 756400457, 1458857
756528457, 757820800, 1292343
757943429, 759406172, 1462743
759534172, 760828571, 1294399
760952343, 762425257, 1472914
762554172, 763849371, 1295199
763972000, 765422400, 1450400
765550286, 766842857, 1292571
766965486, 768416800, 1451314
768544800, 769825029, 1280229
769947657, 771410400, 1462743
771538057, 772866857, 1328800
772989143, 774446286, 1457143
774572914, 775995314, 1422400
776270400, 777602286, 1331886
777724457, 779216343, 1491886
779344000, 780685943, 1341943
780808000, 782274857, 1466857
782401486, 783737943, 1336457
783859771, 785322629, 1462858
785450057, 786780457, 1330400
786902171, 788382172, 1480001
788509257, 789818514, 1309257
789941714, 791399200, 1457486
791526629, 792404115, 877486
792527657, 794738743, 2211086
794861600, 796317143, 1455543
796442743, 797816914, 1374171
797939086, 799435886, 1496800
799562743, 800848571, 1285828
800969943, 802426057, 1456114
802552914, 803836914, 1284000
803958743, 805423086, 1464343
805550857, 806850629, 1299772
806972343, 808426172, 1453829
808553143, 809850057, 1296914
809971657, 811429143, 1457486
811556686, 812881029, 1324343
813002628, 814739886, 1737258
814871200, 816330857, 1459657
816456572, 817796000, 1339428
817917486, 819388800, 1471314
819516686, 820826286, 1309600
820955314, 822434972, 1479658
822561600, 823909257, 1347657
824191543, 825532914, 1341371
825658514, 826954629, 1296115
827231315, 828570057, 1338742
828695657, 829993943, 1298286
830265829, 831586172, 1320343
831709829, 833008457, 1298628
833279657, 834595429, 1315772
834717486, 836004000, 1286514
836273257, 837590857, 1317600
837716343, 839139886, 1423543
839269372, 840599200, 1329828
840720457, 842158515, 1438058
842284572, 843608000, 1323428
843728914, 845460915, 1732001
845588457, 846875657, 1287200
846997257, 848459543, 1462286
848586400, 849868343, 1281943
849989714, 851451543, 1461829
851577143, 852861600, 1284457
852983200, 854439429, 1456229
854565257, 855842057, 1276800
855964800, 857423086, 1458286
857549600, 858849371, 1299771
858971657, 860421600, 1449943
860548800, 861841257, 1292457
861964229, 863674400, 1710171
863797029, 865294629, 1497600
865421486, 866774629, 1353143
866897257, 868373372, 1476115
868501029, 869800457, 1299428
869922057, 871399657, 1477600
871527886, 872821943, 1294057
872943886, 874412686, 1468800
874540000, 875831543, 1291543
875953371, 877416457, 1463086
877542400, 878836571, 1294171
878958400, 880410057, 1451657
880536686, 881839657, 1302971
881970171, 883430857, 1460686
883556914, 884866857, 1309943
884989486, 886443429, 1453943
886569486, 887862629, 1293143
887984457, 889446286, 1461829
889574400, 890918171, 1343771
891195086, 892574057, 1378971
892699886, 894138172, 1438286
894267315, 895584572, 1317257
895708572, 896997486, 1288914
897264343, 898590286, 1325943
898711543, 900020457, 1308914
900289486, 901617486, 1328000
901738743, 903172458, 1433715
903300000, 904619543, 1319543
904741143, 906228800, 1487657
906355772, 907706972, 1351200
907828457, 909289715, 1461258
909415200, 910759771, 1344571
910881600, 912350857, 1469257
912477029, 913806057, 1329028
913928800, 915403429, 1474629
915530057, 916838629, 1308572
916960800, 918416572, 1455772
918543886, 919848229, 1304343
919970514, 921423086, 1452572
921550286, 922856114, 1305828
922977486, 924437600, 1460114
924564114, 925861029, 1296915
925982971, 927440000, 1457029
927566743, 928860800, 1294057
928982514, 930446400, 1463886
930573943, 931849143, 1275200
931971771, 933418515, 1446744
933546286, 934837257, 1290971
934960343, 936410057, 1449714
936537372, 937830629, 1293257
937953371, 939417943, 1464572
939546972, 940849486, 1302514
940972114, 942428457, 1456343
942555543, 943864571, 1309028
943987314, 945447315, 1460001
945573943, 946868457, 1294514
946990743, 948448800, 1458057
949306400, 950784457, 1478057
950908229, 952403886, 1495657
952530629, 953841143, 1310514
953964114, 955426515, 1462401
955553829, 956863657, 1309828
956985600, 958447886, 1462286
958574514, 959854171, 1279657
959977486, 961426629, 1449143
961554057, 962833486, 1279429
962955657, 964418286, 1462629
964546057, 965849486, 1303429
965971429, 967432000, 1460571
967558972, 968859657, 1300685
968981029, 970439315, 1458286
970566057, 971915886, 1349829
972197029, 973515086, 1318057
973641372, 974985829, 1344457
975255886, 976627886, 1372000
976748571, 978229029, 1480458
978354743, 979689714, 1334971
979811086, 981277829, 1466743
981404229, 982767314, 1363085
982889371, 984368000, 1478629
984495314, 985811314, 1316000
985934171, 987408800, 1474629
987535657, 988846857, 1311200
988969029, 990421143, 1452114
990547086, 991846857, 1299771
991969257, 993419086, 1449829
993545486, 994837600, 1292114
994959314, 996414857, 1455543
996541143, 997831886, 1290743
997953943, 999421143, 1467200
999548800, 885257, -998663543
1161829, 2488686, 1326857
2613372, 3891200, 1277828
4166858, 5497143, 1330285
5622286, 6898629, 1276343
7184572, 8500000, 1315428
8624572, 9898629, 1274057
10167315, 11485372, 1318057
11610286, 12884114, 1273828
13152800, 14472686, 1319886
14597829, 15875771, 1277942
16151543, 17471086, 1319543
17598057, 18881943, 1283886
19002628, 20458972, 1456344
20585143, 21860914, 1275771
21982057, 23434172, 1452115
23560457, 24841371, 1280914
24962286, 26411200, 1448914
26537372, 27823543, 1286171
27945143, 29412457, 1467314
29540000, 30824343, 1284343
30945829, 32404800, 1458971
32531543, 33829257, 1297714
33950971, 35406286, 1455315
35532457, 36865829, 1333372
36986857, 38448686, 1461829
38573943, 39849943, 1276000
39971314, 41417029, 1445715
41543314, 42839314, 1296000
42960800, 44403657, 1442857
44529257, 45838286, 1309029
45958629, 47427429, 1468800
47554286, 49592457, 2038171
49719429, 51021486, 1302057
51292686, 52624343, 1331657
52746057, 54236343, 1490286
54362286, 55693943, 1331657
55815429, 57298172, 1482743
57424572, 58765257, 1340685
58886400, 60341829, 1455429
60468229, 61778172, 1309943
61899543, 63376000, 1476457
63502629, 64801486, 1298857
64923200, 66408457, 1485257
66536800, 67842286, 1305486
67963429, 69419200, 1455771
69545600, 70842514, 1296914
70963314, 72418972, 1455658
72545372, 73897943, 1352571
74173715, 75488686, 1314971
75613486, 76884571, 1271085
77154400, 78499314, 1344914
78624800, 79908800, 1284000
80192000, 81501943, 1309943
81627772, 82893829, 1266057
83162858, 84483657, 1320799
84610057, 85888457, 1278400
86159429, 87475429, 1316000
87600457, 88880000, 1279543
89160343, 90485257, 1324914
90610172, 91890971, 1280799
92158286, 93480915, 1322629
93605943, 94885829, 1279886
95156000, 96481372, 1325372
96606857, 97878057, 1271200
98155086, 99469486, 1314400
99594857, 100902057, 1307200
101177486, 102517714, 1340228
102644000, 103950971, 1306971
104229143, 105550286, 1321143
105676114, 106964457, 1288343
107235772, 108550514, 1314742
108675314, 109952229, 1276915
110221372, 111555314, 1333942
111679772, 112963886, 1284114
113238172, 114560800, 1322628
114685372, 115964229, 1278857
116235086, 117557372, 1322286
117682857, 118965600, 1282743
119240572, 120569486, 1328914
120694629, 121978400, 1283771
122249600, 123569486, 1319886
123693486, 124996571, 1303085
125268115, 126587429, 1319314
126712114, 128170629, 1458515
128299200, 129619086, 1319886
129739772, 131223658, 1483886
131350400, 132713257, 1362857
132835429, 134286286, 1450857
134412800, 135765257, 1352457
135886743, 137354400, 1467657
137481257, 138783429, 1302172
138905829, 140363086, 1457257
140489257, 141790286, 1301029
141912914, 143394972, 1482058
143523200, 144842857, 1319657
144965143, 146426857, 1461714
146554057, 147838629, 1284572
147962171, 149424800, 1462629
149552000, 150862857, 1310857
150985714, 152453029, 1467315
152579886, 153851429, 1271543
153974743, 155439200, 1464457
155566286, 156836000, 1269714
156958400, 158420000, 1461600
158547657, 159856457, 1308800
159979314, 161435772, 1456458
161562400, 162840000, 1277600
163632114, 165256800, 1624686
165384572, 166728343, 1343771
166850057, 168312572, 1462515
168439200, 169817486, 1378286
169939429, 171416572, 1477143
171543429, 172835429, 1292000
172957143, 174405600, 1448457
174532572, 175830743, 1298171
175952686, 177443772, 1491086
177571200, 178870400, 1299200
179148000, 180465372, 1317372
180592000, 181867314, 1275314
181989371, 183447086, 1457715
183573600, 184850629, 1277029
184972800, 186435315, 1462515
186561829, 187861600, 1299771
187983086, 189453600, 1470514
189579886, 190851657, 1271771
190973371, 192436343, 1462972
192562400, 193849943, 1287543
193971886, 195425943, 1454057
195553486, 196857029, 1303543
196979314, 198433257, 1453943
198560114, 199865257, 1305143
199987200, 201481600, 1494400
201608914, 202877943, 1269029
202999657, 204497600, 1497943
204625372, 205900914, 1275542
206189715, 207504915, 1315200
207630743, 208926286, 1295543
209209258, 210587886, 1378628
210711772, 212154743, 1442971
212283200, 213599543, 1316343
213720572, 215215200, 1494628
215341257, 216691543, 1350286
216813257, 218298515, 1485258
218425143, 219749372, 1324229
219870971, 221320915, 1449944
221447543, 222788343, 1340800
222910057, 224396572, 1486515
224524000, 225825829, 1301829
225948686, 227412572, 1463886
227540114, 228836114, 1296000
228957486, 230442515, 1485029
230572114, 231849486, 1277372
231971543, 233430743, 1459200
233557600, 234850057, 1292457
234972343, 236437257, 1464914
236563772, 237862629, 1298857
237984114, 239437829, 1453715
239563886, 240840114, 1276228
240962286, 242421715, 1459429
242548572, 243838057, 1289485
243959771, 245423315, 1463544
245550172, 246836229, 1286057
246958514, 248435657, 1477143
248562514, 249842857, 1280343
249964686, 251419543, 1454857
251546972, 252850057, 1303085
252972114, 254421143, 1449029
254547772, 255847314, 1299542
255969257, 257423429, 1454172
257550972, 258846629, 1295657
258968914, 260426743, 1457829
260554514, 261838971, 1284457
261961029, 263421486, 1460457
263548343, 264830286, 1281943
264952114, 266413257, 1461143
266540914, 267846171, 1305257
267967771, 269429715, 1461944
269555772, 270856686, 1300914
270978171, 272432343, 1454172
272559200, 273843543, 1284343
273965371, 275428572, 1463201
275556457, 276845829, 1289372
276967543, 278418857, 1451314
278545829, 279839200, 1293371
279960800, 281413486, 1452686
281540229, 282840914, 1300685
282962400, 284419200, 1456800
284545257, 285846857, 1301600
285968229, 287430972, 1462743
287557829, 288854743, 1296914
288976229, 290449600, 1473371
290575314, 291846629, 1271315
291968114, 293433029, 1464915
293560457, 294841943, 1281486
294964686, 296417600, 1452914
296544572, 297860114, 1315542
297982057, 299445029, 1462972
299571543, 300848571, 1277028
300970629, 302426057, 1455428
302553714, 303843314, 1289600
303965143, 305415315, 1450172
305542286, 306835429, 1293143
306957943, 308420457, 1462514
308546743, 309843200, 1296457
309964571, 311423543, 1458972
311550514, 312857029, 1306515
312978400, 314430286, 1451886
314556572, 315833029, 1276457
315955086, 317410172, 1455086
317537829, 318872229, 1334400
318994286, 320448572, 1454286
320574057, 321846857, 1272800
321968800, 323431429, 1462629
323558857, 324834400, 1275543
324956229, 326412915, 1456686
326539543, 327846857, 1307314
327968457, 329423315, 1454858
329549829, 330833371, 1283542
330955657, 332420457, 1464800
332548114, 333836571, 1288457
333958971, 335424000, 1465029
335550972, 336847200, 1296228
336978629, 337860000, 881371
337977143, 344693485, 6716342
344818513, 346265143, 1446630
346392343, 347720229, 1327886
347842743, 349309372, 1466629
349436343, 350774629, 1338286
350896571, 352365486, 1468915
352493829, 353788229, 1294400
353910971, 355389600, 1478629
355518972, 356819543, 1300571
356943771, 358407543, 1463772
358536686, 360229029, 1692343
360359315, 361736000, 1376685
361860229, 363316572, 1456343
363444800, 364772686, 1327886
364895543, 366354286, 1458743
366482172, 367794971, 1312799
367919086, 369410515, 1491429
369538972, 370833829, 1294857
370956914, 372409486, 1452572
372538286, 373851314, 1313028
373973829, 375433829, 1460000
376280915, 377709486, 1428571
377832229, 379285600, 1453371
379412800, 380764800, 1352000
380886743, 382348915, 1462172
382475657, 383803543, 1327886
383925257, 385389486, 1464229
385518172, 386815086, 1296914
386938400, 388397600, 1459200
388526514, 389820457, 1293943
389943200, 391405257, 1462057
391532914, 392828229, 1295315
392950400, 394412457, 1462057
394540114, 395829829, 1289715
395952686, 397421486, 1468800
397548229, 398840457, 1292228
398963086, 400424686, 1461600
400552572, 401846971, 1294399
401970286, 403419886, 1449600
403546972, 404838400, 1291428
404961257, 406414057, 1452800
406540800, 407852914, 1312114
407975314, 409437600, 1462286
409565372, 410854057, 1288685
410976000, 412432572, 1456572
412559772, 413849829, 1290057
413971543, 415430172, 1458629
415556457, 416846171, 1289714
416967771, 418424000, 1456229
418551543, 419828686, 1277143
419950286, 421404457, 1454171
421532114, 422839543, 1307429
422962171, 424448457, 1486286
424577143, 425855886, 1278743
425978171, 427444572, 1466401
427570972, 428845486, 1274514
428967314, 430415657, 1448343
430543429, 431836457, 1293028
431958857, 433406743, 1447886
433534286, 434827200, 1292914
434949257, 436429257, 1480000
436557372, 437848114, 1290742
437970971, 439424229, 1453258
439552572, 440844571, 1291999
440967429, 442413829, 1446400
442542172, 443828000, 1285828
443951429, 445403429, 1452000
445530972, 446821829, 1290857
446944571, 448406743, 1462172
448534172, 449828343, 1294171
449952114, 451408229, 1456115
451536457, 452849714, 1313257
452971086, 454430057, 1458971
454558057, 455840229, 1282172
455962400, 457431086, 1468686
457557600, 458825600, 1268000
458947314, 460400915, 1453601
460529029, 461823314, 1294285
461945371, 463401257, 1455886
463528457, 464836343, 1307886
464957486, 466422286, 1464800
466550400, 467831086, 1280686
467952914, 469413372, 1460458
469540800, 470851314, 1310514
470973257, 472428572, 1455315
472555886, 473833371, 1277485
473955886, 475415772, 1459886
475543657, 476838971, 1295314
476960114, 478413829, 1453715
478541600, 479832000, 1290400
479954743, 481409829, 1455086
481537257, 482844914, 1307657
482966743, 484421257, 1454514
484548229, 485824000, 1275771
485945600, 487406743, 1461143
487534743, 488842971, 1308228
488964686, 490416457, 1451771
490544229, 491836914, 1292685
491959657, 493421029, 1461372
493548572, 494828914, 1280342
494951314, 496411657, 1460343
496539086, 497821371, 1282285
497943200, 499417486, 1474286
499546172, 500841257, 1295085
500964229, 502424572, 1460343
502551543, 503830286, 1278743
503952571, 505416343, 1463772
505545143, 506824800, 1279657
506946743, 508405143, 1458400
508532000, 509816914, 1284914
509939200, 511399086, 1459886
511526172, 512835543, 1309371
512956914, 514416229, 1459315
514544457, 515837714, 1293257
515959086, 517471886, 1512800
517598400, 518872571, 1274171
518993600, 520456229, 1462629
520582514, 521851886, 1269372
521973714, 523421257, 1447543
523549029, 524839200, 1290171
524962171, 526421600, 1459429
526549372, 527833371, 1283999
527955543, 529412457, 1456914
529540686, 530858514, 1317828
530980686, 532442057, 1461371
532569143, 533853600, 1284457
533975200, 535438743, 1463543
535565600, 536851543, 1285943
536973371, 538425486, 1452115
538553714, 539840800, 1287086
539963771, 541407200, 1443429
541535429, 542827200, 1291771
542950857, 544407200, 1456343
544534972, 545819771, 1284799
545942971, 547398857, 1455886
547526629, 548830971, 1304342
548952914, 550453829, 1500915
550580572, 551913486, 1332914
552188229, 553557029, 1368800
553682972, 555012000, 1329028
555290743, 556018857, 728114
556697943, 558243200, 1545257
558369829, 559714172, 1344343
559835886, 561285029, 1449143
561413257, 562770057, 1356800
562892229, 564364229, 1472000
564492229, 565838057, 1345828
565961371, 567464457, 1503086
567591543, 568933714, 1342171
569217715, 570591429, 1373714
570716686, 572428572, 1711886
572558743, 573891886, 1333143
574185829, 575513372, 1327543
575641257, 576926971, 1285714
577208229, 578546514, 1338285
578672572, 579963314, 1290742
580236572, 581567314, 1330742
581693600, 582978743, 1285143
583769600, 585348915, 1579315
585477486, 586792914, 1315428
586915086, 588376800, 1461714
588504457, 589813600, 1309143
589935429, 591400572, 1465143
591528229, 592842971, 1314742
592964229, 594416229, 1452000
594545029, 595841486, 1296457
595964571, 597415200, 1450629
597543200, 598831086, 1287886
598953600, 600406743, 1453143
600534172, 601844800, 1310628
601967314, 603420115, 1452801
603549029, 604836457, 1287428
604958857, 606411543, 1452686
606538972, 607844686, 1305714
607967429, 609432343, 1464914
609559772, 610841257, 1281485
610962971, 612438057, 1475086
612565372, 613846171, 1280799
613969714, 615418515, 1448801
615546629, 616832000, 1285371
616954286, 618402743, 1448457
618530743, 619835429, 1304686
619957600, 621414857, 1457257
621542514, 622823200, 1280686
622945829, 624404229, 1458400
624531429, 625840914, 1309485
625962400, 627414515, 1452115
627541486, 628846171, 1304685
628968686, 630425829, 1457143
630553714, 631839086, 1285372
631960686, 633422286, 1461600
633550857, 634838743, 1287886
634962057, 636416915, 1454858
636544686, 637826514, 1281828
637949257, 639407543, 1458286
639534857, 640818400, 1283543
640940914, 642403086, 1462172
642531772, 643867543, 1335771
643991886, 645448229, 1456343
645574743, 646848343, 1273600
646969829, 648431086, 1461257
648558514, 649847657, 1289143
649969943, 651433143, 1463200
651560686, 652858743, 1298057
652981371, 654843543, 1862172
654969029, 656437600, 1468571
656565372, 657855886, 1290514
657978057, 659432572, 1454515
659560572, 660851086, 1290514
660973829, 662429486, 1455657
662556686, 663834400, 1277714
663957371, 665417600, 1460229
665545372, 666846171, 1300799
666969029, 668418857, 1449828
668546172, 669838286, 1292114
669960914, 671410172, 1449258
671537600, 672829257, 1291657
672952343, 674417143, 1464800
674543772, 675827657, 1283885
675950514, 677413943, 1463429
677541143, 678821371, 1280228
678943543, 680400000, 1456457
680527886, 681843086, 1315200
681964800, 683424686, 1459886
683552343, 684824229, 1271886
684947200, 686406629, 1459429
686534286, 687822286, 1288000
687945143, 689406400, 1461257
689533943, 690873029, 1339086
690995886, 692453600, 1457714
692579429, 693845600, 1266171
693967314, 695432572, 1465258
695558972, 696835086, 1276114
696956914, 698426629, 1469715
698553714, 699858971, 1305257
699987771, 701497486, 1509715
701624457, 702965029, 1340572
703239429, 704606172, 1366743
704737714, 706236458, 1498744
706363315, 707700000, 1336685
707822514, 709294629, 1472115
709421486, 710754514, 1333028
710876571, 712331429, 1454858
712458400, 713772457, 1314057
713894743, 715368457, 1473714
715495543, 716791200, 1295657
716913029, 718384800, 1471771
718512000, 719806286, 1294286
719928571, 721387200, 1458629
721515200, 722812114, 1296914
722935543, 724398057, 1462514
724525600, 725815086, 1289486
725937257, 727397715, 1460458
727525029, 728833714, 1308685
728956114, 730415315, 1459201
730542743, 731827200, 1284457
731949486, 733405829, 1456343
733533143, 734815086, 1281943
734938286, 736404686, 1466400
736531886, 737836800, 1304914
737959200, 739425829, 1466629
739552229, 740831200, 1278971
740954629, 742432457, 1477828
742559086, 743848686, 1289600
743971086, 745414172, 1443086
745541943, 746832457, 1290514
746956000, 748414286, 1458286
748541829, 749829143, 1287314
749951771, 751411315, 1459544
751538629, 752822286, 1283657
752945943, 754401943, 1456000
754529600, 755823543, 1293943
755946743, 757404229, 1457486
757531772, 758824571, 1292799
758947657, 760409029, 1461372
760536686, 761845943, 1309257
761967314, 763431200, 1463886
763557600, 764841714, 1284114
764964114, 766408000, 1443886
766536114, 767826286, 1290172
767948914, 769399315, 1450401
769528343, 770824571, 1296228
770947771, 772411657, 1463886
772539886, 773822629, 1282743
773945714, 775409257, 1463543
775537143, 776834171, 1297028
776957714, 778406629, 1448915
778535086, 779853600, 1318514
779976571, 781423315, 1446744
781552343, 783245829, 1693486
783376115, 784715657, 1339542
784839200, 786288686, 1449486
786416229, 787750971, 1334742
787873600, 789326515, 1452915
789982057, 791601029, 1618972
791724686, 793221829, 1497143
793348457, 794668000, 1319543
794788114, 796269943, 1481829
796397029, 797737829, 1340800
797860343, 799317486, 1457143
799444343, 800781029, 1336686
800903429, 802369600, 1466171
802496800, 803797829, 1301029
803920800, 805370972, 1450172
805498972, 806803543, 1304571
806926286, 808392915, 1466629
808520686, 809837600, 1316914
809959771, 811421372, 1461601
811548686, 812836800, 1288114
812958857, 814406172, 1447315
814533714, 815822971, 1289257
815945371, 817556229, 1610858
817681486, 818970171, 1288685
819241486, 820564000, 1322514
820689600, 821973486, 1283886
822245143, 823567543, 1322400
823692686, 824975314, 1282628
825246629, 826566400, 1319771
826691772, 827972800, 1281028
828251772, 829573829, 1322057
829699086, 830977486, 1278400
831262172, 832577714, 1315542
832700229, 833997943, 1297714
834270972, 835599086, 1328114
835721600, 837219200, 1497600
837346857, 838694629, 1347772
838818514, 840269943, 1451429
840396343, 841733714, 1337371
841855543, 843295086, 1439543
843422515, 844768343, 1345828
844890400, 846618857, 1728457
846750057, 848250629, 1500572
848377257, 849710400, 1333143
849833029, 851279772, 1446743
851406743, 852732914, 1326171
852854514, 854298400, 1443886
854425372, 855761714, 1336342
855883200, 857359886, 1476686
857486972, 858780229, 1293257
858901714, 860380000, 1478286
860507429, 861805371, 1297942
861928114, 863385029, 1456915
863512914, 864850971, 1338057
864973257, 866434400, 1461143
866561714, 867846743, 1285029
867968686, 869423543, 1454857
869550514, 870836571, 1286057
870959543, 872415429, 1455886
872543314, 874239315, 1696001
874368572, 875701143, 1332571
875823543, 877292115, 1468572
877418743, 878753829, 1335086
878876457, 879755886, 879429
879874857, 890155771, 10280914
890288685, 891620343, 1331658
891741829, 893179543, 1437714
893307429, 894714972, 1407543
894837486, 896282972, 1445486
896409715, 897743657, 1333942
897864571, 899318629, 1454058
899445715, 900771657, 1325942
900893029, 902368000, 1474971
902496229, 903823086, 1326857
903945143, 905414629, 1469486
905541714, 906844914, 1303200
906966629, 908425372, 1458743
908552229, 909832914, 1280685
909954514, 911419657, 1465143
911546972, 912836000, 1289028
912957714, 914415086, 1457372
914542400, 915839429, 1297029
915960571, 917415086, 1454515
917542172, 918846971, 1304799
918968457, 920425029, 1456572
920551543, 921833829, 1282286
921955886, 923415429, 1459543
923542057, 924823086, 1281029
924944686, 926410057, 1465371
926538400, 927836571, 1298171
927958286, 929411315, 1453029
929537714, 930853371, 1315657
930975314, 932428229, 1452915
932554514, 933833943, 1279429
933955771, 935409257, 1453486
935535657, 936838514, 1302857
936961143, 938424915, 1463772
938551200, 939846286, 1295086
939968686, 941424686, 1456000
941551429, 942836229, 1284800
942957943, 944411429, 1453486
944538400, 945850857, 1312457
945972686, 947427315, 1454629
947553372, 948843086, 1289714
948964800, 950424343, 1459543
950550743, 951860914, 1310171
951983771, 953443772, 1460001
953569372, 954846514, 1277142
954968800, 956415772, 1446972
956542286, 957836457, 1294171
957958629, 959417715, 1459086
959545486, 960830286, 1284800
960952114, 962420115, 1468001
962547086, 963847314, 1300228
963968914, 965430057, 1461143
965556686, 966846971, 1290285
966969371, 968433829, 1464458
968560686, 969845371, 1284685
969967314, 971422515, 1455201
971550286, 972833029, 1282743
972954629, 974442629, 1488000
974570514, 975856800, 1286286
975978857, 977441600, 1462743
977568229, 978851771, 1283542
978973829, 980429257, 1455428
980556572, 981841486, 1284914
981962857, 983425486, 1462629
983551657, 984850629, 1298972
984973943, 986429829, 1455886
986558172, 987840686, 1282514
987964229, 989433257, 1469028
989560114, 990839314, 1279200
990961943, 992422743, 1460800
992549943, 993843543, 1293600
993966171, 995417943, 1451772
995545600, 996839886, 1294286
996962857, 998423543, 1460686
998550629, 999838171, 1287542
999961371, 1419772, -998541599
1548914, 2850743, 1301829
2972686, 4423886, 1451200
4549943, 5841486, 1291543
6634286, 8198972, 1564686
8325257, 9913829, 1588572
10188115, 11525257, 1337142
11650972, 12931200, 1280228
13208686, 14528114, 1319428
14653143, 15923886, 1270743
16201829, 17518743, 1316914
17644114, 18911771, 1267657
19191543, 20508115, 1316572
20633486, 21920800, 1287314
22199543, 23516914, 1317371
23642629, 24916457, 1273828
25196572, 26517486, 1320914
26643657, 27916457, 1272800
28194515, 29541029, 1346514
29665714, 30944571, 1278857
31222972, 32546400, 1323428
32670400, 34272686, 1602286
34400915, 35744914, 1343999
35865829, 37323886, 1458057
37448686, 38785714, 1337028
38907086, 40372000, 1464914
40499200, 41814629, 1315429
41935771, 43402400, 1466629
43529714, 44856686, 1326972
44978057, 46443086, 1465029
46568343, 48549714, 1981371
48684229, 50267086, 1582857
50393486, 51719543, 1326057
51841029, 53297600, 1456571
53424343, 54782057, 1357714
54903314, 56373029, 1469715
56499315, 57792457, 1293142
57913600, 59389029, 1475429
59515772, 60812114, 1296342
60932800, 61809943, 877143
61926629, 65009029, 3082400
65284000, 66620686, 1336686
66742286, 68229372, 1487086
68354857, 69732114, 1377257
69853714, 71289829, 1436115
71416343, 72754286, 1337943
72875086, 74321943, 1446857
74448457, 75777029, 1328572
75897600, 77359657, 1462057
77486057, 78779314, 1293257
78900343, 80360457, 1460114
80487315, 81776800, 1289485
81898057, 83366743, 1468686
83493143, 84788000, 1294857
84910171, 86371200, 1461029
86498286, 87808000, 1309714
87930057, 89406743, 1476686
89534857, 90857600, 1322743
90981029, 92477715, 1496686
92603772, 93875200, 1271428
93996457, 95465829, 1469372
95591772, 96855543, 1263771
96976686, 98441486, 1464800
98568457, 99845829, 1277372
99968114, 101424229, 1456115
101551657, 102846743, 1295086
102968686, 104416915, 1448229
104545029, 105841486, 1296457
105963429, 107418057, 1454628
107546857, 108849029, 1302172
108971886, 110430286, 1458400
110557714, 111846514, 1288800
111968229, 113417943, 1449714
113545600, 114838743, 1293143
114961600, 116413372, 1451772
116541714, 117831314, 1289600
117954514, 119412572, 1458058
119540343, 120823543, 1283200
120945257, 122404000, 1458743
122531543, 123824914, 1293371
123947429, 125406743, 1459314
125534514, 126832114, 1297600
126956114, 128403315, 1447201
128531086, 129817600, 1286514
129940114, 131399886, 1459772
131526972, 132816229, 1289257
132938971, 134396115, 1457144
134523657, 135814400, 1290743
135937829, 137392343, 1454514
137520114, 139224915, 1704801
139355772, 140696686, 1340914
140820571, 142310629, 1490058
142437829, 143778857, 1341028
143900800, 145365257, 1464457
145493257, 146782972, 1289715
146904343, 148373257, 1468914
148500686, 149797714, 1297028
149920800, 151366400, 1445600
151493486, 152785829, 1292343
152907657, 154378972, 1471315
154507315, 155816229, 1308914
155938743, 157400457, 1461714
157527772, 158813829, 1286057
158935886, 160390629, 1454743
160517943, 161865943, 1348000
161987657, 163457600, 1469943
163583543, 164858857, 1275314
164981143, 166457029, 1475886
166583086, 167853943, 1270857
167975429, 169440915, 1465486
169568229, 170846057, 1277828
170967886, 172413486, 1445600
172541600, 173824686, 1283086
173946971, 175406629, 1459658
175534172, 177225715, 1691543
177355657, 178699200, 1343543
178821600, 180304800, 1483200
180431657, 181775771, 1344114
181897943, 183376572, 1478629
183504572, 184824571, 1319999
184946743, 186414172, 1467429
186541257, 187828457, 1287200
187951200, 189405829, 1454629
189533486, 190836800, 1303314
190959657, 192417486, 1457829
192544343, 194228572, 1684229
194357600, 195705600, 1348000
195826971, 197296115, 1469144
197424000, 198770400, 1346400
198892229, 200354286, 1462057
200481029, 201773714, 1292685
201894971, 203359315, 1464344
203487543, 204784914, 1297371
204907429, 206389943, 1482514
206518400, 207818857, 1300457
207942514, 209424915, 1482401
209554629, 210845029, 1290400
210968914, 212417600, 1448686
212546172, 213834743, 1288571
213957714, 215407315, 1449601
215535772, 216831543, 1295771
216954971, 218416686, 1461715
218545372, 219837257, 1291885
219960343, 221430400, 1470057
221559086, 222844229, 1285143
223671086, 225285257, 1614171
225413943, 226755543, 1341600
226877714, 228338743, 1461029
228465715, 229796686, 1330971
229918629, 231379429, 1460800
231506514, 232806971, 1300457
232930857, 234396229, 1465372
234524115, 235809486, 1285371
235932114, 237400115, 1468001
237527886, 238824686, 1296800
238948343, 240433829, 1485486
240561029, 241436686, 875657
241560000, 245876685, 4316685
246167657, 247501828, 1334171
247628456, 248899656, 1271200
249178514, 250560457, 1381943
250685371, 252147885, 1462514
252278514, 253616456, 1337942
253736799, 255170171, 1433372
255298857, 256714628, 1415771
256836914, 258283428, 1446514
258410399, 259756228, 1345829
259877714, 261352114, 1474400
261479542, 262774742, 1295200
262896114, 264362057, 1465943
264488114, 265794056, 1305942
265915428, 267388457, 1473029
267516457, 268814056, 1297599
268936571, 270393485, 1456914
270521142, 271817256, 1296114
271938856, 273400228, 1461372
273528571, 274838514, 1309943
274959999, 276413142, 1453143
276539314, 277834056, 1294742
277955656, 279406285, 1450629
279532799, 280819771, 1286972
280942399, 282401599, 1459200
282530285, 283826285, 1296000
283948228, 285411542, 1463314
285539657, 286841256, 1301599
286963428, 288423657, 1460229
288550399, 289836228, 1285829
289958399, 291422628, 1464229
291550399, 292835771, 1285372
292957828, 294417257, 1459429
294545485, 295843085, 1297600
295965714, 297421371, 1455657
297548685, 298843542, 1294857
298965256, 300433257, 1468001
300560114, 301840114, 1280000
301962514, 303419428, 1456914
303546399, 304839656, 1293257
304961714, 306409028, 1447314
306535314, 307825256, 1289942
307947428, 309440799, 1493371
309569142, 310853028, 1283886
310975199, 312427999, 1452800
312554742, 313835656, 1280914
313957599, 315409599, 1452000
315536228, 316832456, 1296228
316954628, 318415085, 1460457
318543428, 319832914, 1289486
319955085, 321419885, 1464800
321548571, 322841142, 1292571
322962514, 324412914, 1450400
324539771, 325839428, 1299657
325961371, 327406857, 1445486
327533028, 328845942, 1312914
328967999, 330420571, 1452572
330547999, 331830856, 1282857
331954628, 333415314, 1460686
333541599, 334841828, 1300229
334964228, 336414628, 1450400
336541942, 337828342, 1286400
337951428, 339410285, 1458857
339537599, 340828571, 1290972
340950971, 342409942, 1458971
342537142, 343824228, 1287086
343947199, 345399314, 1452115
345526971, 346826285, 1299314
346948228, 348412685, 1464457
348540571, 349835656, 1295085
349958285, 351436799, 1478514
351563771, 352837714, 1273943
352959542, 354409714, 1450172
354535999, 355834056, 1298057
355956342, 357408914, 1452572
357535542, 358838971, 1303429
358960571, 360424799, 1464228
360552914, 361839999, 1287085
361961828, 363416571, 1454743
363543999, 364833256, 1289257
364955199, 366410857, 1455658
366537828, 367843999, 1306171
367966171, 369426399, 1460228
369552799, 370838171, 1285372
370960228, 372415314, 1455086
372541714, 373843428, 1301714
373965714, 375425485, 1459771
375552342, 376835885, 1283543
376958171, 378422171, 1464000
378549599, 379841599, 1292000
379964228, 381421371, 1457143
381548685, 382833485, 1284800
382955885, 384406628, 1450743
384533485, 385836228, 1302743
385958628, 387420685, 1462057
387548342, 388834628, 1286286
388956571, 390420342, 1463771
390548114, 391833142, 1285028
391955542, 393410857, 1455315
393537599, 394839085, 1301486
394961142, 396411542, 1450400
396538057, 397833028, 1294971
397956114, 399420799, 1464685
399548571, 400837142, 1288571
400959314, 402424114, 1464800
402551199, 403840114, 1288915
403962285, 405413714, 1451429
405540342, 406826285, 1285943
406948685, 408407085, 1458400
408534857, 409827656, 1292799
409949714, 411417257, 1467543
411546628, 412831656, 1285028
412954171, 414412228, 1458057
414539314, 415827314, 1288000
415950399, 417409714, 1459315
417537257, 418822971, 1285714
418945371, 420412457, 1467086
420541028, 421418628, 877600
421543428, 425877943, 4334515
426003086, 427493257, 1490171
427621600, 428893257, 1271657
429174400, 430540114, 1365714
430668572, 432355429, 1686857
432486400, 433816000, 1329600
433939314, 435433372, 1494058
436268800, 437670743, 1401943
437793714, 439280800, 1487086
439407657, 440736229, 1328572
440857943, 442308343, 1450400
442435086, 443771543, 1336457
443894171, 445357486, 1463315
445484457, 446814057, 1329600
446936229, 448403429, 1467200
448531200, 449829371, 1298171
449952229, 451415429, 1463200
451542629, 452825257, 1282628
452947086, 454406400, 1459314
454533714, 455830400, 1296686
455953943, 457407657, 1453714
457535086, 458828343, 1293257
458951771, 460406286, 1454515
460533943, 461823200, 1289257
461945486, 463407543, 1462057
463535086, 464823314, 1288228
464945371, 466397829, 1452458
466525486, 467822057, 1296571
467945257, 469403315, 1458058
469530972, 470826286, 1295314
470948686, 472404457, 1455771
472532000, 473856229, 1324229
473979886, 475459657, 1479771
475585943, 476877371, 1291428
477000457, 478463429, 1462972
478589829, 479884343, 1294514
480007314, 481469372, 1462058
481596229, 482865714, 1269485
482987314, 484440457, 1453143
484567086, 485845257, 1278171
485967314, 487421943, 1454629
487548686, 488829943, 1281257
488952343, 490410172, 1457829
490537943, 491856914, 1318971
491985486, 493475657, 1490171
493602172, 494885029, 1282857
495008343, 496472115, 1463772
496598400, 497869600, 1271200
497991200, 499457715, 1466515
499583886, 500853600, 1269714
500974971, 502446057, 1471086
502572229, 503846629, 1274400
503969143, 505422743, 1453600
505549714, 506834743, 1285029
506956343, 508406286, 1449943
508533600, 509817029, 1283429
509939886, 511397029, 1457143
511525029, 512824914, 1299885
512947771, 514408686, 1460915
514536343, 515833143, 1296800
515956000, 517413143, 1457143
517540114, 518829371, 1289257
518951657, 520414743, 1463086
520541486, 521826629, 1285143
521949714, 523405372, 1455658
523533029, 524826286, 1293257
524949829, 526403772, 1453943
526531886, 527833371, 1301485
527957257, 529419886, 1462629
529547314, 530843543, 1296229
530965714, 532424115, 1458401
532552800, 533844114, 1291314
533967886, 535415886, 1448000
535543429, 536823771, 1280342
536946057, 538403772, 1457715
538532114, 539819086, 1286972
539941143, 541402629, 1461486
541529943, 542816914, 1286971
542938743, 544406286, 1467543
544534172, 545829029, 1294857
545951886, 547401829, 1449943
547529372, 548813371, 1283999
548935543, 550397600, 1462057
550525143, 551825143, 1300000
551947886, 553412229, 1464343
553540229, 554829486, 1289257
554952000, 556404800, 1452800
556533143, 557822057, 1288914
557944114, 559413029, 1468915
559540686, 560830171, 1289485
560952229, 562408115, 1455886
562535429, 563835657, 1300228
563958400, 565422057, 1463657
565549257, 566826743, 1277486
566950171, 568410400, 1460229
568538057, 569821714, 1283657
569943886, 571401143, 1457257
571528572, 572827314, 1298742
572949029, 574446400, 1497371
574573372, 575892686, 1319314
576016343, 577532914, 1516571
577658857, 579009371, 1350514
579279429, 580677486, 1398057
580799886, 582276686, 1476800
582403429, 583753372, 1349943
583874971, 585338400, 1463429
585465029, 586829829, 1364800
586952000, 588454400, 1502400
588581372, 589898400, 1317028
590021486, 591541372, 1519886
591666629, 592949829, 1283200
593228915, 594603200, 1374285
594724572, 596000914, 1276342
596271086, 597676914, 1405828
597798629, 599266286, 1467657
599392572, 600724229, 1331657
600846857, 601730400, 883543
601848229, 605875428, 4027199
606151999, 607547542, 1395543
607674285, 608949371, 1275086
609222857, 610539999, 1317142
610665371, 612160114, 1494743
612287542, 613610399, 1322857
613731199, 615235199, 1504000
615361942, 616696342, 1334400
616818056, 618290971, 1472915
618418285, 619768799, 1350514
619891199, 621405257, 1514058
621532571, 622835428, 1302857
622957828, 624427885, 1470057
624556342, 625838628, 1282286
625961371, 627418285, 1456914
627546057, 628831885, 1285828
628955314, 630408685, 1453371
630536342, 631840685, 1304343
631963999, 633428914, 1464915
633556571, 634832685, 1276114
634955885, 636419657, 1463772
636546399, 637832342, 1285943
637955428, 639412342, 1456914
639539999, 640836342, 1296343
640959542, 642425828, 1466286
642553942, 643839656, 1285714
644626171, 646237942, 1611771
646366971, 647713371, 1346400
647834856, 649283314, 1448458
649409028, 650753485, 1344457
650875885, 652343085, 1467200
652469828, 653772685, 1302857
653895085, 655826742, 1931657
655951314, 657424799, 1473485
657551314, 658840685, 1289371
658963085, 660417828, 1454743
660544342, 661875542, 1331200
661997028, 663446514, 1449486
663573485, 664864685, 1291200
664986399, 666441028, 1454629
666568342, 667851542, 1283200
667973828, 669437485, 1463657
669563314, 670839428, 1276114
670961485, 672423314, 1461829
672549714, 673832228, 1282514
673955199, 675418057, 1462858
675545599, 676832799, 1287200
676955085, 678414514, 1459429
678541142, 679831771, 1290629
679954285, 681670514, 1716229
681792571, 683283085, 1490514
683410057, 684743999, 1333942
684866171, 686324685, 1458514
686450399, 687787999, 1337600
687910056, 689386514, 1476458
689514742, 690809256, 1294514
690932342, 692385599, 1453257
692513828, 693815999, 1302171
693937942, 695409142, 1471200
695536342, 696835085, 1298743
696957256, 698435771, 1478515
698562171, 699868685, 1306514
699996685, 701461142, 1464457
701587199, 702868228, 1281029
702990285, 704450514, 1460229
704576685, 705865256, 1288571
705986856, 707444571, 1457715
707571199, 708838971, 1267772
708961142, 710422971, 1461829
710549142, 711835885, 1286743
711957599, 713414971, 1457372
713541142, 714844228, 1303086
714966856, 716456457, 1489601
716583771, 717882171, 1298400
718012914, 719500228, 1487314
719626056, 721314171, 1688115
721443199, 722768914, 1325715
722891542, 724349142, 1457600
724475199, 725771771, 1296572
725894056, 727369828, 1475772
727496228, 728788342, 1292114
728910285, 730374057, 1463772
730502971, 731799771, 1296800
731922514, 733398742, 1476228
733526285, 734826514, 1300229
734948685, 736414399, 1465714
736541828, 737832571, 1290743
737954628, 739420342, 1465714
739546971, 740842514, 1295543
740964456, 742428571, 1464115
742555085, 743838056, 1282971
743960228, 745428342, 1468114
745556685, 746841371, 1284686
746963199, 748419542, 1456343
748546857, 749848114, 1301257
749970514, 751433485, 1462971
751560114, 752845828, 1285714
752968114, 754431199, 1463085
754558285, 755843999, 1285714
755966742, 757429257, 1462515
757557142, 758851999, 1294857
758974285, 760430628, 1456343
760557371, 761841142, 1283771
761963542, 763416571, 1453029
763543428, 764827085, 1283657
764949371, 766430057, 1480686
766559999, 767848456, 1288457
767970628, 769438171, 1467543
769565028, 770851085, 1286057
770973714, 772427199, 1453485
772553257, 773833828, 1280571
773956228, 775422628, 1466400
775549828, 776830514, 1280686
776952342, 778420342, 1468000
778547657, 779843885, 1296228
779966399, 780846056, 879657
780963656, 789932342, 8968686
790213257, 791551086, 1337829
791676915, 792959657, 1282742
793232115, 794612457, 1380342
794734400, 796219658, 1485258
796347315, 797691657, 1344342
797813600, 799271886, 1458286
799398286, 800741143, 1342857
800863200, 802337486, 1474286
802464457, 803795314, 1330857
803917029, 805368000, 1450971
805495429, 806806400, 1310971
806928686, 808381715, 1453029
808509257, 809817029, 1307772
809939886, 811396915, 1457029
811524800, 812820457, 1295657
812943429, 814404457, 1461028
814532229, 815827771, 1295542
815951086, 817416115, 1465029
817544114, 819214286, 1670172
819341943, 820701257, 1359314
820823657, 822314057, 1490400
822441143, 823780914, 1339771
823903086, 825412572, 1509486
825540343, 826832571, 1292228
826955200, 828404000, 1448800
828532000, 829821943, 1289943
829946057, 831405829, 1459772
831533372, 832815657, 1282285
832938400, 834396915, 1458515
834525029, 835819886, 1294857
835943543, 837397372, 1453829
837524800, 838815086, 1290286
838937943, 840398400, 1460457
840526857, 841823657, 1296800
841947657, 843409029, 1461372
843537372, 844817029, 1279657
844939429, 846407086, 1467657
846534972, 847836000, 1301028
847960114, 849745486, 1785372
849868457, 851331886, 1463429
851459543, 852792343, 1332800
852915086, 854393600, 1478514
854521600, 855825486, 1303886
855949486, 857415886, 1466400
857545143, 858873600, 1328457
858996571, 860468000, 1471429
861311429, 862762971, 1451542
862886171, 864354743, 1468572
864481829, 865813829, 1332000
865935200, 867390286, 1455086
867517600, 868812114, 1294514
868935200, 870407429, 1472229
870534972, 871821486, 1286514
871944914, 873409715, 1464801
873537600, 874834514, 1296914
874957486, 876418515, 1461029
876546400, 877834057, 1287657
877956914, 879428115, 1471201
879556457, 880866971, 1310514
880988914, 882450972, 1462058
882577372, 883849600, 1272228
883972343, 885425143, 1452800
885552914, 886840457, 1287543
886963200, 888411200, 1448000
888538172, 889826857, 1288685
889950286, 891409257, 1458971
891536457, 892820686, 1284229
892943886, 894401372, 1457486
894529600, 895827657, 1298057
895950629, 897403315, 1452686
897532114, 898827429, 1295315
898949829, 900410629, 1460800
900537829, 901821486, 1283657
901944229, 903410286, 1466057
903537829, 904828571, 1290742
904951314, 906405715, 1454401
906534057, 907827657, 1293600
907951429, 909406972, 1455543
909534743, 910830171, 1295428
910952686, 912422743, 1470057
912550400, 913862400, 1312000
913984114, 915446743, 1462629
915573029, 916843543, 1270514
916965714, 918422972, 1457258
918549714, 919847771, 1298057
919969257, 921419886, 1450629
921547772, 922854171, 1306399
922975543, 924433600, 1458057
924561257, 925835543, 1274286
925957029, 927419315, 1462286
927547200, 928841486, 1294286
928964800, 930421029, 1456229
930548800, 931823771, 1274971
931945714, 933395772, 1450058
933523543, 934823886, 1300343
934947543, 936399200, 1451657
936526629, 937824686, 1298057
937947771, 939398743, 1450972
939527200, 940819657, 1292457
940943200, 942401943, 1458743
942529257, 943857943, 1328686
943981143, 945482057, 1500914
945610057, 946878514, 1268457
947158515, 948502172, 1343657
948629829, 949913829, 1284000
950195886, 951518972, 1323086
951646400, 952918057, 1271657
953198515, 954524229, 1325714
954649486, 955938400, 1288914
956215772, 957546172, 1330400
957672000, 958952686, 1280686
959224572, 960550743, 1326171
960676114, 961956229, 1280115
962227086, 962961143, 734057
963230400, 974852456, 11622056
974977142, 976456229, 1479087
976582857, 977864457, 1281600
977985943, 979446172, 1460229
979572000, 980859771, 1287771
980981600, 982447543, 1465943
982573486, 983848686, 1275200
983971086, 985432457, 1461371
985559772, 986865600, 1305828
986987429, 988474629, 1487200
988601143, 989887314, 1286171
990174400, 991491543, 1317143
991617943, 992899543, 1281600
993171543, 994491429, 1319886
994617829, 995920457, 1302628
996199200, 997519772, 1320572
997646057, 998928114, 1282057
999207429, 554286, -998653143
681486, 1962857, 1281371
2232343, 3576686, 1344343
3697143, 4982286, 1285143
5251657, 6589372, 1337715
6709372, 8142515, 1433143
8270057, 9597943, 1327886
9717600, 11173600, 1456000
11300800, 12620686, 1319886
12741372, 14229258, 1487886
14354629, 15710629, 1356000
15831200, 17288000, 1456800
17413943, 18765257, 1351314
18886514, 20346743, 1460229
20472915, 21777829, 1304914
21899429, 23357829, 1458400
23484686, 24778857, 1294171
24900000, 26379886, 1479886
26505715, 27809143, 1303428
27930400, 29398286, 1467886
29524457, 30813829, 1289372
30935200, 32391086, 1455886
32517372, 33815429, 1298057
33937600, 35397143, 1459543
35522857, 36853257, 1330400
36975314, 38427429, 1452115
38554172, 39845371, 1291199
39967771, 41419886, 1452115
41545372, 42852343, 1306971
42973143, 44423086, 1449943
44549143, 45832343, 1283200
45954057, 47422743, 1468686
47549486, 49593486, 2044000
49720800, 51423200, 1702400
51552343, 52906743, 1354400
53200686, 54529600, 1328914
54654286, 55934171, 1279885
56205486, 57526629, 1321143
57652000, 58932571, 1280571
59208000, 60526743, 1318743
60651543, 61933029, 1281486
62209600, 63532229, 1322629
63658514, 64940343, 1281829
65222058, 66562057, 1339999
66686514, 67973143, 1286629
68248686, 69586057, 1337371
69710972, 70998057, 1287085
71266057, 72580572, 1314515
72702172, 73988457, 1286285
74255772, 75577943, 1322171
75701600, 76991543, 1289943
77265600, 78590857, 1325257
78715086, 80144686, 1429600
80272229, 81604914, 1332685
81726857, 83020229, 1293372
83293029, 84613486, 1320457
85475772, 86874629, 1398857
86997143, 88460686, 1463543
88586057, 89885371, 1299314
90006286, 91472115, 1465829
91597486, 92871543, 1274057
93147429, 94484229, 1336800
94609257, 95918286, 1309029
96198972, 97520914, 1321942
97646743, 98916000, 1269257
99194629, 100512457, 1317828
100638286, 101921600, 1283314
102199658, 103523086, 1323428
103648914, 104926857, 1277943
105206400, 106557486, 1351086
106682743, 107992228, 1309485
108265715, 109613714, 1347999
109734972, 111229943, 1494971
111356457, 112667886, 1311429
112788686, 114268800, 1480114
114395543, 115752457, 1356914
115874171, 117340115, 1465944
117467086, 118806857, 1339771
118928686, 120404115, 1475429
120531429, 121821143, 1289714
121944686, 123406400, 1461714
123533486, 124830971, 1297485
124954057, 126403429, 1449372
126531200, 127816571, 1285371
127938971, 129406515, 1467544
129534286, 130820686, 1286400
130942971, 132404686, 1461715
132532800, 133831429, 1298629
133954743, 135406057, 1451314
135534629, 136826629, 1292000
136949486, 138413943, 1464457
138542172, 139825143, 1282971
139948800, 140833371, 884571
140951314, 142803543, 1852229
142925371, 144399772, 1474401
144527200, 145841257, 1314057
145963086, 147422972, 1459886
147549943, 148829143, 1279200
148950971, 150413372, 1462401
150541372, 151838171, 1296799
151960571, 153409257, 1448686
153537257, 154832914, 1295657
154955886, 156674743, 1718857
156796571, 158284457, 1487886
158411886, 159763314, 1351428
159885257, 161353486, 1468229
161480915, 162773029, 1292114
162894629, 164353943, 1459314
164481715, 165776343, 1294628
165897943, 167355543, 1457600
167482857, 168780343, 1297486
168903429, 170370172, 1466743
170497715, 171797257, 1299542
171920000, 173387543, 1467543
173514629, 174810857, 1296228
174934400, 176393372, 1458972
176520800, 177821143, 1300343
177943314, 179405486, 1462172
179533943, 180832000, 1298057
180955543, 182418172, 1462629
182545943, 183824914, 1278971
183948571, 185410972, 1462401
185538057, 186819086, 1281029
186940571, 188410172, 1469601
188537600, 189827886, 1290286
189950629, 191414400, 1463771
191541829, 192838514, 1296685
192961486, 194437600, 1476114
194564572, 195835657, 1271085
195957257, 197425029, 1467772
197552914, 198862171, 1309257
198983314, 200445829, 1462515
200572000, 201864000, 1292000
201985257, 203432800, 1447543
203560914, 204858857, 1297943
204980800, 206435886, 1455086
206563200, 207858286, 1295086
207980571, 209436915, 1456344
209563543, 210850629, 1287086
210972457, 212440686, 1468229
212567543, 213843429, 1275886
213965714, 215419886, 1454172
215547657, 216830629, 1282972
216953143, 218411543, 1458400
218539200, 219832571, 1293371
219955429, 221406743, 1451314
221534743, 222821257, 1286514
222944686, 224403886, 1459200
224531657, 225817600, 1285943
225939886, 227409372, 1469486
227536686, 228825714, 1289028
228949371, 230413600, 1464229
230542400, 231854057, 1311657
231976114, 233426743, 1450629
233554629, 234834057, 1279428
234956114, 236414857, 1458743
236542400, 237844914, 1302514
237966971, 239411543, 1444572
239539772, 240832114, 1292342
240955086, 242418515, 1463429
242546400, 243872571, 1326171
243995771, 245458057, 1462286
245584572, 246866514, 1281942
246989371, 248441600, 1452229
248568229, 249851771, 1283542
249974514, 251431772, 1457258
251559429, 252839771, 1280342
252961143, 254420457, 1459314
254548229, 255830171, 1281942
255952343, 257415657, 1463314
257543886, 258855771, 1311885
258977257, 260428229, 1450972
260556000, 261833829, 1277829
261956000, 263418629, 1462629
263546172, 264824800, 1278628
264946971, 266411657, 1464686
266539772, 267829486, 1289714
267951886, 269414057, 1462171
269541714, 270830857, 1289143
270953600, 272416229, 1462629
272544457, 273828914, 1284457
273951886, 275418972, 1467086
275547086, 276840914, 1293828
276965257, 278435657, 1470400
278564457, 279868457, 1304000
279991200, 281446515, 1455315
281574857, 282872571, 1297714
283002857, 284473829, 1470972
284602172, 285885829, 1283657
286156458, 287495772, 1339314
287622400, 288900114, 1277714
289182972, 290510400, 1327428
290637372, 291918743, 1281371
292725143, 294345029, 1619886
294474515, 295781486, 1306971
295903886, 297373257, 1469371
297500914, 298799086, 1298172
298922514, 300372343, 1449829
300500115, 301822629, 1322514
301944229, 303402743, 1458514
303530743, 304824000, 1293257
304946743, 306413829, 1467086
306542057, 307820800, 1278743
307943657, 309405600, 1461943
309532914, 310852000, 1319086
310973371, 312425943, 1452572
312553029, 313829143, 1276114
313950743, 315414857, 1464114
315542057, 316843429, 1301372
316964800, 318421486, 1456686
318549372, 319861143, 1311771
319982400, 321446629, 1464229
321574172, 322845143, 1270971
322967086, 323850057, 882971
324544686, 325866057, 1321371
325988114, 327500457, 1512343
327626743, 328902286, 1275543
329181600, 330503200, 1321600
330630972, 331899314, 1268342
332180343, 333512572, 1332229
333638743, 334915200, 1276457
335195543, 336516915, 1321372
336644343, 337940800, 1296457
338214172, 339592343, 1378171
339714629, 341001257, 1286628
341271315, 342602057, 1330742
342726629, 344163429, 1436800
344291086, 345608229, 1317143
345730286, 347222058, 1491772
347348800, 348662629, 1313829
348783429, 350257029, 1473600
350383429, 351738514, 1355085
351861257, 353314972, 1453715
353442515, 354792000, 1349485
354913600, 356374515, 1460915
356501829, 357802057, 1300228
357925143, 359398057, 1472914
359525143, 360820114, 1294971
360942743, 362415886, 1473143
362543200, 363818400, 1275200
363940457, 365406629, 1466172
365534400, 366828114, 1293714
366950743, 368405029, 1454286
368533143, 369826514, 1293371
369949029, 371437257, 1488228
371564800, 372863429, 1298629
372984800, 374439086, 1454286
374566286, 375845143, 1278857
375968343, 377425600, 1457257
377552800, 378836800, 1284000
378959429, 380417600, 1458171
380544457, 381825486, 1281029
381947200, 383408686, 1461486
383536572, 384839429, 1302857
384960914, 386415315, 1454401
386544229, 387828571, 1284342
387950971, 389416000, 1465029
389543886, 390829257, 1285371
390951200, 392417257, 1466057
392545029, 393833143, 1288114
393956114, 395410972, 1454858
395538743, 396826514, 1287771
396949371, 398670057, 1720686
398792229, 400282629, 1490400
400410400, 401749257, 1338857
401870971, 403326972, 1456001
403454172, 404782743, 1328571
404904229, 406378857, 1474628
406506743, 407807086, 1300343
407930743, 409405486, 1474743
409533486, 410817600, 1284114
410939657, 412400115, 1460458
412528114, 413820571, 1292457
413942857, 415403200, 1460343
415531314, 416821829, 1290515
416945143, 418407315, 1462172
418533943, 419835314, 1301371
419956800, 421410857, 1454057
421538286, 422843543, 1305257
422966857, 424421943, 1455086
424548800, 425837143, 1288343
425960343, 427419315, 1458972
427547886, 428825257, 1277371
428947657, 430405829, 1458172
430533714, 431839429, 1305715
431960914, 433413486, 1452572
433541829, 434832571, 1290742
434955314, 436418057, 1462743
436546514, 437826171, 1279657
437948686, 439408343, 1459657
439535429, 440847429, 1312000
440969143, 442419886, 1450743
442546972, 443835314, 1288342
443958629, 445415429, 1456800
445542743, 446836800, 1294057
446958971, 448452457, 1493486
448580686, 449860571, 1279885
449982971, 451457372, 1474401
451584914, 452856229, 1271315
452978057, 454432572, 1454515
454560572, 455840229, 1279657
455962171, 457421486, 1459315
457549372, 458895429, 1346057
459168343, 460502857, 1334514
460629829, 461918629, 1288800
462197829, 463517029, 1319200
463643200, 464919314, 1276114
465200572, 466526172, 1325600
466653143, 467932914, 1279771
468209258, 469581943, 1372685
469704914, 470994743, 1289829
471268000, 472876686, 1608686
473000571, 474479657, 1479086
474606286, 475881371, 1275085
476003771, 477473943, 1470172
477600114, 478889257, 1289143
479168800, 480500229, 1331429
480628229, 482163772, 1535543
482293715, 483615200, 1321485
483736686, 485226858, 1490172
485354172, 486939886, 1585714
487223429, 488553029, 1329600
488679657, 489965029, 1285372
490250172, 491574743, 1324571
491700000, 492994400, 1294400
493263543, 494585257, 1321714
494707086, 495996914, 1289828
496267886, 497600686, 1332800
497725600, 499009714, 1284114
499277943, 500598857, 1320914
501452572, 502889029, 1436457
503012114, 504490515, 1478401
504616572, 505483886, 867314
505605943, 509751999, 4146056
509875885, 511330514, 1454629
511457485, 512796114, 1338629
512917599, 514394971, 1477372
514523085, 515820228, 1297143
515942856, 517410171, 1467315
517537485, 518865256, 1327771
518988114, 520446857, 1458743
520573599, 521842628, 1269029
521964342, 523414628, 1450286
523541714, 524821828, 1280114
524944799, 526408342, 1463543
526536571, 527818285, 1281714
527940571, 529410742, 1470171
529538857, 530833256, 1294399
530956228, 532408799, 1452571
532536457, 533848799, 1312342
533970285, 535424685, 1454400
535552571, 536852685, 1300114
536974285, 538433028, 1458743
538559999, 539832914, 1272915
539955542, 541409714, 1454172
541538057, 542818856, 1280799
542941371, 544392114, 1450743
544519885, 545814171, 1294286
545936228, 547401485, 1465257
547529257, 548808914, 1279657
548930514, 550404571, 1474057
550532342, 551833142, 1300800
551955999, 553421142, 1465143
553548799, 554826514, 1277715
554949256, 556410628, 1461372
556538628, 557819656, 1281028
557942971, 559405714, 1462743
559533028, 560838514, 1305486
560960114, 562428799, 1468685
562556342, 563853256, 1296914
563974742, 565468457, 1493715
565596799, 566880228, 1283429
567001599, 568461828, 1460229
568587771, 569862971, 1275200
569984799, 571433142, 1448343
571560228, 572854399, 1294171
572976571, 574429142, 1452571
574557028, 575833028, 1276000
575954971, 577414742, 1459771
577542971, 578854971, 1312000
578976114, 580431542, 1455428
580559085, 581879885, 1320800
582001714, 583506399, 1504685
583633599, 584976456, 1342857
585250057, 586624914, 1374857
586745599, 588232228, 1486629
588358628, 589731428, 1372800
589853142, 591357028, 1503886
591483771, 592803771, 1320000
592928228, 594409599, 1481371
594537142, 595846971, 1309829
595970056, 597422285, 1452229
597549485, 598878514, 1329029
599000799, 600463085, 1462286
600589714, 601886056, 1296342
602008571, 603483771, 1475200
603610628, 604886399, 1275771
605157142, 606481142, 1324000
606607314, 607882171, 1274857
608164228, 609500799, 1336571
609628114, 610937142, 1309028
611214742, 612540342, 1325600
612665142, 613948114, 1282972
614218857, 615598171, 1379314
615720799, 617216228, 1495429
617343314, 618695656, 1352342
618817142, 620266742, 1449600
620393257, 621746742, 1353485
621873714, 623367999, 1494285
623496114, 624801485, 1305371
624924114, 626391085, 1466971
626519999, 627818742, 1298743
627941256, 629408457, 1467201
629536114, 630825371, 1289257
630947542, 632645714, 1698172
632766856, 634262399, 1495543
634389028, 635722514, 1333486
635844685, 637300685, 1456000
637427542, 638765942, 1338400
638887656, 640345485, 1457829
640472342, 641799999, 1327657
641922171, 643389942, 1467771
643518628, 644821256, 1302628
644943656, 646414057, 1470401
646541828, 647858514, 1316686
647980228, 649443999, 1463771
649569714, 650846514, 1276800
650968228, 652420685, 1452457
652547085, 653828342, 1281257
653949828, 655770171, 1820343
655903428, 657419885, 1516457
657546971, 658851885, 1304914
658972685, 660472342, 1499657
660598171, 661882971, 1284800
662005256, 663471771, 1466515
663597828, 664877599, 1279771
665147657, 666461485, 1313828
666588114, 667863885, 1275771
667986056, 669468799, 1482743
669595085, 670895885, 1300800
671169371, 672489028, 1319657
672615428, 673894742, 1279314
674172571, 675488685, 1316114
675614171, 676884228, 1270057
677168457, 678487885, 1319428
678613714, 679891885, 1278171
680161371, 681482399, 1321028
681608799, 682904571, 1295772
683189371, 684528685, 1339314
684657028, 685994514, 1337486
686267771, 687633371, 1365600
687762628, 689289714, 1527086
689416914, 690779542, 1362628
690901599, 692366742, 1465143
692495885, 693790971, 1295086
693913256, 695391428, 1478172
695519771, 696821028, 1301257
696943542, 698412799, 1469257
698540342, 699859199, 1318857
699981371, 701486628, 1505257
701612799, 702902856, 1290057
703192114, 704520342, 1328228
704646285, 705995085, 1348800
706265142, 707604456, 1339314
707726056, 709226057, 1500001
709353028, 710697028, 1344000
711528228, 712989714, 1461486
713262057, 714585257, 1323200
714706171, 716151771, 1445600
716279885, 717594399, 1314514
717715542, 719001142, 1285600
719270628, 720659999, 1389371
720788114, 722310057, 1521943
722437028, 723784114, 1347086
723906856, 725635771, 1728915
725760571, 727256571, 1496000
727383771, 728720114, 1336343
728842742, 730289942, 1447200
730417028, 731760914, 1343886
731882285, 733337142, 1454857
733464114, 734797028, 1332914
734918742, 736405714, 1486972
736533142, 737826971, 1293829
737949371, 739404114, 1454743
739531428, 740823656, 1292228
740946285, 742400685, 1454400
742527542, 743810514, 1282972
743932456, 745407885, 1475429
745535314, 746846856, 1311542
746968799, 748430857, 1462058
748558057, 749838856, 1280799
749960685, 751415885, 1455200
751543428, 752821599, 1278171
752943085, 754411085, 1468000
754538857, 755854285, 1315428
755975885, 757422742, 1446857
757549485, 758834856, 1285371
758957714, 760418057, 1460343
760545371, 761841371, 1296000
761964114, 763419199, 1455085
763547314, 764854742, 1307428
764977485, 766475657, 1498172
766602971, 767882628, 1279657
768165142, 769487542, 1322400
769615428, 770889714, 1274286
771179428, 772498742, 1319314
772625371, 773897485, 1272114
774174742, 775489599, 1314857
775615771, 776884228, 1268457
777158171, 778478628, 1320457
778605257, 779880228, 1274971
780166399, 781496571, 1330172
781623885, 782894971, 1271086
783167542, 784490742, 1323200
784616685, 785889371, 1272686
786166057, 787489485, 1323428
787615085, 788890285, 1275200
789179314, 790501142, 1321828
790628228, 791904914, 1276686
792184342, 793502628, 1318286
793630171, 794921599, 1291428
795201371, 796520571, 1319200
796645599, 797936342, 1290743
798218628, 799539199, 1320571
799665028, 800936456, 1271428
801212571, 802550742, 1338171
802676114, 803974742, 1298628
804247657, 805566971, 1319314
805690856, 806974399, 1283543
807245599, 808572228, 1326629
808697714, 809983999, 1286285
810267999, 811585828, 1317829
811710399, 812994171, 1283772
813263542, 814585828, 1322286
814708228, 815987199, 1278971
816257828, 817578971, 1321143
817703656, 818988799, 1285143
819260685, 820706856, 1446171
820834171, 822282628, 1448457
822410057, 823745599, 1335542
823866742, 825315314, 1448572
825442171, 826770628, 1328457
826893142, 828356228, 1463086
828483199, 829776571, 1293372
829899428, 831347885, 1448457
831474971, 832784342, 1309371
832908456, 834393714, 1485258
834521828, 835854171, 1332343
835976228, 837427314, 1451086
837554971, 838844342, 1289371
838967542, 840419542, 1452000
840546857, 841848114, 1301257
841971199, 843427542, 1456343
843553828, 844836228, 1282400
844958514, 846419542, 1461028
846547542, 847830056, 1282514
847952342, 849412228, 1459886
849539999, 851217371, 1677372
851345257, 852698056, 1352799
852820114, 854288685, 1468571
854416228, 855745942, 1329714
855868228, 857315085, 1446857
857442742, 858781942, 1339200
858903542, 860396571, 1493029
860523999, 861840114, 1316115
861967656, 863454971, 1487315
863581371, 864867199, 1285828
864989371, 866453371, 1464000
866580114, 867452914, 872800
867575771, 869280571, 1704800
869406857, 870772571, 1365714
870894514, 872359542, 1465028
872486285, 873783542, 1297257
873905142, 875375428, 1470286
875501942, 876800799, 1298857
876923085, 878385942, 1462857
878513371, 879813828, 1300457
879936114, 881399885, 1463771
881527428, 882860914, 1333486
882982171, 884448799, 1466628
884575085, 885857599, 1282514
885979428, 887429828, 1450400
887556114, 888849256, 1293142
888971199, 890429257, 1458058
890555771, 891837485, 1281714
891959314, 893421599, 1462285
893547999, 894885256, 1337257
895157828, 896482399, 1324571
896608571, 897886514, 1277943
898162399, 899485942, 1323543
899612342, 900896571, 1284229
901186857, 902515314, 1328457
902641599, 903918171, 1276572
904198514, 905516571, 1318057
905643656, 906939314, 1295658
907221485, 908540914, 1319429
908666857, 909951199, 1284342
910231999, 911548914, 1316915
911674628, 912949828, 1275200
913221371, 914538857, 1317486
914664342, 915943085, 1278743
916224914, 917539542, 1314628
917665942, 918950628, 1284686
919750856, 921343428, 1592572
921472114, 922796571, 1324457
922919314, 924391771, 1472457
924519428, 925833256, 1313828
925955656, 927416914, 1461258
927544228, 928835771, 1291543
928957942, 930411999, 1454057
930538399, 931832914, 1294515
931954514, 933419999, 1465485
933547542, 934845942, 1298400
934967428, 936424571, 1457143
936551085, 937844342, 1293257
937965714, 939421142, 1455428
939547657, 940852114, 1304457
940973599, 942431657, 1458058
942558057, 943851771, 1293714
943974285, 945442514, 1468229
945570057, 946851656, 1281599
946973142, 948430628, 1457486
948557828, 949845371, 1287543
949967771, 951425942, 1458171
951552685, 952854971, 1302286
952976342, 954425028, 1448686
954552114, 955906056, 1353942
956188685, 957513142, 1324457
957639428, 958910628, 1271200
959191657, 960516799, 1325142
960642628, 961914971, 1272343
962197942, 963540799, 1342857
963666856, 965367199, 1700343
965496571, 966811428, 1314857
966933485, 968402399, 1468914
968529714, 969841714, 1312000
969963314, 971423428, 1460114
971550971, 972842856, 1291885
972964799, 974418399, 1453600
974545714, 975855199, 1309485
975977256, 977441599, 1464343
977567885, 978859199, 1291314
978981828, 980436228, 1454400
980562857, 981841485, 1278628
981963885, 983419199, 1455314
983546399, 984833142, 1286743
984955999, 986407199, 1451200
986533371, 987832571, 1299200
987954399, 989418857, 1464458
989546285, 990828685, 1282400
990950399, 992412228, 1461829
992539885, 993821371, 1281486
993943085, 995407657, 1464572
995534971, 996845942, 1310971
996967199, 998427999, 1460800
998554171, 999843542, 1289371
999965828, 1425485, -998540343
1553714, 2850171, 1296457
2970285, 4421828, 1451543
4546857, 5854856, 1307999
5974628, 7430399, 1455771
7555542, 8834742, 1279200
8955199, 10417942, 1462743
10546057, 11845371, 1299314
11966742, 13421142, 1454400
13547428, 14843656, 1296228
14965828, 16423314, 1457486
16550057, 17830628, 1280571
17952685, 19413599, 1460914
19540571, 20839314, 1298743
20960228, 22417028, 1456800
22542628, 23856114, 1313486
23976799, 25432457, 1455658
25558857, 26838514, 1279657
26959999, 28424914, 1464915
28551199, 29838056, 1286857
29959999, 31416114, 1456115
31541828, 32840685, 1298857
32961256, 34408571, 1447315
34533942, 36150514, 1616572
36281828, 37622742, 1340914
37741942, 39232114, 1490172
39357942, 40722628, 1364686
40844799, 42292571, 1447772
42417599, 43755542, 1337943
43876799, 45320914, 1444115
45446285, 46786514, 1340229
46908571, 48939542, 2030971
49230857, 50573485, 1342628
50694399, 51979085, 1284686
52262171, 53610171, 1348000
53731085, 55156114, 1425029
55284114, 56659999, 1375885
56779771, 58256114, 1476343
58381828, 59702742, 1320914
59832914, 61291199, 1458285
61417599, 62774171, 1356572
62894971, 64363771, 1468800
64490742, 65788571, 1297829
65909942, 67384457, 1474515
67511314, 68807314, 1296000
68928914, 70395199, 1466285
70521599, 71811428, 1289829
71933942, 73406971, 1473029
73535085, 74832914, 1297829
74953714, 76411657, 1457943
76539314, 77830742, 1291428
77952228, 79422742, 1470514
79549028, 80859999, 1310971
80980914, 82445371, 1464457
82571085, 83847771, 1276686
83968799, 85422057, 1453258
85548114, 86843314, 1295200
86965371, 88432571, 1467200
88557714, 89845028, 1287314
89966056, 91418857, 1452801
91545714, 92847885, 1302171
92968799, 94426857, 1458058
94552914, 95854514, 1301600
95975542, 97433942, 1458400
97559771, 98863314, 1303543
98984914, 100438628, 1453714
100565142, 101847771, 1282629
101969599, 103419657, 1450058
103545828, 104855656, 1309828
104977371, 106429828, 1452457
106556342, 107839771, 1283429
107962399, 109416685, 1454286
109543314, 110857028, 1313714
110985828, 112478057, 1492229
112604799, 113880114, 1275315
114156799, 115477142, 1320343
115604114, 116885485, 1281371
117172914, 118496228, 1323314
118623657, 119923314, 1299657
120205257, 121546057, 1340800
121671999, 122962514, 1290515
123235428, 124567542, 1332114
124693599, 125992799, 1299200
126265028, 127586514, 1321486
127711885, 128996342, 1284457
129266399, 130597142, 1330743
130719085, 132143999, 1424914
132274171, 133590856, 1316685
134444571, 135886514, 1441943
136167657, 137489257, 1321600
137616342, 138906628, 1290286
139180457, 140499771, 1319314
140626399, 141906285, 1279886
142185599, 143502971, 1317372
143629942, 144896571, 1266629
145175199, 146486971, 1311772
146612799, 147877256, 1264457
148155542, 149476114, 1320572
149601942, 150872571, 1270629
150994514, 152454971, 1460457
152581371, 153860799, 1279428
153982399, 155435657, 1453258
155562514, 156837942, 1275428
156960114, 158413714, 1453600
158541257, 159828685, 1287428
159951885, 161414857, 1462972
161542514, 162836914, 1294400
162959771, 164410057, 1450286
164537599, 165847199, 1309600
165968914, 167422628, 1453714
167549371, 168853942, 1304571
168976799, 170433257, 1456458
170561371, 171839885, 1278514
171961828, 173414742, 1452914
173543085, 174837828, 1294743
174960342, 176429942, 1469600
176557485, 177836914, 1279429
177959656, 179415085, 1455429
179542628, 180827199, 1284571
180949599, 182407657, 1458058
182535199, 183828114, 1292915
183951428, 185402399, 1450971
185530171, 186836685, 1306514
186959199, 188417828, 1458629
188545485, 189826628, 1281143
189948571, 191408342, 1459771
191535428, 192872114, 1336686
192995542, 194454399, 1458857
194580342, 195869028, 1288686
195990514, 197470628, 1480114
197596799, 198873942, 1277143
199152457, 200469714, 1317257
200595771, 201869714, 1273943
201991656, 203457371, 1465715
203584571, 204875999, 1291428
205147885, 206475771, 1327886
206602057, 207881714, 1279657
208165142, 209486171, 1321029
209612799, 210894399, 1281600
211168685, 212489485, 1320800
212615771, 213886628, 1270857
214157371, 215480914, 1323543
215607771, 216877599, 1269828
217155771, 218497942, 1342171
218628914, 219903771, 1274857
220192685, 221524228, 1331543
221651314, 222921485, 1270171
223200114, 224535199, 1335085
224660571, 225944456, 1283885
226219199, 227540228, 1321029
227665828, 228948114, 1282286
229221142, 230541828, 1320686
230667199, 231948456, 1281257
232220571, 233548457, 1327886
233673256, 234958056, 1284800
235227771, 236544571, 1316800
236670171, 237949256, 1279085
238227314, 239552799, 1325485
239678856, 240966628, 1287772
241236685, 242558857, 1322172
242683885, 243972114, 1288229
244243657, 245581028, 1337371
245706514, 247167314, 1460800
247294171, 248625371, 1331200
248746056, 250226285, 1480229
250352799, 251702856, 1350057
251825256, 253289028, 1463772
253416114, 254754171, 1338057
254875999, 256326971, 1450972
256454514, 257763542, 1309028
257885142, 259347771, 1462629
259474628, 260779542, 1304914
260901714, 262362742, 1461028
262490628, 263795999, 1305371
263918514, 265644799, 1726285
265769942, 267269257, 1499315
267396114, 268735199, 1339085
268857142, 270302971, 1445829
270430171, 271775314, 1345143
271896914, 273373371, 1476457
273500571, 274815656, 1315085
274937028, 276392457, 1455429
276519542, 277812114, 1292572
277934285, 279390971, 1456686
279518285, 280811314, 1293029
280934056, 282401028, 1466972
282529257, 283819656, 1290399
283941828, 285404114, 1462286
285531657, 286836571, 1304914
286958856, 288423999, 1465143
288551657, 289833028, 1281371
289955771, 291414171, 1458400
291541485, 292845142, 1303657
292966742, 294414057, 1447315
294542057, 295829599, 1287542
295952228, 297404228, 1452000
297532685, 298846056, 1313371
298967314, 300425714, 1458400
300553371, 302245371, 1692000
302375085, 303717142, 1342057
303839885, 305287885, 1448000
305416914, 306755771, 1338857
306877599, 308328571, 1450972
308455999, 309764228, 1308229
309886399, 311340114, 1453715
311466971, 312800685, 1333714
312922742, 314380685, 1457943
314508685, 315805371, 1296686
315928456, 317392914, 1464458
317520685, 318826056, 1305371
318948571, 320411314, 1462743
320539314, 321836342, 1297028
321959199, 323414399, 1455200
323543999, 324831542, 1287543
324954742, 326417028, 1462286
326545142, 327829485, 1284343
327952685, 329415199, 1462514
329544228, 330831199, 1286971
330953485, 332411885, 1458400
332541142, 333835428, 1294286
333958856, 335417942, 1459086
335546171, 336828914, 1282743
336950856, 338419999, 1469143
338548457, 339829828, 1281371
339952914, 341407999, 1455085
342212571, 343630056, 1417485
343753028, 345237028, 1484000
345363885, 346702514, 1338629
346824571, 348289371, 1464800
348416685, 349754285, 1337600
349876685, 351326971, 1450286
351454514, 352762971, 1308457
352885142, 354602742, 1717600
354729142, 356019199, 1290057
356289028, 357630628, 1341600
357752456, 359235085, 1482629
359361714, 360692114, 1330400
360814628, 362279199, 1464571
362406514, 363796799, 1390285
363919199, 365393371, 1474172
365521142, 366839199, 1318057
366960799, 368415199, 1454400
368542857, 369836114, 1293257
369958056, 371413942, 1455886
371542057, 372834628, 1292571
372957142, 374413028, 1455886
374540114, 375827542, 1287428
375950399, 377405485, 1455086
377532228, 378815085, 1282857
378937485, 380390514, 1453029
380517828, 381823199, 1305371
381946056, 383397371, 1451315
383524799, 384822514, 1297715
384945599, 386410742, 1465143
386538171, 387822171, 1284000
387943656, 389407085, 1463429
389534857, 390828685, 1293828
390951542, 392401485, 1449943
392529485, 393827542, 1298057
393950628, 395406857, 1456229
395535085, 396829028, 1293943
396950971, 398416342, 1465371
398544228, 399857142, 1312914
399979542, 401428914, 1449372
401556114, 402868228, 1312114
403151085, 404478399, 1327314
404605371, 405875199, 1269828
405998514, 407463657, 1465143
407589828, 408874971, 1285143
408996685, 409884799, 888114
410002056, 417774857, 7772801
417898057, 419378286, 1480229
419506172, 420807657, 1301485
420929943, 421816571, 886628
421936114, 423843543, 1907429
423971771, 425464229, 1492458
425590172, 426939429, 1349257
427215772, 428537372, 1321600
428662514, 429939543, 1277029
430220572, 431556457, 1335885
431681372, 432966057, 1284685
433268229, 434618972, 1350743
434739657, 436163543, 1423886
436290743, 437615543, 1324800
437736229, 439222515, 1486286
439348457, 440694629, 1346172
440816229, 442281600, 1465371
442408000, 443739886, 1331886
443861029, 445358857, 1497828
445485829, 446789829, 1304000
446911657, 448385029, 1473372
448512343, 449860114, 1347771
449981714, 451469372, 1487658
451595886, 452866514, 1270628
452988686, 454448686, 1460000
454575200, 455856571, 1281371
455978743, 457428000, 1449257
457556000, 458837714, 1281714
458959886, 460427429, 1467543
460555772, 461855657, 1299885
461978629, 463457600, 1478971
463583657, 464860800, 1277143
464982400, 466428343, 1445943
466555086, 467835657, 1280571
467958857, 469420572, 1461715
469547886, 470837257, 1289371
470959314, 472416343, 1457029
472542857, 473837143, 1294286
473958857, 475421943, 1463086
475549600, 476840114, 1290514
476962400, 478414286, 1451886
478540800, 479827886, 1287086
479950400, 481413257, 1462857
481540800, 482821943, 1281143
482944229, 484405143, 1460914
484533143, 485836000, 1302857
485958286, 487413029, 1454743
487539543, 488852914, 1313371
488974629, 490427886, 1453257
490554400, 491840457, 1286057
491962629, 493416000, 1453371
493542629, 494842057, 1299428
494964571, 496418172, 1453601
496544572, 497840114, 1295542
497961943, 499424572, 1462629
499550972, 500844114, 1293142
500967200, 502428457, 1461257
502555314, 503841257, 1285943
503964457, 505414400, 1449943
505541714, 506834971, 1293257
506957371, 508425257, 1467886
508553486, 509863086, 1309600
510142400, 511461600, 1319200
511587886, 512868000, 1280114
512990171, 514457600, 1467429
514583657, 515856571, 1272914
515978629, 517434515, 1455886
517560572, 518841714, 1281142
518963771, 520420000, 1456229
520548572, 521833029, 1284457
521954514, 523416229, 1461715
523544800, 524845143, 1300343
524967200, 526428915, 1461715
526555314, 527844000, 1288686
527966514, 529425143, 1458629
529553029, 530840229, 1287200
530962286, 532418743, 1456457
532545600, 533842743, 1297143
533965486, 535433029, 1467543
535559772, 536840457, 1280685
536963314, 538422515, 1459201
538549943, 539829143, 1279200
539951771, 541417600, 1465829
541545600, 542834171, 1288571
542956343, 544411543, 1455200
544539314, 545834857, 1295543
545957486, 547409943, 1452457
547537372, 548829600, 1292228
548952343, 550419086, 1466743
550547772, 552241715, 1693943
552371657, 553716914, 1345257
553839771, 555283543, 1443772
555919200, 557477486, 1558286
557604800, 558947200, 1342400
559229029, 560553600, 1324571
560678857, 561966057, 1287200
562244572, 563566972, 1322400
563692343, 564975314, 1282971
565249029, 566571886, 1322857
566696229, 567982971, 1286742
568255429, 569582172, 1326743
569707657, 571006514, 1298857
571277486, 572599429, 1321943
572720686, 574162515, 1441829
574291086, 575607200, 1316114
575728572, 577225258, 1496686
577351772, 578692914, 1341142
578815200, 580279086, 1463886
580404915, 581751086, 1346171
581873143, 583320572, 1447429
583446972, 584770857, 1323885
584894171, 586379086, 1484915
586507200, 587795429, 1288229
587917486, 589373372, 1455886
589501257, 590376572, 875315
590500457, 601986399, 11485942
602273714, 603616000, 1342286
603737029, 605219543, 1482514
605346057, 606723429, 1377372
606845600, 608342515, 1496915
608469372, 609838171, 1368799
609960914, 611461143, 1500229
611587772, 612922743, 1334971
613207543, 614579886, 1372343
614704686, 615999086, 1294400
616273029, 617594172, 1321143
617719543, 619200800, 1481257
619328572, 620641486, 1312914
620762514, 622241372, 1478858
622368115, 623705943, 1337828
623827429, 625297257, 1469828
625424686, 626762400, 1337714
626884686, 628353143, 1468457
628480343, 629771772, 1291429
629893029, 631351429, 1458400
631478972, 632781371, 1302399
632903086, 634368115, 1465029
634495657, 635786400, 1290743
635907771, 637384229, 1476458
637510972, 638810400, 1299428
638932914, 640398515, 1465601
640525714, 641852686, 1326972
641974971, 643433829, 1458858
643560114, 644835886, 1275772
644957714, 646407886, 1450172
646535086, 647847886, 1312800
647969257, 649420572, 1451315
649549372, 650839771, 1290399
650961143, 652413143, 1452000
652542286, 653833143, 1290857
653956114, 655413143, 1457029
655540686, 657316800, 1776114
657448800, 658768000, 1319200
658890286, 660352800, 1462514
660479772, 661786857, 1307085
661909257, 663385257, 1476000
663512686, 664805486, 1292800
664928343, 666390400, 1462057
666518286, 667811771, 1293485
667934514, 669395200, 1460686
669522515, 670817029, 1294514
670940000, 672391772, 1451772
672519657, 673830286, 1310629
673952229, 675415772, 1463543
675543543, 676826857, 1283314
676949486, 678404000, 1454514
678531429, 679830629, 1299200
679954514, 681401829, 1447315
681529486, 682822400, 1292914
682945029, 684410857, 1465828
684538057, 685820343, 1282286
685942629, 687404457, 1461828
687532343, 688824686, 1292343
688947886, 690407429, 1459543
690535772, 691828000, 1292228
691951086, 693413600, 1462514
693541029, 695229143, 1688114
695357943, 696704229, 1346286
696826171, 698298857, 1472686
698426286, 699753829, 1327543
699875657, 701338743, 1463086
701465600, 702775886, 1310286
702897371, 704359429, 1462058
704486629, 705786972, 1300343
705908457, 707380686, 1472229
707508572, 708826629, 1318057
708948571, 710409600, 1461029
710537257, 711814743, 1277486
711937600, 713401715, 1464115
713531086, 714825143, 1294057
714948114, 716401600, 1453486
716529943, 717822400, 1292457
717945486, 719403772, 1458286
719531772, 720821029, 1289257
720943086, 722396457, 1453371
722524000, 723816686, 1292686
723940000, 725397600, 1457600
725524686, 726815086, 1290400
726938171, 728394515, 1456344
728521829, 729815429, 1293600
729937714, 731397829, 1460115
731525600, 732808800, 1283200
732930971, 734396572, 1465601
734523657, 735842286, 1318629
735963314, 737429372, 1466058
737556572, 738834400, 1277828
738956343, 740413143, 1456800
740541143, 741830286, 1289143
741952229, 743408800, 1456571
743536686, 744826286, 1289600
744949029, 746400800, 1451771
746527886, 747826743, 1298857
747949714, 749411886, 1462172
749539543, 750828343, 1288800
750949829, 752409943, 1460114
752538514, 753835886, 1297372
753959086, 755414857, 1455771
755545143, 756845371, 1300228
756969714, 758459886, 1490172
758586743, 759855657, 1268914
759978286, 761446857, 1468571
761573829, 762851314, 1277485
762974171, 764430743, 1456572
764558857, 765838971, 1280114
765962057, 767421486, 1459429
767549257, 768833371, 1284114
768956800, 770419543, 1462743
770548229, 771423886, 875657
772829371, 774381372, 1552001
774510400, 775824229, 1313829
775945943, 777404457, 1458514
777533029, 778828457, 1295428
778950971, 780408457, 1457486
780536343, 781865143, 1328800
782147658, 783488457, 1340799
783614629, 784893943, 1279314
785167315, 786501600, 1334285
786628686, 787891657, 1262971
788170743, 789503086, 1332343
789629372, 790903086, 1273714
791190858, 792527886, 1337028
792655314, 793934629, 1279315
794209600, 795538857, 1329257
795664572, 796948000, 1283428
797217143, 798536000, 1318857
798661029, 799963886, 1302857
800235658, 801551086, 1315428
801676457, 802952457, 1276000
803222629, 804544572, 1321943
804670400, 805953257, 1282857
806223429, 807545029, 1321600
807670629, 808964571, 1293942
809243772, 810558400, 1314628
810684914, 811962857, 1277943
812233943, 813553829, 1319886
813679543, 814962057, 1282514
815232686, 816550857, 1318171
816676572, 817962743, 1286171
818242058, 819558057, 1315999
819683657, 820963771, 1280114
821240229, 822816800, 1576571
822945714, 824407086, 1461372
824534514, 825848229, 1313715
825969600, 827424686, 1455086
827552114, 828832686, 1280572
828954857, 830418172, 1463315
830545486, 831833486, 1288000
831955886, 833406057, 1450171
833533829, 834841257, 1307428
834963771, 836424915, 1461144
836552457, 837833714, 1281257
837956343, 839409943, 1453600
839537486, 840816114, 1278628
840938857, 842397372, 1458515
842525257, 843829257, 1304000
843951429, 845417372, 1465943
845544800, 846831771, 1286971
846954286, 848414629, 1460343
848542286, 849846857, 1304571
849969371, 851426400, 1457029
851552686, 853215200, 1662514
853342743, 854691314, 1348571
854813829, 856278743, 1464914
856405486, 857728114, 1322628
857849486, 859293257, 1443771
859420229, 860754514, 1334285
860876914, 862337143, 1460229
862464000, 863794057, 1330057
863916343, 865377943, 1461600
865505943, 866819886, 1313943
866942629, 868400915, 1458286
868529372, 869836800, 1307428
869959429, 871412457, 1453028
871540572, 872821714, 1281142
872944229, 874401029, 1456800
874528686, 875809600, 1280914
875931886, 877396229, 1464343
877523886, 878823429, 1299543
878947429, 880398057, 1450628
880526172, 881815429, 1289257
881938171, 883387200, 1449029
883514515, 884822743, 1308228
884945029, 886409029, 1464000
886536572, 887844114, 1307542
887966857, 889441257, 1474400
889567657, 890843086, 1275429
890965143, 892441257, 1476114
892567772, 893846171, 1278399
893968571, 895440686, 1472115
895567429, 896843200, 1275771
896965943, 898416800, 1450857
898545029, 899822057, 1277028
899944114, 901390629, 1446515
901518515, 902810857, 1292342
902934171, 904393257, 1459086
904521257, 905812686, 1291429
905935771, 907398743, 1462972
907527543, 908823429, 1295886
908946514, 910402743, 1456229
910530514, 911823200, 1292686
911946400, 913406400, 1460000
913533829, 914834057, 1300228
914956686, 916408229, 1451543
916536000, 917830286, 1294286
917952800, 919402857, 1450057
919530743, 920822857, 1292114
920945829, 922405029, 1459200
922532914, 923832914, 1300000
923956343, 925412343, 1456000
925540000, 926837829, 1297829
926961371, 928407657, 1446286
928535657, 929849714, 1314057
929974057, 931431886, 1457829
931559772, 932841143, 1281371
932963429, 934444457, 1481028
934570743, 935848686, 1277943
935971200, 937438743, 1467543
937565372, 938840343, 1274971
938962743, 940415200, 1452457
940542400, 941824914, 1282514
941947543, 943403429, 1455886
943531086, 944821257, 1290171
944944343, 946399086, 1454743
946527200, 947817486, 1290286
947940114, 949398400, 1458286
949526629, 950822171, 1295542
950945943, 952401943, 1456000
952528800, 953819314, 1290514
953941829, 955409257, 1467428
955537029, 956830400, 1293371
956952229, 958405143, 1452914
958533143, 959829943, 1296800
959954286, 961418515, 1464229
961546972, 962850514, 1303542
962973029, 964427772, 1454743
964555543, 965841029, 1285486
965963657, 967451543, 1487886
967578514, 968853029, 1274515
968976343, 970431429, 1455086
970560914, 971840000, 1279086
971962514, 973445029, 1482515
973573143, 974851429, 1278286
974974171, 976433143, 1458972
976560343, 977838514, 1278171
977961600, 979414057, 1452457
980228343, 981709257, 1480914
981833143, 983282972, 1449829
983409715, 984748000, 1338285
984870629, 986336686, 1466057
986463886, 987763200, 1299314
987884114, 989360800, 1476686
989487772, 990798857, 1311085
990921371, 992389257, 1467886
992516457, 993809257, 1292800
993932686, 995383086, 1450400
995510743, 996825371, 1314628
996947771, 998402629, 1454858
998530057, 999830171, 1300114
999953943, 1411772, -998542171
1541943, 2825257, 1283314
2946057, 4401029, 1454972
4528114, 5816229, 1288115
5938171, 7400457, 1462286
7526286, 8857029, 1330743
8979543, 10440572, 1461029
10565943, 11844000, 1278057
11965714, 13422972, 1457258
13549486, 14831657, 1282171
14953029, 16413600, 1460571
16540800, 17836343, 1295543
17958514, 19403772, 1445258
19530172, 20816571, 1286399
20938400, 22387886, 1449486
22514629, 23814057, 1299428
23936343, 25387200, 1450857
25514057, 26809829, 1295772
26933143, 28398057, 1464914
28524800, 29822286, 1297486
29944571, 31398743, 1454172
31525600, 32816229, 1290629
32938743, 34391429, 1452686
34519200, 35808000, 1288800
35930400, 37378972, 1448572
37505829, 38797486, 1291657
38918400, 40370286, 1451886
40497257, 41802971, 1305714
41924343, 43383200, 1458857
43509715, 44805257, 1295542
44927886, 46376229, 1448343
46503657, 47799886, 1296229
48586172, 50209029, 1622857
50336115, 51667086, 1330971
51787200, 53275200, 1488000
53401372, 54735086, 1333714
54856114, 56330743, 1474629
56456229, 57788800, 1332571
57909714, 59364686, 1454972
59491772, 60815657, 1323885
60937257, 62411886, 1474629
62538629, 63838514, 1299885
63960229, 65425143, 1464914
65551200, 66842171, 1290971
66963771, 68419315, 1455544
68546286, 69826400, 1280114
69947886, 71407886, 1460000
71534743, 72832686, 1297943
72955314, 74411429, 1456115
74537714, 75821257, 1283543
75942629, 77401257, 1458628
77527543, 78807886, 1280343
78929829, 80390057, 1460228
80516686, 81816000, 1299314
81937943, 83397372, 1459429
83524229, 84826743, 1302514
84948229, 86410857, 1462628
86537829, 87827200, 1289371
87948229, 89410057, 1461828
89537257, 90830171, 1292914
90952000, 92405600, 1453600
92532572, 93830286, 1297714
93952114, 95404800, 1452686
95532000, 96814743, 1282743
96937143, 98393829, 1456686
98521943, 99838286, 1316343
99959200, 101410400, 1451200
101538857, 102836114, 1297257
102958171, 104412686, 1454515
104540229, 105834171, 1293942
105957943, 107419657, 1461714
107546857, 108841029, 1294172
108962971, 110674857, 1711886
110797714, 112288343, 1490629
112415543, 113768457, 1352914
113890857, 115364915, 1474058
115492915, 116785486, 1292571
116907200, 118361486, 1454286
118488915, 119793714, 1304799
119917029, 121388343, 1471314
121515772, 122806857, 1291085
122930400, 124382972, 1452572
124510286, 125824686, 1314400
125946286, 127411429, 1465143
127538857, 128822400, 1283543
128944229, 130403086, 1458857
130530286, 131822971, 1292685
131946286, 133406629, 1460343
133534629, 134818857, 1284228
134941257, 136409257, 1468000
136537143, 137830857, 1293714
137953600, 139408572, 1454972
139536572, 140825829, 1289257
140949143, 142408343, 1459200
142535543, 143814400, 1278857
143936571, 145401143, 1464572
145528914, 146824571, 1295657
146947886, 148445943, 1498057
148572343, 149844800, 1272457
149966057, 151437943, 1471886
151565829, 152960686, 1394857
153234629, 154562972, 1328343
154688114, 156178972, 1490858
156306400, 157624114, 1317714
157744800, 159235772, 1490972
159362400, 160732572, 1370172
160853829, 162307086, 1453257
162432915, 163780572, 1347657
163903086, 165365372, 1462286
165492800, 166784000, 1291200
166905600, 168366857, 1461257
168494057, 169809371, 1315314
169930857, 171390629, 1459772
171517257, 172812000, 1294743
172933829, 174396915, 1463086
174525486, 175823657, 1298171
175946857, 177416800, 1469943
177545029, 178844800, 1299771
178967429, 180434857, 1467428
180562286, 181843771, 1281485
181966400, 183425029, 1458629
183552572, 184841714, 1289142
184964571, 186434972, 1470401
186561829, 187834971, 1273142
187957600, 189438057, 1480457
189566172, 190961714, 1395542
191235886, 192556800, 1320914
192682629, 194016800, 1334171
194795086, 196402400, 1607314
196531429, 197838057, 1306628
197961714, 199425372, 1463658
199552572, 200836686, 1284114
200959429, 202432457, 1473028
202560000, 203858514, 1298514
203980343, 205439315, 1458972
205565372, 206845714, 1280342
206967657, 208432572, 1464915
208558629, 209855429, 1296800
209978171, 211460686, 1482515
211587086, 212882971, 1295885
213004914, 214472915, 1468001
214598514, 215881600, 1283086
216002857, 217469257, 1466400
217594514, 218927086, 1332572
219210058, 220545372, 1335314
220670400, 221956114, 1285714
222226743, 223553600, 1326857
223677257, 224956229, 1278972
225227429, 226556686, 1329257
226680914, 228008114, 1327200
228280115, 229601257, 1321142
229721829, 231168572, 1446743
231295429, 232676572, 1381143
232800343, 234295086, 1494743
234421029, 235778400, 1357371
235900800, 237362400, 1461600
237489143, 238810629, 1321486
238932457, 240392686, 1460229
240520000, 241819200, 1299200
241942171, 243400229, 1458058
243528686, 244832114, 1303428
244954514, 246414172, 1459658
246542057, 247832229, 1290172
247954743, 249412800, 1458057
249539429, 250839543, 1300114
250961829, 252424115, 1462286
252550972, 253836686, 1285714
253959543, 255429257, 1469714
255556114, 256839543, 1283429
256961257, 258426857, 1465600
258553372, 259843771, 1290399
259966400, 261421486, 1455086
261548686, 262834857, 1286171
262957486, 264419772, 1462286
264548000, 265836000, 1288000
265958286, 267425257, 1466971
267552343, 268848914, 1296571
268971429, 270732343, 1760914
270856000, 272336343, 1480343
272463886, 273783314, 1319428
273905143, 275360572, 1455429
275486972, 276823543, 1336571
276945371, 278406172, 1460801
278532572, 279833943, 1301371
279956229, 281424572, 1468343
281552114, 282837143, 1285029
282959429, 284433715, 1474286
284561600, 285955886, 1394286
286226972, 287544114, 1317142
287669714, 288953257, 1283543
289227658, 290555086, 1327428
290679772, 291970514, 1290742
292245143, 293581143, 1336000
293706972, 295152686, 1445714
295281829, 296595314, 1313485
296717714, 298021257, 1303543
298292115, 299619772, 1327657
299740572, 301229372, 1488800
301355086, 302673714, 1318628
302794171, 304268343, 1474172
304394286, 305717714, 1323428
305839657, 307339200, 1499543
307466743, 308770171, 1303428
308892229, 310357600, 1465371
310484686, 311802971, 1318285
311924229, 313397486, 1473257
313524572, 314455886, 931314
314580572, 317735200, 3154628
317858857, 319322743, 1463886
319450172, 320769943, 1319771
320891429, 322391772, 1500343
322519314, 323821371, 1302057
323944229, 325400572, 1456343
325528000, 327213943, 1685943
327344686, 328692114, 1347428
328814514, 330297829, 1483315
330425257, 331777143, 1351886
331898629, 333611657, 1713028
333735429, 335192915, 1457486
335320572, 336635200, 1314628
336756914, 338241258, 1484344
338368229, 339755543, 1387314
339877143, 341341143, 1464000
341468229, 342779771, 1311542
342901371, 344372000, 1470629
344499314, 345808114, 1308800
345931543, 347386629, 1455086
347514172, 348811657, 1297485
348934514, 350395429, 1460915
350522857, 351817257, 1294400
351940686, 353399086, 1458400
353528114, 354817943, 1289829
354940457, 356408229, 1467772
356536572, 357832914, 1296342
357955200, 359438172, 1482972
359566057, 360860914, 1294857
360983543, 362439200, 1455657
362566514, 363834743, 1268229
363956457, 365411543, 1455086
365538743, 366825600, 1286857
366947657, 368406972, 1459315
368534629, 369825486, 1290857
369948343, 371408800, 1460457
371537143, 372822743, 1285600
372944571, 374406286, 1461715
374533943, 375836457, 1302514
375960114, 377412915, 1452801
377540343, 378817714, 1277371
378940229, 380397257, 1457028
380524800, 381814514, 1289714
381936457, 383397257, 1460800
383525714, 384826857, 1301143
384950286, 386410743, 1460457
386539772, 387839657, 1299885
387962400, 389421257, 1458857
389549372, 390828457, 1279085
390952229, 392426515, 1474286
392555314, 393839771, 1284457
393964229, 395426629, 1462400
395554972, 396831543, 1276571
396954629, 398431772, 1477143
398560457, 399859429, 1298972
399982057, 401443086, 1461029
401570857, 402850629, 1279772
402973829, 404426172, 1452343
405277943, 406696800, 1418857
406820457, 408268800, 1448343
408395886, 409720114, 1324228
409841943, 411289143, 1447200
411415886, 412750400, 1334514
412872914, 414583200, 1710286
414710400, 416154629, 1444229
416285257, 417604229, 1318972
417726629, 419245372, 1518743
419372229, 420741372, 1369143
420862971, 422320457, 1457486
422448000, 423776572, 1328572
423897600, 425351086, 1453486
425478286, 426804457, 1326171
426926057, 428629029, 1702972
428751886, 430196229, 1444343
430324115, 431638172, 1314057
431759429, 433245258, 1485829
433372229, 434760800, 1388571
434882857, 436334057, 1451200
436461600, 437775429, 1313829
437896914, 439358515, 1461601
439486515, 440786400, 1299885
440908457, 442357372, 1448915
442485029, 443778857, 1293828
443908114, 445374743, 1466629
445501943, 446801600, 1299657
446925257, 448379886, 1454629
448507314, 449803086, 1295772
449926171, 451381600, 1455429
451509486, 452805943, 1296457
452928914, 454397486, 1468572
454525143, 455823886, 1298743
455947314, 457409143, 1461829
457537143, 458829829, 1292686
458952000, 460405829, 1453829
460534286, 461828571, 1294285
461951543, 463405029, 1453486
463533029, 464826400, 1293371
464949371, 466406743, 1457372
466534172, 467818057, 1283885
467939771, 469407315, 1467544
469534629, 470834286, 1299657
470958057, 472414400, 1456343
472542400, 473824686, 1282286
473946857, 475413029, 1466172
475540457, 476819771, 1279314
476942171, 478395772, 1453601
478522857, 479809829, 1286972
479931657, 481398057, 1466400
481526057, 482821600, 1295543
482944800, 484409486, 1464686
484537486, 485824229, 1286743
485946857, 487419086, 1472229
487547314, 488842400, 1295086
488966514, 490448457, 1481943
490575429, 491851886, 1276457
491975429, 493440000, 1464571
493568914, 494861257, 1292343
494983314, 496441600, 1458286
496568343, 497892571, 1324228
498014514, 498897029, 882515
499013943, 500867886, 1853943
500988571, 502500800, 1512229
502627543, 503898857, 1271314
504185143, 505521029, 1335886
505648229, 506931886, 1283657
507208343, 508528000, 1319657
508653600, 509928571, 1274971
510201715, 511523657, 1321942
511650743, 512928800, 1278057
513205372, 514524457, 1319085
514651772, 515928457, 1276685
516207772, 517541372, 1333600
517667429, 518939657, 1272228
519209829, 520819314, 1609485
520943771, 522426286, 1482515
522554400, 523858057, 1303657
523979771, 525431086, 1451315
525557714, 526829486, 1271772
526951657, 528430286, 1478629
528557600, 529905029, 1347429
530178172, 531501943, 1323771
531627886, 532911200, 1283314
533192915, 534520000, 1327085
534646514, 535932343, 1285829
536206058, 537530972, 1324914
537657943, 538943200, 1285257
539221258, 540539772, 1318514
540665372, 541938629, 1273257
